waypoints
x, y
909.48, 1128.67
909.48, 1128.67
909.48, 1128.67
909.48, 1128.67
909.48, 1128.67
909.481, 1128.67
909.481, 1128.67
909.482, 1128.67
909.483, 1128.67
909.483, 1128.67
909.485, 1128.67
909.486, 1128.67
909.487, 1128.67
909.489, 1128.67
909.49, 1128.67
909.492, 1128.67
909.494, 1128.67
909.496, 1128.67
909.499, 1128.67
909.501, 1128.67
909.503, 1128.67
909.506, 1128.67
909.509, 1128.67
909.511, 1128.67
909.514, 1128.67
909.517, 1128.67
909.52, 1128.67
909.523, 1128.67
909.526, 1128.67
909.529, 1128.67
909.532, 1128.67
909.535, 1128.67
909.538, 1128.67
909.541, 1128.67
909.544, 1128.67
909.547, 1128.67
909.55, 1128.67
909.553, 1128.67
909.555, 1128.67
909.558, 1128.67
909.56, 1128.67
909.563, 1128.67
909.565, 1128.67
909.567, 1128.67
909.57, 1128.67
909.572, 1128.67
909.574, 1128.67
909.576, 1128.67
909.578, 1128.67

waypoints
x, y
909.48, 1128.67
909.481, 1128.67
909.481, 1128.67
909.482, 1128.67
909.483, 1128.67
909.484, 1128.67
909.485, 1128.67
909.486, 1128.67
909.487, 1128.67
909.489, 1128.67
909.49, 1128.67
909.492, 1128.67
909.494, 1128.67
909.496, 1128.67
909.499, 1128.67
909.501, 1128.67
909.503, 1128.67
909.506, 1128.67
909.509, 1128.67
909.511, 1128.67
909.514, 1128.67
909.517, 1128.67
909.52, 1128.67
909.523, 1128.67
909.526, 1128.67
909.529, 1128.67
909.532, 1128.67
909.535, 1128.67
909.538, 1128.67
909.541, 1128.67
909.544, 1128.67
909.547, 1128.67
909.55, 1128.67
909.553, 1128.67
909.555, 1128.67
909.558, 1128.67
909.56, 1128.67
909.563, 1128.67
909.565, 1128.67
909.567, 1128.67
909.57, 1128.67
909.572, 1128.67
909.574, 1128.67
909.576, 1128.67
909.578, 1128.67
909.578, 1128.67
909.579, 1128.67
909.579, 1128.67
909.579, 1128.67
909.58, 1128.67
909.581, 1128.67
909.582, 1128.67
909.584, 1128.67
909.585, 1128.67
909.587, 1128.67
909.589, 1128.67
909.592, 1128.67
909.595, 1128.67
909.598, 1128.67
909.601, 1128.67
909.605, 1128.67
909.609, 1128.67
909.613, 1128.67
909.618, 1128.67
909.622, 1128.67
909.627, 1128.67
909.632, 1128.67
909.638, 1128.67
909.643, 1128.67
909.649, 1128.67
909.654, 1128.67
909.66, 1128.67
909.666, 1128.67
909.672, 1128.67
909.678, 1128.67
909.684, 1128.67
909.69, 1128.67
909.696, 1128.67
909.701, 1128.67
909.707, 1128.67
909.713, 1128.67
909.718, 1128.67
909.724, 1128.67
909.729, 1128.67
909.734, 1128.67
909.739, 1128.67
909.744, 1128.67
909.749, 1128.67
909.753, 1128.67
909.758, 1128.67
909.762, 1128.67
909.766, 1128.67
909.77, 1128.67
909.774, 1128.67

waypoints
x, y
909.481, 1128.67
909.482, 1128.67
909.483, 1128.67
909.484, 1128.67
909.485, 1128.67
909.486, 1128.67
909.487, 1128.67
909.489, 1128.67
909.49, 1128.67
909.492, 1128.67
909.494, 1128.67
909.496, 1128.67
909.499, 1128.67
909.501, 1128.67
909.503, 1128.67
909.506, 1128.67
909.509, 1128.67
909.511, 1128.67
909.514, 1128.67
909.517, 1128.67
909.52, 1128.67
909.523, 1128.67
909.526, 1128.67
909.529, 1128.67
909.532, 1128.67
909.535, 1128.67
909.538, 1128.67
909.541, 1128.67
909.544, 1128.67
909.547, 1128.67
909.55, 1128.67
909.553, 1128.67
909.555, 1128.67
909.558, 1128.67
909.56, 1128.67
909.563, 1128.67
909.565, 1128.67
909.567, 1128.67
909.57, 1128.67
909.572, 1128.67
909.574, 1128.67
909.576, 1128.67
909.578, 1128.67
909.578, 1128.67
909.579, 1128.67
909.579, 1128.67
909.58, 1128.67
909.58, 1128.67
909.581, 1128.67
909.582, 1128.67
909.584, 1128.67
909.585, 1128.67
909.587, 1128.67
909.589, 1128.67
909.592, 1128.67
909.595, 1128.67
909.598, 1128.67
909.601, 1128.67
909.605, 1128.67
909.609, 1128.67
909.613, 1128.67
909.618, 1128.67
909.622, 1128.67
909.627, 1128.67
909.632, 1128.67
909.638, 1128.67
909.643, 1128.67
909.649, 1128.67
909.654, 1128.67
909.66, 1128.67
909.666, 1128.67
909.672, 1128.67
909.678, 1128.67
909.684, 1128.67
909.69, 1128.67
909.696, 1128.67
909.701, 1128.67
909.707, 1128.67
909.713, 1128.67
909.718, 1128.67
909.724, 1128.67
909.729, 1128.67
909.734, 1128.67
909.739, 1128.67
909.744, 1128.67
909.749, 1128.67
909.753, 1128.67
909.758, 1128.67
909.762, 1128.67
909.766, 1128.67
909.77, 1128.67
909.774, 1128.67

waypoints
x, y
909.485, 1128.67
909.486, 1128.67
909.487, 1128.67
909.489, 1128.67
909.49, 1128.67
909.492, 1128.67
909.494, 1128.67
909.496, 1128.67
909.499, 1128.67
909.501, 1128.67
909.503, 1128.67
909.506, 1128.67
909.509, 1128.67
909.511, 1128.67
909.514, 1128.67
909.517, 1128.67
909.52, 1128.67
909.523, 1128.67
909.526, 1128.67
909.529, 1128.67
909.532, 1128.67
909.535, 1128.67
909.538, 1128.67
909.541, 1128.67
909.544, 1128.67
909.547, 1128.67
909.55, 1128.67
909.553, 1128.67
909.555, 1128.67
909.558, 1128.67
909.56, 1128.67
909.563, 1128.67
909.565, 1128.67
909.567, 1128.67
909.57, 1128.67
909.572, 1128.67
909.574, 1128.67
909.576, 1128.67
909.578, 1128.67
909.578, 1128.67
909.579, 1128.67
909.579, 1128.67
909.58, 1128.67
909.58, 1128.67
909.581, 1128.67
909.582, 1128.67
909.584, 1128.67
909.585, 1128.67
909.587, 1128.67
909.589, 1128.67
909.592, 1128.67
909.595, 1128.67
909.598, 1128.67
909.601, 1128.67
909.605, 1128.67
909.609, 1128.67
909.613, 1128.67
909.618, 1128.67
909.622, 1128.67
909.627, 1128.67
909.632, 1128.67
909.638, 1128.67
909.643, 1128.67
909.649, 1128.67
909.654, 1128.67
909.66, 1128.67
909.666, 1128.67
909.672, 1128.67
909.678, 1128.67
909.684, 1128.67
909.69, 1128.67
909.696, 1128.67
909.701, 1128.67
909.707, 1128.67
909.713, 1128.67
909.718, 1128.67
909.724, 1128.67
909.729, 1128.67
909.734, 1128.67
909.739, 1128.67
909.744, 1128.67
909.749, 1128.67
909.753, 1128.67
909.758, 1128.67
909.762, 1128.67
909.766, 1128.67
909.77, 1128.67
909.774, 1128.67

waypoints
x, y
909.523, 1128.67
909.526, 1128.67
909.529, 1128.67
909.532, 1128.67
909.535, 1128.67
909.538, 1128.67
909.541, 1128.67
909.544, 1128.67
909.547, 1128.67
909.55, 1128.67
909.553, 1128.67
909.555, 1128.67
909.558, 1128.67
909.56, 1128.67
909.563, 1128.67
909.565, 1128.67
909.567, 1128.67
909.57, 1128.67
909.572, 1128.67
909.574, 1128.67
909.576, 1128.67
909.578, 1128.67
909.578, 1128.67
909.579, 1128.67
909.579, 1128.67
909.58, 1128.67
909.58, 1128.67
909.581, 1128.67
909.582, 1128.67
909.584, 1128.67
909.585, 1128.67
909.587, 1128.67
909.589, 1128.67
909.592, 1128.67
909.595, 1128.67
909.598, 1128.67
909.601, 1128.67
909.605, 1128.67
909.609, 1128.67
909.613, 1128.67
909.618, 1128.67
909.622, 1128.67
909.627, 1128.67
909.632, 1128.67
909.638, 1128.67
909.643, 1128.67
909.649, 1128.67
909.654, 1128.67
909.66, 1128.67
909.666, 1128.67
909.672, 1128.67
909.678, 1128.67
909.684, 1128.67
909.69, 1128.67
909.696, 1128.67
909.701, 1128.67
909.707, 1128.67
909.713, 1128.67
909.718, 1128.67
909.724, 1128.67
909.729, 1128.67
909.734, 1128.67
909.739, 1128.67
909.744, 1128.67
909.749, 1128.67
909.753, 1128.67
909.758, 1128.67
909.762, 1128.67
909.766, 1128.67
909.77, 1128.67
909.774, 1128.67

waypoints
x, y
909.535, 1128.67
909.538, 1128.67
909.541, 1128.67
909.544, 1128.67
909.547, 1128.67
909.55, 1128.67
909.553, 1128.67
909.555, 1128.67
909.558, 1128.67
909.56, 1128.67
909.563, 1128.67
909.565, 1128.67
909.567, 1128.67
909.57, 1128.67
909.572, 1128.67
909.574, 1128.67
909.576, 1128.67
909.578, 1128.67
909.578, 1128.67
909.579, 1128.67
909.579, 1128.67
909.58, 1128.67
909.58, 1128.67
909.581, 1128.67
909.582, 1128.67
909.584, 1128.67
909.585, 1128.67
909.587, 1128.67
909.589, 1128.67
909.592, 1128.67
909.595, 1128.67
909.598, 1128.67
909.601, 1128.67
909.605, 1128.67
909.609, 1128.67
909.613, 1128.67
909.618, 1128.67
909.622, 1128.67
909.627, 1128.67
909.632, 1128.67
909.638, 1128.67
909.643, 1128.67
909.649, 1128.67
909.654, 1128.67
909.66, 1128.67
909.666, 1128.67
909.672, 1128.67
909.678, 1128.67
909.684, 1128.67
909.69, 1128.67
909.696, 1128.67
909.701, 1128.67
909.707, 1128.67
909.713, 1128.67
909.718, 1128.67
909.724, 1128.67
909.729, 1128.67
909.734, 1128.67
909.739, 1128.67
909.744, 1128.67
909.749, 1128.67
909.753, 1128.67
909.758, 1128.67
909.762, 1128.67
909.766, 1128.67
909.77, 1128.67
909.774, 1128.67

waypoints
x, y
909.547, 1128.67
909.55, 1128.67
909.553, 1128.67
909.555, 1128.67
909.558, 1128.67
909.56, 1128.67
909.563, 1128.67
909.565, 1128.67
909.567, 1128.67
909.57, 1128.67
909.572, 1128.67
909.574, 1128.67
909.576, 1128.67
909.578, 1128.67
909.578, 1128.67
909.579, 1128.67
909.579, 1128.67
909.58, 1128.67
909.58, 1128.67
909.581, 1128.67
909.582, 1128.67
909.584, 1128.67
909.585, 1128.67
909.587, 1128.67
909.589, 1128.67
909.592, 1128.67
909.595, 1128.67
909.598, 1128.67
909.601, 1128.67
909.605, 1128.67
909.609, 1128.67
909.613, 1128.67
909.618, 1128.67
909.622, 1128.67
909.627, 1128.67
909.632, 1128.67
909.638, 1128.67
909.643, 1128.67
909.649, 1128.67
909.654, 1128.67
909.66, 1128.67
909.666, 1128.67
909.672, 1128.67
909.678, 1128.67
909.684, 1128.67
909.69, 1128.67
909.696, 1128.67
909.701, 1128.67
909.707, 1128.67
909.713, 1128.67
909.718, 1128.67
909.724, 1128.67
909.729, 1128.67
909.734, 1128.67
909.739, 1128.67
909.744, 1128.67
909.749, 1128.67
909.753, 1128.67
909.758, 1128.67
909.762, 1128.67
909.766, 1128.67
909.77, 1128.67
909.774, 1128.67

waypoints
x, y
909.558, 1128.67
909.56, 1128.67
909.563, 1128.67
909.565, 1128.67
909.567, 1128.67
909.57, 1128.67
909.572, 1128.67
909.574, 1128.67
909.576, 1128.67
909.578, 1128.67
909.578, 1128.67
909.579, 1128.67
909.579, 1128.67
909.58, 1128.67
909.58, 1128.67
909.581, 1128.67
909.582, 1128.67
909.584, 1128.67
909.585, 1128.67
909.587, 1128.67
909.589, 1128.67
909.592, 1128.67
909.595, 1128.67
909.598, 1128.67
909.601, 1128.67
909.605, 1128.67
909.609, 1128.67
909.613, 1128.67
909.618, 1128.67
909.622, 1128.67
909.627, 1128.67
909.632, 1128.67
909.638, 1128.67
909.643, 1128.67
909.649, 1128.67
909.654, 1128.67
909.66, 1128.67
909.666, 1128.67
909.672, 1128.67
909.678, 1128.67
909.684, 1128.67
909.69, 1128.67
909.696, 1128.67
909.701, 1128.67
909.707, 1128.67
909.713, 1128.67
909.718, 1128.67
909.724, 1128.67
909.729, 1128.67
909.734, 1128.67
909.739, 1128.67
909.744, 1128.67
909.749, 1128.67
909.753, 1128.67
909.758, 1128.67
909.762, 1128.67
909.766, 1128.67
909.77, 1128.67
909.774, 1128.67

waypoints
x, y
909.567, 1128.67
909.57, 1128.67
909.572, 1128.67
909.574, 1128.67
909.576, 1128.67
909.578, 1128.67
909.578, 1128.67
909.579, 1128.67
909.579, 1128.67
909.58, 1128.67
909.58, 1128.67
909.581, 1128.67
909.582, 1128.67
909.584, 1128.67
909.585, 1128.67
909.587, 1128.67
909.589, 1128.67
909.592, 1128.67
909.595, 1128.67
909.598, 1128.67
909.601, 1128.67
909.605, 1128.67
909.609, 1128.67
909.613, 1128.67
909.618, 1128.67
909.622, 1128.67
909.627, 1128.67
909.632, 1128.67
909.638, 1128.67
909.643, 1128.67
909.649, 1128.67
909.654, 1128.67
909.66, 1128.67
909.666, 1128.67
909.672, 1128.67
909.678, 1128.67
909.684, 1128.67
909.69, 1128.67
909.696, 1128.67
909.701, 1128.67
909.707, 1128.67
909.713, 1128.67
909.718, 1128.67
909.724, 1128.67
909.729, 1128.67
909.734, 1128.67
909.739, 1128.67
909.744, 1128.67
909.749, 1128.67
909.753, 1128.67
909.758, 1128.67
909.762, 1128.67
909.766, 1128.67
909.77, 1128.67
909.774, 1128.67

waypoints
x, y
909.576, 1128.67
909.578, 1128.67
909.578, 1128.67
909.579, 1128.67
909.579, 1128.67
909.58, 1128.67
909.58, 1128.67
909.581, 1128.67
909.582, 1128.67
909.584, 1128.67
909.585, 1128.67
909.587, 1128.67
909.589, 1128.67
909.592, 1128.67
909.595, 1128.67
909.598, 1128.67
909.601, 1128.67
909.605, 1128.67
909.609, 1128.67
909.613, 1128.67
909.618, 1128.67
909.622, 1128.67
909.627, 1128.67
909.632, 1128.67
909.638, 1128.67
909.643, 1128.67
909.649, 1128.67
909.654, 1128.67
909.66, 1128.67
909.666, 1128.67
909.672, 1128.67
909.678, 1128.67
909.684, 1128.67
909.69, 1128.67
909.696, 1128.67
909.701, 1128.67
909.707, 1128.67
909.713, 1128.67
909.718, 1128.67
909.724, 1128.67
909.729, 1128.67
909.734, 1128.67
909.739, 1128.67
909.744, 1128.67
909.749, 1128.67
909.753, 1128.67
909.758, 1128.67
909.762, 1128.67
909.766, 1128.67
909.77, 1128.67
909.774, 1128.67

waypoints
x, y
909.579, 1128.67
909.58, 1128.67
909.58, 1128.67
909.581, 1128.67
909.582, 1128.67
909.584, 1128.67
909.585, 1128.67
909.587, 1128.67
909.589, 1128.67
909.592, 1128.67
909.595, 1128.67
909.598, 1128.67
909.601, 1128.67
909.605, 1128.67
909.609, 1128.67
909.613, 1128.67
909.618, 1128.67
909.622, 1128.67
909.627, 1128.67
909.632, 1128.67
909.638, 1128.67
909.643, 1128.67
909.649, 1128.67
909.654, 1128.67
909.66, 1128.67
909.666, 1128.67
909.672, 1128.67
909.678, 1128.67
909.684, 1128.67
909.69, 1128.67
909.696, 1128.67
909.701, 1128.67
909.707, 1128.67
909.713, 1128.67
909.718, 1128.67
909.724, 1128.67
909.729, 1128.67
909.734, 1128.67
909.739, 1128.67
909.744, 1128.67
909.749, 1128.67
909.753, 1128.67
909.758, 1128.67
909.762, 1128.67
909.766, 1128.67
909.77, 1128.67
909.774, 1128.67
909.775, 1128.67
909.775, 1128.67
909.777, 1128.67
909.779, 1128.67
909.782, 1128.67
909.786, 1128.67
909.792, 1128.67
909.799, 1128.67
909.807, 1128.67
909.817, 1128.67
909.829, 1128.67
909.843, 1128.67
909.858, 1128.67
909.875, 1128.67
909.893, 1128.67
909.914, 1128.67
909.935, 1128.67
909.959, 1128.67
909.983, 1128.67
910.009, 1128.68
910.037, 1128.68
910.065, 1128.68
910.095, 1128.68
910.125, 1128.68
910.156, 1128.68
910.188, 1128.68
910.22, 1128.68
910.253, 1128.68
910.286, 1128.68
910.319, 1128.68
910.352, 1128.68
910.385, 1128.68
910.418, 1128.68
910.45, 1128.68
910.482, 1128.68
910.513, 1128.68
910.544, 1128.68
910.574, 1128.68
910.603, 1128.68
910.632, 1128.68
910.659, 1128.68
910.686, 1128.68
910.712, 1128.68
910.737, 1128.68
910.762, 1128.68
910.785, 1128.68
910.809, 1128.68
910.831, 1128.68
910.853, 1128.68

waypoints
x, y
909.581, 1128.67
909.582, 1128.67
909.584, 1128.67
909.585, 1128.67
909.587, 1128.67
909.589, 1128.67
909.592, 1128.67
909.595, 1128.67
909.598, 1128.67
909.601, 1128.67
909.605, 1128.67
909.609, 1128.67
909.613, 1128.67
909.618, 1128.67
909.622, 1128.67
909.627, 1128.67
909.632, 1128.67
909.638, 1128.67
909.643, 1128.67
909.649, 1128.67
909.654, 1128.67
909.66, 1128.67
909.666, 1128.67
909.672, 1128.67
909.678, 1128.67
909.684, 1128.67
909.69, 1128.67
909.696, 1128.67
909.701, 1128.67
909.707, 1128.67
909.713, 1128.67
909.718, 1128.67
909.724, 1128.67
909.729, 1128.67
909.734, 1128.67
909.739, 1128.67
909.744, 1128.67
909.749, 1128.67
909.753, 1128.67
909.758, 1128.67
909.762, 1128.67
909.766, 1128.67
909.77, 1128.67
909.774, 1128.67
909.774, 1128.67
909.775, 1128.67
909.777, 1128.67
909.779, 1128.67
909.782, 1128.67
909.786, 1128.67
909.792, 1128.67
909.799, 1128.67
909.807, 1128.67
909.817, 1128.67
909.829, 1128.67
909.843, 1128.67
909.858, 1128.67
909.875, 1128.67
909.893, 1128.67
909.913, 1128.67
909.935, 1128.67
909.959, 1128.67
909.983, 1128.67
910.009, 1128.67
910.037, 1128.67
910.065, 1128.68
910.095, 1128.68
910.125, 1128.68
910.156, 1128.68
910.188, 1128.68
910.22, 1128.68
910.253, 1128.68
910.286, 1128.68
910.319, 1128.68
910.352, 1128.68
910.385, 1128.68
910.418, 1128.68
910.45, 1128.68
910.482, 1128.68
910.513, 1128.68
910.544, 1128.68
910.574, 1128.68
910.603, 1128.68
910.632, 1128.68
910.659, 1128.68
910.686, 1128.68
910.712, 1128.68
910.737, 1128.68
910.762, 1128.68
910.785, 1128.68
910.809, 1128.68
910.831, 1128.68
910.854, 1128.68

waypoints
x, y
909.587, 1128.67
909.589, 1128.67
909.592, 1128.67
909.595, 1128.67
909.598, 1128.67
909.601, 1128.67
909.605, 1128.67
909.609, 1128.67
909.613, 1128.67
909.618, 1128.67
909.622, 1128.67
909.627, 1128.67
909.632, 1128.67
909.638, 1128.67
909.643, 1128.67
909.649, 1128.67
909.654, 1128.67
909.66, 1128.67
909.666, 1128.67
909.672, 1128.67
909.678, 1128.67
909.684, 1128.67
909.69, 1128.67
909.696, 1128.67
909.701, 1128.67
909.707, 1128.67
909.713, 1128.67
909.718, 1128.67
909.724, 1128.67
909.729, 1128.67
909.734, 1128.67
909.739, 1128.67
909.744, 1128.67
909.749, 1128.67
909.753, 1128.67
909.758, 1128.67
909.762, 1128.67
909.766, 1128.67
909.77, 1128.67
909.774, 1128.67
909.774, 1128.67
909.775, 1128.67
909.777, 1128.67
909.779, 1128.67
909.782, 1128.67
909.786, 1128.67
909.792, 1128.67
909.799, 1128.67
909.807, 1128.67
909.817, 1128.67
909.829, 1128.67
909.843, 1128.67
909.858, 1128.67
909.875, 1128.67
909.893, 1128.67
909.913, 1128.67
909.935, 1128.67
909.959, 1128.67
909.983, 1128.67
910.009, 1128.67
910.037, 1128.67
910.065, 1128.68
910.095, 1128.68
910.125, 1128.68
910.156, 1128.68
910.188, 1128.68
910.22, 1128.68
910.253, 1128.68
910.286, 1128.68
910.319, 1128.68
910.352, 1128.68
910.385, 1128.68
910.418, 1128.68
910.45, 1128.68
910.482, 1128.68
910.513, 1128.68
910.544, 1128.68
910.574, 1128.68
910.603, 1128.68
910.632, 1128.68
910.659, 1128.68
910.686, 1128.68
910.712, 1128.68
910.737, 1128.68
910.762, 1128.68
910.785, 1128.68
910.809, 1128.68
910.831, 1128.68
910.854, 1128.68

waypoints
x, y
909.598, 1128.67
909.601, 1128.67
909.605, 1128.67
909.609, 1128.67
909.613, 1128.67
909.618, 1128.67
909.622, 1128.67
909.627, 1128.67
909.632, 1128.67
909.638, 1128.67
909.643, 1128.67
909.649, 1128.67
909.654, 1128.67
909.66, 1128.67
909.666, 1128.67
909.672, 1128.67
909.678, 1128.67
909.684, 1128.67
909.69, 1128.67
909.696, 1128.67
909.701, 1128.67
909.707, 1128.67
909.713, 1128.67
909.718, 1128.67
909.724, 1128.67
909.729, 1128.67
909.734, 1128.67
909.739, 1128.67
909.744, 1128.67
909.749, 1128.67
909.753, 1128.67
909.758, 1128.67
909.762, 1128.67
909.766, 1128.67
909.77, 1128.67
909.774, 1128.67
909.774, 1128.67
909.775, 1128.67
909.777, 1128.67
909.779, 1128.67
909.782, 1128.67
909.786, 1128.67
909.792, 1128.67
909.799, 1128.67
909.807, 1128.67
909.817, 1128.67
909.829, 1128.67
909.843, 1128.67
909.858, 1128.67
909.875, 1128.67
909.893, 1128.67
909.913, 1128.67
909.935, 1128.67
909.959, 1128.67
909.983, 1128.67
910.009, 1128.67
910.037, 1128.67
910.065, 1128.68
910.095, 1128.68
910.125, 1128.68
910.156, 1128.68
910.188, 1128.68
910.22, 1128.68
910.253, 1128.68
910.286, 1128.68
910.319, 1128.68
910.352, 1128.68
910.385, 1128.68
910.418, 1128.68
910.45, 1128.68
910.482, 1128.68
910.513, 1128.68
910.544, 1128.68
910.574, 1128.68
910.603, 1128.68
910.632, 1128.68
910.659, 1128.68
910.686, 1128.68
910.712, 1128.68
910.737, 1128.68
910.762, 1128.68
910.785, 1128.68
910.809, 1128.68
910.831, 1128.68
910.854, 1128.68

waypoints
x, y
909.613, 1128.67
909.618, 1128.67
909.622, 1128.67
909.627, 1128.67
909.632, 1128.67
909.638, 1128.67
909.643, 1128.67
909.649, 1128.67
909.654, 1128.67
909.66, 1128.67
909.666, 1128.67
909.672, 1128.67
909.678, 1128.67
909.684, 1128.67
909.69, 1128.67
909.696, 1128.67
909.701, 1128.67
909.707, 1128.67
909.713, 1128.67
909.718, 1128.67
909.724, 1128.67
909.729, 1128.67
909.734, 1128.67
909.739, 1128.67
909.744, 1128.67
909.749, 1128.67
909.753, 1128.67
909.758, 1128.67
909.762, 1128.67
909.766, 1128.67
909.77, 1128.67
909.774, 1128.67
909.774, 1128.67
909.775, 1128.67
909.777, 1128.67
909.779, 1128.67
909.782, 1128.67
909.786, 1128.67
909.792, 1128.67
909.799, 1128.67
909.807, 1128.67
909.817, 1128.67
909.829, 1128.67
909.843, 1128.67
909.858, 1128.67
909.875, 1128.67
909.893, 1128.67
909.913, 1128.67
909.935, 1128.67
909.959, 1128.67
909.983, 1128.67
910.009, 1128.67
910.037, 1128.67
910.065, 1128.68
910.095, 1128.68
910.125, 1128.68
910.156, 1128.68
910.188, 1128.68
910.22, 1128.68
910.253, 1128.68
910.286, 1128.68
910.319, 1128.68
910.352, 1128.68
910.385, 1128.68
910.418, 1128.68
910.45, 1128.68
910.482, 1128.68
910.513, 1128.68
910.544, 1128.68
910.574, 1128.68
910.603, 1128.68
910.632, 1128.68
910.659, 1128.68
910.686, 1128.68
910.712, 1128.68
910.737, 1128.68
910.762, 1128.68
910.785, 1128.68
910.809, 1128.68
910.831, 1128.68
910.854, 1128.68

waypoints
x, y
909.632, 1128.67
909.638, 1128.67
909.643, 1128.67
909.649, 1128.67
909.654, 1128.67
909.66, 1128.67
909.666, 1128.67
909.672, 1128.67
909.678, 1128.67
909.684, 1128.67
909.69, 1128.67
909.696, 1128.67
909.701, 1128.67
909.707, 1128.67
909.713, 1128.67
909.718, 1128.67
909.724, 1128.67
909.729, 1128.67
909.734, 1128.67
909.739, 1128.67
909.744, 1128.67
909.749, 1128.67
909.753, 1128.67
909.758, 1128.67
909.762, 1128.67
909.766, 1128.67
909.77, 1128.67
909.774, 1128.67
909.774, 1128.67
909.775, 1128.67
909.777, 1128.67
909.779, 1128.67
909.782, 1128.67
909.786, 1128.67
909.792, 1128.67
909.799, 1128.67
909.807, 1128.67
909.817, 1128.67
909.829, 1128.67
909.843, 1128.67
909.858, 1128.67
909.875, 1128.67
909.893, 1128.67
909.913, 1128.67
909.935, 1128.67
909.959, 1128.67
909.983, 1128.67
910.009, 1128.67
910.037, 1128.67
910.065, 1128.68
910.095, 1128.68
910.125, 1128.68
910.156, 1128.68
910.188, 1128.68
910.22, 1128.68
910.253, 1128.68
910.286, 1128.68
910.319, 1128.68
910.352, 1128.68
910.385, 1128.68
910.418, 1128.68
910.45, 1128.68
910.482, 1128.68
910.513, 1128.68
910.544, 1128.68
910.574, 1128.68
910.603, 1128.68
910.632, 1128.68
910.659, 1128.68
910.686, 1128.68
910.712, 1128.68
910.737, 1128.68
910.762, 1128.68
910.785, 1128.68
910.809, 1128.68
910.831, 1128.68
910.854, 1128.68

waypoints
x, y
909.649, 1128.67
909.654, 1128.67
909.66, 1128.67
909.666, 1128.67
909.672, 1128.67
909.678, 1128.67
909.684, 1128.67
909.69, 1128.67
909.696, 1128.67
909.701, 1128.67
909.707, 1128.67
909.713, 1128.67
909.718, 1128.67
909.724, 1128.67
909.729, 1128.67
909.734, 1128.67
909.739, 1128.67
909.744, 1128.67
909.749, 1128.67
909.753, 1128.67
909.758, 1128.67
909.762, 1128.67
909.766, 1128.67
909.77, 1128.67
909.774, 1128.67
909.774, 1128.67
909.775, 1128.67
909.777, 1128.67
909.779, 1128.67
909.782, 1128.67
909.786, 1128.67
909.792, 1128.67
909.799, 1128.67
909.807, 1128.67
909.817, 1128.67
909.829, 1128.67
909.843, 1128.67
909.858, 1128.67
909.875, 1128.67
909.893, 1128.67
909.913, 1128.67
909.935, 1128.67
909.959, 1128.67
909.983, 1128.67
910.009, 1128.67
910.037, 1128.67
910.065, 1128.68
910.095, 1128.68
910.125, 1128.68
910.156, 1128.68
910.188, 1128.68
910.22, 1128.68
910.253, 1128.68
910.286, 1128.68
910.319, 1128.68
910.352, 1128.68
910.385, 1128.68
910.418, 1128.68
910.45, 1128.68
910.482, 1128.68
910.513, 1128.68
910.544, 1128.68
910.574, 1128.68
910.603, 1128.68
910.632, 1128.68
910.659, 1128.68
910.686, 1128.68
910.712, 1128.68
910.737, 1128.68
910.762, 1128.68
910.785, 1128.68
910.809, 1128.68
910.831, 1128.68
910.854, 1128.68

waypoints
x, y
909.672, 1128.67
909.678, 1128.67
909.684, 1128.67
909.69, 1128.67
909.696, 1128.67
909.701, 1128.67
909.707, 1128.67
909.713, 1128.67
909.718, 1128.67
909.724, 1128.67
909.729, 1128.67
909.734, 1128.67
909.739, 1128.67
909.744, 1128.67
909.749, 1128.67
909.753, 1128.67
909.758, 1128.67
909.762, 1128.67
909.766, 1128.67
909.77, 1128.67
909.774, 1128.67
909.774, 1128.67
909.775, 1128.67
909.777, 1128.67
909.779, 1128.67
909.782, 1128.67
909.786, 1128.67
909.792, 1128.67
909.799, 1128.67
909.807, 1128.67
909.817, 1128.67
909.829, 1128.67
909.843, 1128.67
909.858, 1128.67
909.875, 1128.67
909.893, 1128.67
909.913, 1128.67
909.935, 1128.67
909.959, 1128.67
909.983, 1128.67
910.009, 1128.67
910.037, 1128.67
910.065, 1128.68
910.095, 1128.68
910.125, 1128.68
910.156, 1128.68
910.188, 1128.68
910.22, 1128.68
910.253, 1128.68
910.286, 1128.68
910.319, 1128.68
910.352, 1128.68
910.385, 1128.68
910.418, 1128.68
910.45, 1128.68
910.482, 1128.68
910.513, 1128.68
910.544, 1128.68
910.574, 1128.68
910.603, 1128.68
910.632, 1128.68
910.659, 1128.68
910.686, 1128.68
910.712, 1128.68
910.737, 1128.68
910.762, 1128.68
910.785, 1128.68
910.809, 1128.68
910.831, 1128.68
910.854, 1128.68

waypoints
x, y
909.696, 1128.67
909.701, 1128.67
909.707, 1128.67
909.713, 1128.67
909.718, 1128.67
909.724, 1128.67
909.729, 1128.67
909.734, 1128.67
909.739, 1128.67
909.744, 1128.67
909.749, 1128.67
909.753, 1128.67
909.758, 1128.67
909.762, 1128.67
909.766, 1128.67
909.77, 1128.67
909.774, 1128.67
909.774, 1128.67
909.775, 1128.67
909.777, 1128.67
909.779, 1128.67
909.782, 1128.67
909.786, 1128.67
909.792, 1128.67
909.799, 1128.67
909.807, 1128.67
909.817, 1128.67
909.829, 1128.67
909.843, 1128.67
909.858, 1128.67
909.875, 1128.67
909.893, 1128.67
909.913, 1128.67
909.935, 1128.67
909.959, 1128.67
909.983, 1128.67
910.009, 1128.67
910.037, 1128.67
910.065, 1128.68
910.095, 1128.68
910.125, 1128.68
910.156, 1128.68
910.188, 1128.68
910.22, 1128.68
910.253, 1128.68
910.286, 1128.68
910.319, 1128.68
910.352, 1128.68
910.385, 1128.68
910.418, 1128.68
910.45, 1128.68
910.482, 1128.68
910.513, 1128.68
910.544, 1128.68
910.574, 1128.68
910.603, 1128.68
910.632, 1128.68
910.659, 1128.68
910.686, 1128.68
910.712, 1128.68
910.737, 1128.68
910.762, 1128.68
910.785, 1128.68
910.809, 1128.68
910.831, 1128.68
910.854, 1128.68

waypoints
x, y
909.713, 1128.67
909.718, 1128.67
909.724, 1128.67
909.729, 1128.67
909.734, 1128.67
909.739, 1128.67
909.744, 1128.67
909.749, 1128.67
909.753, 1128.67
909.758, 1128.67
909.762, 1128.67
909.766, 1128.67
909.77, 1128.67
909.774, 1128.67
909.774, 1128.67
909.775, 1128.67
909.777, 1128.67
909.779, 1128.67
909.782, 1128.67
909.786, 1128.67
909.792, 1128.67
909.799, 1128.67
909.807, 1128.67
909.817, 1128.67
909.829, 1128.67
909.843, 1128.67
909.858, 1128.67
909.875, 1128.67
909.893, 1128.67
909.913, 1128.67
909.935, 1128.67
909.959, 1128.67
909.983, 1128.67
910.009, 1128.67
910.037, 1128.67
910.065, 1128.68
910.095, 1128.68
910.125, 1128.68
910.156, 1128.68
910.188, 1128.68
910.22, 1128.68
910.253, 1128.68
910.286, 1128.68
910.319, 1128.68
910.352, 1128.68
910.385, 1128.68
910.418, 1128.68
910.45, 1128.68
910.482, 1128.68
910.513, 1128.68
910.544, 1128.68
910.574, 1128.68
910.603, 1128.68
910.632, 1128.68
910.659, 1128.68
910.686, 1128.68
910.712, 1128.68
910.737, 1128.68
910.762, 1128.68
910.785, 1128.68
910.809, 1128.68
910.831, 1128.68
910.854, 1128.68

waypoints
x, y
909.734, 1128.67
909.739, 1128.67
909.744, 1128.67
909.749, 1128.67
909.753, 1128.67
909.758, 1128.67
909.762, 1128.67
909.766, 1128.67
909.77, 1128.67
909.774, 1128.67
909.774, 1128.67
909.775, 1128.67
909.777, 1128.67
909.779, 1128.67
909.782, 1128.67
909.786, 1128.67
909.792, 1128.67
909.799, 1128.67
909.807, 1128.67
909.817, 1128.67
909.829, 1128.67
909.843, 1128.67
909.858, 1128.67
909.875, 1128.67
909.893, 1128.67
909.913, 1128.67
909.935, 1128.67
909.959, 1128.67
909.983, 1128.67
910.009, 1128.67
910.037, 1128.67
910.065, 1128.68
910.095, 1128.68
910.125, 1128.68
910.156, 1128.68
910.188, 1128.68
910.22, 1128.68
910.253, 1128.68
910.286, 1128.68
910.319, 1128.68
910.352, 1128.68
910.385, 1128.68
910.418, 1128.68
910.45, 1128.68
910.482, 1128.68
910.513, 1128.68
910.544, 1128.68
910.574, 1128.68
910.603, 1128.68
910.632, 1128.68
910.659, 1128.68
910.686, 1128.68
910.712, 1128.68
910.737, 1128.68
910.762, 1128.68
910.785, 1128.68
910.809, 1128.68
910.831, 1128.68
910.854, 1128.68

waypoints
x, y
909.749, 1128.67
909.753, 1128.67
909.758, 1128.67
909.762, 1128.67
909.766, 1128.67
909.77, 1128.67
909.774, 1128.67
909.774, 1128.67
909.775, 1128.67
909.777, 1128.67
909.779, 1128.67
909.782, 1128.67
909.786, 1128.67
909.792, 1128.67
909.799, 1128.67
909.807, 1128.67
909.817, 1128.67
909.829, 1128.67
909.843, 1128.67
909.858, 1128.67
909.875, 1128.67
909.893, 1128.67
909.913, 1128.67
909.935, 1128.67
909.959, 1128.67
909.983, 1128.67
910.009, 1128.67
910.037, 1128.67
910.065, 1128.68
910.095, 1128.68
910.125, 1128.68
910.156, 1128.68
910.188, 1128.68
910.22, 1128.68
910.253, 1128.68
910.286, 1128.68
910.319, 1128.68
910.352, 1128.68
910.385, 1128.68
910.418, 1128.68
910.45, 1128.68
910.482, 1128.68
910.513, 1128.68
910.544, 1128.68
910.574, 1128.68
910.603, 1128.68
910.632, 1128.68
910.659, 1128.68
910.686, 1128.68
910.712, 1128.68
910.737, 1128.68
910.762, 1128.68
910.785, 1128.68
910.809, 1128.68
910.831, 1128.68
910.854, 1128.68

waypoints
x, y
909.762, 1128.67
909.766, 1128.67
909.77, 1128.67
909.774, 1128.67
909.774, 1128.67
909.775, 1128.67
909.777, 1128.67
909.779, 1128.67
909.782, 1128.67
909.786, 1128.67
909.792, 1128.67
909.799, 1128.67
909.807, 1128.67
909.817, 1128.67
909.829, 1128.67
909.843, 1128.67
909.858, 1128.67
909.875, 1128.67
909.893, 1128.67
909.913, 1128.67
909.935, 1128.67
909.959, 1128.67
909.983, 1128.67
910.009, 1128.67
910.037, 1128.67
910.065, 1128.68
910.095, 1128.68
910.125, 1128.68
910.156, 1128.68
910.188, 1128.68
910.22, 1128.68
910.253, 1128.68
910.286, 1128.68
910.319, 1128.68
910.352, 1128.68
910.385, 1128.68
910.418, 1128.68
910.45, 1128.68
910.482, 1128.68
910.513, 1128.68
910.544, 1128.68
910.574, 1128.68
910.603, 1128.68
910.632, 1128.68
910.659, 1128.68
910.686, 1128.68
910.712, 1128.68
910.737, 1128.68
910.762, 1128.68
910.785, 1128.68
910.809, 1128.68
910.831, 1128.68
910.854, 1128.68

waypoints
x, y
909.774, 1128.67
909.774, 1128.67
909.775, 1128.67
909.777, 1128.67
909.779, 1128.67
909.782, 1128.67
909.786, 1128.67
909.792, 1128.67
909.799, 1128.67
909.807, 1128.67
909.817, 1128.67
909.829, 1128.67
909.843, 1128.67
909.858, 1128.67
909.875, 1128.67
909.893, 1128.67
909.913, 1128.67
909.935, 1128.67
909.959, 1128.67
909.983, 1128.67
910.009, 1128.67
910.037, 1128.67
910.065, 1128.68
910.095, 1128.68
910.125, 1128.68
910.156, 1128.68
910.188, 1128.68
910.22, 1128.68
910.253, 1128.68
910.286, 1128.68
910.319, 1128.68
910.352, 1128.68
910.385, 1128.68
910.418, 1128.68
910.45, 1128.68
910.482, 1128.68
910.513, 1128.68
910.544, 1128.68
910.574, 1128.68
910.603, 1128.68
910.632, 1128.68
910.659, 1128.68
910.686, 1128.68
910.712, 1128.68
910.737, 1128.68
910.762, 1128.68
910.785, 1128.68
910.809, 1128.68
910.831, 1128.68
910.854, 1128.68

waypoints
x, y
909.777, 1128.67
909.779, 1128.67
909.782, 1128.67
909.786, 1128.67
909.792, 1128.67
909.799, 1128.67
909.807, 1128.67
909.817, 1128.67
909.829, 1128.67
909.843, 1128.67
909.858, 1128.67
909.875, 1128.67
909.893, 1128.67
909.913, 1128.67
909.935, 1128.67
909.959, 1128.67
909.983, 1128.67
910.009, 1128.67
910.037, 1128.67
910.065, 1128.68
910.095, 1128.68
910.125, 1128.68
910.156, 1128.68
910.188, 1128.68
910.22, 1128.68
910.253, 1128.68
910.286, 1128.68
910.319, 1128.68
910.352, 1128.68
910.385, 1128.68
910.418, 1128.68
910.45, 1128.68
910.482, 1128.68
910.513, 1128.68
910.544, 1128.68
910.574, 1128.68
910.603, 1128.68
910.632, 1128.68
910.659, 1128.68
910.686, 1128.68
910.712, 1128.68
910.737, 1128.68
910.762, 1128.68
910.785, 1128.68
910.809, 1128.68
910.831, 1128.68
910.854, 1128.68
910.854, 1128.68
910.856, 1128.68
910.859, 1128.68
910.864, 1128.68
910.871, 1128.68
910.88, 1128.68
910.893, 1128.68
910.909, 1128.68
910.928, 1128.68
910.951, 1128.68
910.978, 1128.68
911.008, 1128.68
911.043, 1128.68
911.081, 1128.68
911.123, 1128.68
911.169, 1128.68
911.219, 1128.69
911.272, 1128.69
911.328, 1128.69
911.387, 1128.69
911.449, 1128.69
911.514, 1128.69
911.581, 1128.69
911.65, 1128.69
911.721, 1128.69
911.793, 1128.69
911.866, 1128.69
911.941, 1128.69
912.016, 1128.69
912.091, 1128.69
912.166, 1128.69
912.241, 1128.69
912.315, 1128.69
912.389, 1128.7
912.462, 1128.7
912.533, 1128.7
912.603, 1128.7
912.671, 1128.7
912.738, 1128.7
912.802, 1128.7
912.865, 1128.7
912.926, 1128.7
912.985, 1128.7
913.043, 1128.7
913.098, 1128.7
913.152, 1128.7
913.205, 1128.7
913.256, 1128.7
913.307, 1128.7

waypoints
x, y
909.792, 1128.67
909.799, 1128.67
909.807, 1128.67
909.817, 1128.67
909.829, 1128.67
909.843, 1128.67
909.858, 1128.67
909.875, 1128.67
909.893, 1128.67
909.913, 1128.67
909.935, 1128.67
909.959, 1128.67
909.983, 1128.67
910.009, 1128.67
910.037, 1128.67
910.065, 1128.68
910.095, 1128.68
910.125, 1128.68
910.156, 1128.68
910.188, 1128.68
910.22, 1128.68
910.253, 1128.68
910.286, 1128.68
910.319, 1128.68
910.352, 1128.68
910.385, 1128.68
910.418, 1128.68
910.45, 1128.68
910.482, 1128.68
910.513, 1128.68
910.544, 1128.68
910.574, 1128.68
910.603, 1128.68
910.632, 1128.68
910.659, 1128.68
910.686, 1128.68
910.712, 1128.68
910.737, 1128.68
910.762, 1128.68
910.785, 1128.68
910.809, 1128.68
910.831, 1128.68
910.854, 1128.68
910.854, 1128.68
910.856, 1128.68
910.859, 1128.68
910.864, 1128.68
910.87, 1128.68
910.88, 1128.68
910.893, 1128.68
910.909, 1128.68
910.928, 1128.68
910.951, 1128.68
910.978, 1128.68
911.008, 1128.68
911.043, 1128.68
911.081, 1128.68
911.123, 1128.68
911.169, 1128.68
911.219, 1128.68
911.272, 1128.69
911.328, 1128.69
911.387, 1128.69
911.449, 1128.69
911.514, 1128.69
911.581, 1128.69
911.65, 1128.69
911.721, 1128.69
911.793, 1128.69
911.866, 1128.69
911.941, 1128.69
912.016, 1128.69
912.091, 1128.69
912.166, 1128.69
912.241, 1128.69
912.315, 1128.69
912.389, 1128.69
912.462, 1128.7
912.533, 1128.7
912.603, 1128.7
912.671, 1128.7
912.738, 1128.7
912.803, 1128.7
912.865, 1128.7
912.926, 1128.7
912.985, 1128.7
913.043, 1128.7
913.098, 1128.7
913.152, 1128.7
913.205, 1128.7
913.256, 1128.7
913.307, 1128.7

waypoints
x, y
909.817, 1128.67
909.829, 1128.67
909.843, 1128.67
909.858, 1128.67
909.875, 1128.67
909.893, 1128.67
909.913, 1128.67
909.935, 1128.67
909.959, 1128.67
909.983, 1128.67
910.009, 1128.67
910.037, 1128.67
910.065, 1128.68
910.095, 1128.68
910.125, 1128.68
910.156, 1128.68
910.188, 1128.68
910.22, 1128.68
910.253, 1128.68
910.286, 1128.68
910.319, 1128.68
910.352, 1128.68
910.385, 1128.68
910.418, 1128.68
910.45, 1128.68
910.482, 1128.68
910.513, 1128.68
910.544, 1128.68
910.574, 1128.68
910.603, 1128.68
910.632, 1128.68
910.659, 1128.68
910.686, 1128.68
910.712, 1128.68
910.737, 1128.68
910.762, 1128.68
910.785, 1128.68
910.809, 1128.68
910.831, 1128.68
910.854, 1128.68
910.854, 1128.68
910.856, 1128.68
910.859, 1128.68
910.864, 1128.68
910.87, 1128.68
910.88, 1128.68
910.893, 1128.68
910.909, 1128.68
910.928, 1128.68
910.951, 1128.68
910.978, 1128.68
911.008, 1128.68
911.043, 1128.68
911.081, 1128.68
911.123, 1128.68
911.169, 1128.68
911.219, 1128.68
911.272, 1128.69
911.328, 1128.69
911.387, 1128.69
911.449, 1128.69
911.514, 1128.69
911.581, 1128.69
911.65, 1128.69
911.721, 1128.69
911.793, 1128.69
911.866, 1128.69
911.941, 1128.69
912.016, 1128.69
912.091, 1128.69
912.166, 1128.69
912.241, 1128.69
912.315, 1128.69
912.389, 1128.69
912.462, 1128.7
912.533, 1128.7
912.603, 1128.7
912.671, 1128.7
912.738, 1128.7
912.803, 1128.7
912.865, 1128.7
912.926, 1128.7
912.985, 1128.7
913.043, 1128.7
913.098, 1128.7
913.152, 1128.7
913.205, 1128.7
913.256, 1128.7
913.307, 1128.7

waypoints
x, y
909.858, 1128.67
909.875, 1128.67
909.893, 1128.67
909.913, 1128.67
909.935, 1128.67
909.959, 1128.67
909.983, 1128.67
910.009, 1128.67
910.037, 1128.67
910.065, 1128.68
910.095, 1128.68
910.125, 1128.68
910.156, 1128.68
910.188, 1128.68
910.22, 1128.68
910.253, 1128.68
910.286, 1128.68
910.319, 1128.68
910.352, 1128.68
910.385, 1128.68
910.418, 1128.68
910.45, 1128.68
910.482, 1128.68
910.513, 1128.68
910.544, 1128.68
910.574, 1128.68
910.603, 1128.68
910.632, 1128.68
910.659, 1128.68
910.686, 1128.68
910.712, 1128.68
910.737, 1128.68
910.762, 1128.68
910.785, 1128.68
910.809, 1128.68
910.831, 1128.68
910.854, 1128.68
910.854, 1128.68
910.856, 1128.68
910.859, 1128.68
910.864, 1128.68
910.87, 1128.68
910.88, 1128.68
910.893, 1128.68
910.909, 1128.68
910.928, 1128.68
910.951, 1128.68
910.978, 1128.68
911.008, 1128.68
911.043, 1128.68
911.081, 1128.68
911.123, 1128.68
911.169, 1128.68
911.219, 1128.68
911.272, 1128.69
911.328, 1128.69
911.387, 1128.69
911.449, 1128.69
911.514, 1128.69
911.581, 1128.69
911.65, 1128.69
911.721, 1128.69
911.793, 1128.69
911.866, 1128.69
911.941, 1128.69
912.016, 1128.69
912.091, 1128.69
912.166, 1128.69
912.241, 1128.69
912.315, 1128.69
912.389, 1128.69
912.462, 1128.7
912.533, 1128.7
912.603, 1128.7
912.671, 1128.7
912.738, 1128.7
912.803, 1128.7
912.865, 1128.7
912.926, 1128.7
912.985, 1128.7
913.043, 1128.7
913.098, 1128.7
913.152, 1128.7
913.205, 1128.7
913.256, 1128.7
913.307, 1128.7

waypoints
x, y
909.935, 1128.67
909.959, 1128.67
909.983, 1128.67
910.009, 1128.67
910.037, 1128.67
910.065, 1128.68
910.095, 1128.68
910.125, 1128.68
910.156, 1128.68
910.188, 1128.68
910.22, 1128.68
910.253, 1128.68
910.286, 1128.68
910.319, 1128.68
910.352, 1128.68
910.385, 1128.68
910.418, 1128.68
910.45, 1128.68
910.482, 1128.68
910.513, 1128.68
910.544, 1128.68
910.574, 1128.68
910.603, 1128.68
910.632, 1128.68
910.659, 1128.68
910.686, 1128.68
910.712, 1128.68
910.737, 1128.68
910.762, 1128.68
910.785, 1128.68
910.809, 1128.68
910.831, 1128.68
910.854, 1128.68
910.854, 1128.68
910.856, 1128.68
910.859, 1128.68
910.864, 1128.68
910.87, 1128.68
910.88, 1128.68
910.893, 1128.68
910.909, 1128.68
910.928, 1128.68
910.951, 1128.68
910.978, 1128.68
911.008, 1128.68
911.043, 1128.68
911.081, 1128.68
911.123, 1128.68
911.169, 1128.68
911.219, 1128.68
911.272, 1128.69
911.328, 1128.69
911.387, 1128.69
911.449, 1128.69
911.514, 1128.69
911.581, 1128.69
911.65, 1128.69
911.721, 1128.69
911.793, 1128.69
911.866, 1128.69
911.941, 1128.69
912.016, 1128.69
912.091, 1128.69
912.166, 1128.69
912.241, 1128.69
912.315, 1128.69
912.389, 1128.69
912.462, 1128.7
912.533, 1128.7
912.603, 1128.7
912.671, 1128.7
912.738, 1128.7
912.803, 1128.7
912.865, 1128.7
912.926, 1128.7
912.985, 1128.7
913.043, 1128.7
913.098, 1128.7
913.152, 1128.7
913.205, 1128.7
913.256, 1128.7
913.307, 1128.7

waypoints
x, y
910.037, 1128.67
910.065, 1128.68
910.095, 1128.68
910.125, 1128.68
910.156, 1128.68
910.188, 1128.68
910.22, 1128.68
910.253, 1128.68
910.286, 1128.68
910.319, 1128.68
910.352, 1128.68
910.385, 1128.68
910.418, 1128.68
910.45, 1128.68
910.482, 1128.68
910.513, 1128.68
910.544, 1128.68
910.574, 1128.68
910.603, 1128.68
910.632, 1128.68
910.659, 1128.68
910.686, 1128.68
910.712, 1128.68
910.737, 1128.68
910.762, 1128.68
910.785, 1128.68
910.809, 1128.68
910.831, 1128.68
910.854, 1128.68
910.854, 1128.68
910.856, 1128.68
910.859, 1128.68
910.864, 1128.68
910.87, 1128.68
910.88, 1128.68
910.893, 1128.68
910.909, 1128.68
910.928, 1128.68
910.951, 1128.68
910.978, 1128.68
911.008, 1128.68
911.043, 1128.68
911.081, 1128.68
911.123, 1128.68
911.169, 1128.68
911.219, 1128.68
911.272, 1128.69
911.328, 1128.69
911.387, 1128.69
911.449, 1128.69
911.514, 1128.69
911.581, 1128.69
911.65, 1128.69
911.721, 1128.69
911.793, 1128.69
911.866, 1128.69
911.941, 1128.69
912.016, 1128.69
912.091, 1128.69
912.166, 1128.69
912.241, 1128.69
912.315, 1128.69
912.389, 1128.69
912.462, 1128.7
912.533, 1128.7
912.603, 1128.7
912.671, 1128.7
912.738, 1128.7
912.803, 1128.7
912.865, 1128.7
912.926, 1128.7
912.985, 1128.7
913.043, 1128.7
913.098, 1128.7
913.152, 1128.7
913.205, 1128.7
913.256, 1128.7
913.307, 1128.7

waypoints
x, y
910.125, 1128.68
910.156, 1128.68
910.188, 1128.68
910.22, 1128.68
910.253, 1128.68
910.286, 1128.68
910.319, 1128.68
910.352, 1128.68
910.385, 1128.68
910.418, 1128.68
910.45, 1128.68
910.482, 1128.68
910.513, 1128.68
910.544, 1128.68
910.574, 1128.68
910.603, 1128.68
910.632, 1128.68
910.659, 1128.68
910.686, 1128.68
910.712, 1128.68
910.737, 1128.68
910.762, 1128.68
910.785, 1128.68
910.809, 1128.68
910.831, 1128.68
910.854, 1128.68
910.854, 1128.68
910.856, 1128.68
910.859, 1128.68
910.864, 1128.68
910.87, 1128.68
910.88, 1128.68
910.893, 1128.68
910.909, 1128.68
910.928, 1128.68
910.951, 1128.68
910.978, 1128.68
911.008, 1128.68
911.043, 1128.68
911.081, 1128.68
911.123, 1128.68
911.169, 1128.68
911.219, 1128.68
911.272, 1128.69
911.328, 1128.69
911.387, 1128.69
911.449, 1128.69
911.514, 1128.69
911.581, 1128.69
911.65, 1128.69
911.721, 1128.69
911.793, 1128.69
911.866, 1128.69
911.941, 1128.69
912.016, 1128.69
912.091, 1128.69
912.166, 1128.69
912.241, 1128.69
912.315, 1128.69
912.389, 1128.69
912.462, 1128.7
912.533, 1128.7
912.603, 1128.7
912.671, 1128.7
912.738, 1128.7
912.803, 1128.7
912.865, 1128.7
912.926, 1128.7
912.985, 1128.7
913.043, 1128.7
913.098, 1128.7
913.152, 1128.7
913.205, 1128.7
913.256, 1128.7
913.307, 1128.7

waypoints
x, y
910.253, 1128.68
910.286, 1128.68
910.319, 1128.68
910.352, 1128.68
910.385, 1128.68
910.418, 1128.68
910.45, 1128.68
910.482, 1128.68
910.513, 1128.68
910.544, 1128.68
910.574, 1128.68
910.603, 1128.68
910.632, 1128.68
910.659, 1128.68
910.686, 1128.68
910.712, 1128.68
910.737, 1128.68
910.762, 1128.68
910.785, 1128.68
910.809, 1128.68
910.831, 1128.68
910.854, 1128.68
910.854, 1128.68
910.856, 1128.68
910.859, 1128.68
910.864, 1128.68
910.87, 1128.68
910.88, 1128.68
910.893, 1128.68
910.909, 1128.68
910.928, 1128.68
910.951, 1128.68
910.978, 1128.68
911.008, 1128.68
911.043, 1128.68
911.081, 1128.68
911.123, 1128.68
911.169, 1128.68
911.219, 1128.68
911.272, 1128.69
911.328, 1128.69
911.387, 1128.69
911.449, 1128.69
911.514, 1128.69
911.581, 1128.69
911.65, 1128.69
911.721, 1128.69
911.793, 1128.69
911.866, 1128.69
911.941, 1128.69
912.016, 1128.69
912.091, 1128.69
912.166, 1128.69
912.241, 1128.69
912.315, 1128.69
912.389, 1128.69
912.462, 1128.7
912.533, 1128.7
912.603, 1128.7
912.671, 1128.7
912.738, 1128.7
912.803, 1128.7
912.865, 1128.7
912.926, 1128.7
912.985, 1128.7
913.043, 1128.7
913.098, 1128.7
913.152, 1128.7
913.205, 1128.7
913.256, 1128.7
913.307, 1128.7

waypoints
x, y
910.385, 1128.68
910.418, 1128.68
910.45, 1128.68
910.482, 1128.68
910.513, 1128.68
910.544, 1128.68
910.574, 1128.68
910.603, 1128.68
910.632, 1128.68
910.659, 1128.68
910.686, 1128.68
910.712, 1128.68
910.737, 1128.68
910.762, 1128.68
910.785, 1128.68
910.809, 1128.68
910.831, 1128.68
910.854, 1128.68
910.854, 1128.68
910.856, 1128.68
910.859, 1128.68
910.864, 1128.68
910.87, 1128.68
910.88, 1128.68
910.893, 1128.68
910.909, 1128.68
910.928, 1128.68
910.951, 1128.68
910.978, 1128.68
911.008, 1128.68
911.043, 1128.68
911.081, 1128.68
911.123, 1128.68
911.169, 1128.68
911.219, 1128.68
911.272, 1128.69
911.328, 1128.69
911.387, 1128.69
911.449, 1128.69
911.514, 1128.69
911.581, 1128.69
911.65, 1128.69
911.721, 1128.69
911.793, 1128.69
911.866, 1128.69
911.941, 1128.69
912.016, 1128.69
912.091, 1128.69
912.166, 1128.69
912.241, 1128.69
912.315, 1128.69
912.389, 1128.69
912.462, 1128.7
912.533, 1128.7
912.603, 1128.7
912.671, 1128.7
912.738, 1128.7
912.803, 1128.7
912.865, 1128.7
912.926, 1128.7
912.985, 1128.7
913.043, 1128.7
913.098, 1128.7
913.152, 1128.7
913.205, 1128.7
913.256, 1128.7
913.307, 1128.7

waypoints
x, y
910.482, 1128.68
910.513, 1128.68
910.544, 1128.68
910.574, 1128.68
910.603, 1128.68
910.632, 1128.68
910.659, 1128.68
910.686, 1128.68
910.712, 1128.68
910.737, 1128.68
910.762, 1128.68
910.785, 1128.68
910.809, 1128.68
910.831, 1128.68
910.854, 1128.68
910.854, 1128.68
910.856, 1128.68
910.859, 1128.68
910.864, 1128.68
910.87, 1128.68
910.88, 1128.68
910.893, 1128.68
910.909, 1128.68
910.928, 1128.68
910.951, 1128.68
910.978, 1128.68
911.008, 1128.68
911.043, 1128.68
911.081, 1128.68
911.123, 1128.68
911.169, 1128.68
911.219, 1128.68
911.272, 1128.69
911.328, 1128.69
911.387, 1128.69
911.449, 1128.69
911.514, 1128.69
911.581, 1128.69
911.65, 1128.69
911.721, 1128.69
911.793, 1128.69
911.866, 1128.69
911.941, 1128.69
912.016, 1128.69
912.091, 1128.69
912.166, 1128.69
912.241, 1128.69
912.315, 1128.69
912.389, 1128.69
912.462, 1128.7
912.533, 1128.7
912.603, 1128.7
912.671, 1128.7
912.738, 1128.7
912.803, 1128.7
912.865, 1128.7
912.926, 1128.7
912.985, 1128.7
913.043, 1128.7
913.098, 1128.7
913.152, 1128.7
913.205, 1128.7
913.256, 1128.7
913.307, 1128.7

waypoints
x, y
910.603, 1128.68
910.632, 1128.68
910.659, 1128.68
910.686, 1128.68
910.712, 1128.68
910.737, 1128.68
910.762, 1128.68
910.785, 1128.68
910.809, 1128.68
910.831, 1128.68
910.854, 1128.68
910.854, 1128.68
910.856, 1128.68
910.859, 1128.68
910.864, 1128.68
910.87, 1128.68
910.88, 1128.68
910.893, 1128.68
910.909, 1128.68
910.928, 1128.68
910.951, 1128.68
910.978, 1128.68
911.008, 1128.68
911.043, 1128.68
911.081, 1128.68
911.123, 1128.68
911.169, 1128.68
911.219, 1128.68
911.272, 1128.69
911.328, 1128.69
911.387, 1128.69
911.449, 1128.69
911.514, 1128.69
911.581, 1128.69
911.65, 1128.69
911.721, 1128.69
911.793, 1128.69
911.866, 1128.69
911.941, 1128.69
912.016, 1128.69
912.091, 1128.69
912.166, 1128.69
912.241, 1128.69
912.315, 1128.69
912.389, 1128.69
912.462, 1128.7
912.533, 1128.7
912.603, 1128.7
912.671, 1128.7
912.738, 1128.7
912.803, 1128.7
912.865, 1128.7
912.926, 1128.7
912.985, 1128.7
913.043, 1128.7
913.098, 1128.7
913.152, 1128.7
913.205, 1128.7
913.256, 1128.7
913.307, 1128.7

waypoints
x, y
910.686, 1128.68
910.712, 1128.68
910.737, 1128.68
910.762, 1128.68
910.785, 1128.68
910.809, 1128.68
910.831, 1128.68
910.854, 1128.68
910.854, 1128.68
910.856, 1128.68
910.859, 1128.68
910.864, 1128.68
910.87, 1128.68
910.88, 1128.68
910.893, 1128.68
910.909, 1128.68
910.928, 1128.68
910.951, 1128.68
910.978, 1128.68
911.008, 1128.68
911.043, 1128.68
911.081, 1128.68
911.123, 1128.68
911.169, 1128.68
911.219, 1128.68
911.272, 1128.69
911.328, 1128.69
911.387, 1128.69
911.449, 1128.69
911.514, 1128.69
911.581, 1128.69
911.65, 1128.69
911.721, 1128.69
911.793, 1128.69
911.866, 1128.69
911.941, 1128.69
912.016, 1128.69
912.091, 1128.69
912.166, 1128.69
912.241, 1128.69
912.315, 1128.69
912.389, 1128.69
912.462, 1128.7
912.533, 1128.7
912.603, 1128.7
912.671, 1128.7
912.738, 1128.7
912.803, 1128.7
912.865, 1128.7
912.926, 1128.7
912.985, 1128.7
913.043, 1128.7
913.098, 1128.7
913.152, 1128.7
913.205, 1128.7
913.256, 1128.7
913.307, 1128.7

waypoints
x, y
910.785, 1128.68
910.809, 1128.68
910.831, 1128.68
910.854, 1128.68
910.854, 1128.68
910.856, 1128.68
910.859, 1128.68
910.864, 1128.68
910.87, 1128.68
910.88, 1128.68
910.893, 1128.68
910.909, 1128.68
910.928, 1128.68
910.951, 1128.68
910.978, 1128.68
911.008, 1128.68
911.043, 1128.68
911.081, 1128.68
911.123, 1128.68
911.169, 1128.68
911.219, 1128.68
911.272, 1128.69
911.328, 1128.69
911.387, 1128.69
911.449, 1128.69
911.514, 1128.69
911.581, 1128.69
911.65, 1128.69
911.721, 1128.69
911.793, 1128.69
911.866, 1128.69
911.941, 1128.69
912.016, 1128.69
912.091, 1128.69
912.166, 1128.69
912.241, 1128.69
912.315, 1128.69
912.389, 1128.69
912.462, 1128.7
912.533, 1128.7
912.603, 1128.7
912.671, 1128.7
912.738, 1128.7
912.803, 1128.7
912.865, 1128.7
912.926, 1128.7
912.985, 1128.7
913.043, 1128.7
913.098, 1128.7
913.152, 1128.7
913.205, 1128.7
913.256, 1128.7
913.307, 1128.7

waypoints
x, y
910.854, 1128.68
910.854, 1128.68
910.856, 1128.68
910.859, 1128.68
910.864, 1128.68
910.87, 1128.68
910.88, 1128.68
910.893, 1128.68
910.909, 1128.68
910.928, 1128.68
910.951, 1128.68
910.978, 1128.68
911.008, 1128.68
911.043, 1128.68
911.081, 1128.68
911.123, 1128.68
911.169, 1128.68
911.219, 1128.68
911.272, 1128.69
911.328, 1128.69
911.387, 1128.69
911.449, 1128.69
911.514, 1128.69
911.581, 1128.69
911.65, 1128.69
911.721, 1128.69
911.793, 1128.69
911.866, 1128.69
911.941, 1128.69
912.016, 1128.69
912.091, 1128.69
912.166, 1128.69
912.241, 1128.69
912.315, 1128.69
912.389, 1128.69
912.462, 1128.7
912.533, 1128.7
912.603, 1128.7
912.671, 1128.7
912.738, 1128.7
912.803, 1128.7
912.865, 1128.7
912.926, 1128.7
912.985, 1128.7
913.043, 1128.7
913.098, 1128.7
913.152, 1128.7
913.205, 1128.7
913.256, 1128.7
913.307, 1128.7

waypoints
x, y
910.859, 1128.68
910.864, 1128.68
910.87, 1128.68
910.88, 1128.68
910.893, 1128.68
910.909, 1128.68
910.928, 1128.68
910.951, 1128.68
910.978, 1128.68
911.008, 1128.68
911.043, 1128.68
911.081, 1128.68
911.123, 1128.68
911.169, 1128.68
911.219, 1128.68
911.272, 1128.69
911.328, 1128.69
911.387, 1128.69
911.449, 1128.69
911.514, 1128.69
911.581, 1128.69
911.65, 1128.69
911.721, 1128.69
911.793, 1128.69
911.866, 1128.69
911.941, 1128.69
912.016, 1128.69
912.091, 1128.69
912.166, 1128.69
912.241, 1128.69
912.315, 1128.69
912.389, 1128.69
912.462, 1128.7
912.533, 1128.7
912.603, 1128.7
912.671, 1128.7
912.738, 1128.7
912.803, 1128.7
912.865, 1128.7
912.926, 1128.7
912.985, 1128.7
913.043, 1128.7
913.098, 1128.7
913.152, 1128.7
913.205, 1128.7
913.256, 1128.7
913.307, 1128.7
913.308, 1128.7
913.311, 1128.7
913.316, 1128.7
913.324, 1128.7
913.335, 1128.7
913.35, 1128.7
913.37, 1128.7
913.395, 1128.7
913.425, 1128.7
913.461, 1128.7
913.503, 1128.7
913.551, 1128.71
913.605, 1128.71
913.665, 1128.71
913.731, 1128.71
913.802, 1128.71
913.879, 1128.71
913.962, 1128.71
914.049, 1128.71
914.142, 1128.71
914.239, 1128.71
914.339, 1128.71
914.444, 1128.71
914.551, 1128.71
914.662, 1128.71
914.774, 1128.72
914.889, 1128.72
915.005, 1128.72
915.121, 1128.72
915.238, 1128.72
915.356, 1128.72
915.472, 1128.72
915.588, 1128.72
915.703, 1128.72
915.816, 1128.72
915.927, 1128.73
916.036, 1128.73
916.143, 1128.73
916.246, 1128.73
916.347, 1128.73
916.445, 1128.73
916.54, 1128.73
916.633, 1128.73
916.722, 1128.73
916.808, 1128.73
916.892, 1128.73
916.974, 1128.73
917.054, 1128.74
917.133, 1128.74

waypoints
x, y
910.893, 1128.68
910.909, 1128.68
910.928, 1128.68
910.951, 1128.68
910.978, 1128.68
911.008, 1128.68
911.043, 1128.68
911.081, 1128.68
911.123, 1128.68
911.169, 1128.68
911.219, 1128.68
911.272, 1128.69
911.328, 1128.69
911.387, 1128.69
911.449, 1128.69
911.514, 1128.69
911.581, 1128.69
911.65, 1128.69
911.721, 1128.69
911.793, 1128.69
911.866, 1128.69
911.941, 1128.69
912.016, 1128.69
912.091, 1128.69
912.166, 1128.69
912.241, 1128.69
912.315, 1128.69
912.389, 1128.69
912.462, 1128.7
912.533, 1128.7
912.603, 1128.7
912.671, 1128.7
912.738, 1128.7
912.803, 1128.7
912.865, 1128.7
912.926, 1128.7
912.985, 1128.7
913.043, 1128.7
913.098, 1128.7
913.152, 1128.7
913.205, 1128.7
913.256, 1128.7
913.307, 1128.7
913.308, 1128.7
913.311, 1128.7
913.316, 1128.7
913.323, 1128.7
913.335, 1128.7
913.35, 1128.7
913.37, 1128.7
913.395, 1128.7
913.425, 1128.7
913.461, 1128.7
913.503, 1128.7
913.551, 1128.7
913.605, 1128.71
913.665, 1128.71
913.731, 1128.71
913.802, 1128.71
913.879, 1128.71
913.962, 1128.71
914.049, 1128.71
914.142, 1128.71
914.239, 1128.71
914.339, 1128.71
914.444, 1128.71
914.551, 1128.71
914.662, 1128.71
914.774, 1128.72
914.889, 1128.72
915.005, 1128.72
915.121, 1128.72
915.239, 1128.72
915.356, 1128.72
915.472, 1128.72
915.588, 1128.72
915.703, 1128.72
915.816, 1128.72
915.927, 1128.73
916.036, 1128.73
916.143, 1128.73
916.246, 1128.73
916.347, 1128.73
916.445, 1128.73
916.54, 1128.73
916.633, 1128.73
916.722, 1128.73
916.808, 1128.73
916.892, 1128.73
916.974, 1128.73
917.054, 1128.73
917.133, 1128.74

waypoints
x, y
910.951, 1128.68
910.978, 1128.68
911.008, 1128.68
911.043, 1128.68
911.081, 1128.68
911.123, 1128.68
911.169, 1128.68
911.219, 1128.68
911.272, 1128.69
911.328, 1128.69
911.387, 1128.69
911.449, 1128.69
911.514, 1128.69
911.581, 1128.69
911.65, 1128.69
911.721, 1128.69
911.793, 1128.69
911.866, 1128.69
911.941, 1128.69
912.016, 1128.69
912.091, 1128.69
912.166, 1128.69
912.241, 1128.69
912.315, 1128.69
912.389, 1128.69
912.462, 1128.7
912.533, 1128.7
912.603, 1128.7
912.671, 1128.7
912.738, 1128.7
912.803, 1128.7
912.865, 1128.7
912.926, 1128.7
912.985, 1128.7
913.043, 1128.7
913.098, 1128.7
913.152, 1128.7
913.205, 1128.7
913.256, 1128.7
913.307, 1128.7
913.308, 1128.7
913.311, 1128.7
913.316, 1128.7
913.323, 1128.7
913.335, 1128.7
913.35, 1128.7
913.37, 1128.7
913.395, 1128.7
913.425, 1128.7
913.461, 1128.7
913.503, 1128.7
913.551, 1128.7
913.605, 1128.71
913.665, 1128.71
913.731, 1128.71
913.802, 1128.71
913.879, 1128.71
913.962, 1128.71
914.049, 1128.71
914.142, 1128.71
914.239, 1128.71
914.339, 1128.71
914.444, 1128.71
914.551, 1128.71
914.662, 1128.71
914.774, 1128.72
914.889, 1128.72
915.005, 1128.72
915.121, 1128.72
915.239, 1128.72
915.356, 1128.72
915.472, 1128.72
915.588, 1128.72
915.703, 1128.72
915.816, 1128.72
915.927, 1128.73
916.036, 1128.73
916.143, 1128.73
916.246, 1128.73
916.347, 1128.73
916.445, 1128.73
916.54, 1128.73
916.633, 1128.73
916.722, 1128.73
916.808, 1128.73
916.892, 1128.73
916.974, 1128.73
917.054, 1128.73
917.133, 1128.74

waypoints
x, y
911.081, 1128.68
911.123, 1128.68
911.169, 1128.68
911.219, 1128.68
911.272, 1128.69
911.328, 1128.69
911.387, 1128.69
911.449, 1128.69
911.514, 1128.69
911.581, 1128.69
911.65, 1128.69
911.721, 1128.69
911.793, 1128.69
911.866, 1128.69
911.941, 1128.69
912.016, 1128.69
912.091, 1128.69
912.166, 1128.69
912.241, 1128.69
912.315, 1128.69
912.389, 1128.69
912.462, 1128.7
912.533, 1128.7
912.603, 1128.7
912.671, 1128.7
912.738, 1128.7
912.803, 1128.7
912.865, 1128.7
912.926, 1128.7
912.985, 1128.7
913.043, 1128.7
913.098, 1128.7
913.152, 1128.7
913.205, 1128.7
913.256, 1128.7
913.307, 1128.7
913.308, 1128.7
913.311, 1128.7
913.316, 1128.7
913.323, 1128.7
913.335, 1128.7
913.35, 1128.7
913.37, 1128.7
913.395, 1128.7
913.425, 1128.7
913.461, 1128.7
913.503, 1128.7
913.551, 1128.7
913.605, 1128.71
913.665, 1128.71
913.731, 1128.71
913.802, 1128.71
913.879, 1128.71
913.962, 1128.71
914.049, 1128.71
914.142, 1128.71
914.239, 1128.71
914.339, 1128.71
914.444, 1128.71
914.551, 1128.71
914.662, 1128.71
914.774, 1128.72
914.889, 1128.72
915.005, 1128.72
915.121, 1128.72
915.239, 1128.72
915.356, 1128.72
915.472, 1128.72
915.588, 1128.72
915.703, 1128.72
915.816, 1128.72
915.927, 1128.73
916.036, 1128.73
916.143, 1128.73
916.246, 1128.73
916.347, 1128.73
916.445, 1128.73
916.54, 1128.73
916.633, 1128.73
916.722, 1128.73
916.808, 1128.73
916.892, 1128.73
916.974, 1128.73
917.054, 1128.73
917.133, 1128.74

waypoints
x, y
911.272, 1128.69
911.328, 1128.69
911.387, 1128.69
911.449, 1128.69
911.514, 1128.69
911.581, 1128.69
911.65, 1128.69
911.721, 1128.69
911.793, 1128.69
911.866, 1128.69
911.941, 1128.69
912.016, 1128.69
912.091, 1128.69
912.166, 1128.69
912.241, 1128.69
912.315, 1128.69
912.389, 1128.69
912.462, 1128.7
912.533, 1128.7
912.603, 1128.7
912.671, 1128.7
912.738, 1128.7
912.803, 1128.7
912.865, 1128.7
912.926, 1128.7
912.985, 1128.7
913.043, 1128.7
913.098, 1128.7
913.152, 1128.7
913.205, 1128.7
913.256, 1128.7
913.307, 1128.7
913.308, 1128.7
913.311, 1128.7
913.316, 1128.7
913.323, 1128.7
913.335, 1128.7
913.35, 1128.7
913.37, 1128.7
913.395, 1128.7
913.425, 1128.7
913.461, 1128.7
913.503, 1128.7
913.551, 1128.7
913.605, 1128.71
913.665, 1128.71
913.731, 1128.71
913.802, 1128.71
913.879, 1128.71
913.962, 1128.71
914.049, 1128.71
914.142, 1128.71
914.239, 1128.71
914.339, 1128.71
914.444, 1128.71
914.551, 1128.71
914.662, 1128.71
914.774, 1128.72
914.889, 1128.72
915.005, 1128.72
915.121, 1128.72
915.239, 1128.72
915.356, 1128.72
915.472, 1128.72
915.588, 1128.72
915.703, 1128.72
915.816, 1128.72
915.927, 1128.73
916.036, 1128.73
916.143, 1128.73
916.246, 1128.73
916.347, 1128.73
916.445, 1128.73
916.54, 1128.73
916.633, 1128.73
916.722, 1128.73
916.808, 1128.73
916.892, 1128.73
916.974, 1128.73
917.054, 1128.73
917.133, 1128.74

waypoints
x, y
911.514, 1128.69
911.581, 1128.69
911.65, 1128.69
911.721, 1128.69
911.793, 1128.69
911.866, 1128.69
911.941, 1128.69
912.016, 1128.69
912.091, 1128.69
912.166, 1128.69
912.241, 1128.69
912.315, 1128.69
912.389, 1128.69
912.462, 1128.7
912.533, 1128.7
912.603, 1128.7
912.671, 1128.7
912.738, 1128.7
912.803, 1128.7
912.865, 1128.7
912.926, 1128.7
912.985, 1128.7
913.043, 1128.7
913.098, 1128.7
913.152, 1128.7
913.205, 1128.7
913.256, 1128.7
913.307, 1128.7
913.308, 1128.7
913.311, 1128.7
913.316, 1128.7
913.323, 1128.7
913.335, 1128.7
913.35, 1128.7
913.37, 1128.7
913.395, 1128.7
913.425, 1128.7
913.461, 1128.7
913.503, 1128.7
913.551, 1128.7
913.605, 1128.71
913.665, 1128.71
913.731, 1128.71
913.802, 1128.71
913.879, 1128.71
913.962, 1128.71
914.049, 1128.71
914.142, 1128.71
914.239, 1128.71
914.339, 1128.71
914.444, 1128.71
914.551, 1128.71
914.662, 1128.71
914.774, 1128.72
914.889, 1128.72
915.005, 1128.72
915.121, 1128.72
915.239, 1128.72
915.356, 1128.72
915.472, 1128.72
915.588, 1128.72
915.703, 1128.72
915.816, 1128.72
915.927, 1128.73
916.036, 1128.73
916.143, 1128.73
916.246, 1128.73
916.347, 1128.73
916.445, 1128.73
916.54, 1128.73
916.633, 1128.73
916.722, 1128.73
916.808, 1128.73
916.892, 1128.73
916.974, 1128.73
917.054, 1128.73
917.133, 1128.74

waypoints
x, y
911.793, 1128.69
911.866, 1128.69
911.941, 1128.69
912.016, 1128.69
912.091, 1128.69
912.166, 1128.69
912.241, 1128.69
912.315, 1128.69
912.389, 1128.69
912.462, 1128.7
912.533, 1128.7
912.603, 1128.7
912.671, 1128.7
912.738, 1128.7
912.803, 1128.7
912.865, 1128.7
912.926, 1128.7
912.985, 1128.7
913.043, 1128.7
913.098, 1128.7
913.152, 1128.7
913.205, 1128.7
913.256, 1128.7
913.307, 1128.7
913.308, 1128.7
913.311, 1128.7
913.316, 1128.7
913.323, 1128.7
913.335, 1128.7
913.35, 1128.7
913.37, 1128.7
913.395, 1128.7
913.425, 1128.7
913.461, 1128.7
913.503, 1128.7
913.551, 1128.7
913.605, 1128.71
913.665, 1128.71
913.731, 1128.71
913.802, 1128.71
913.879, 1128.71
913.962, 1128.71
914.049, 1128.71
914.142, 1128.71
914.239, 1128.71
914.339, 1128.71
914.444, 1128.71
914.551, 1128.71
914.662, 1128.71
914.774, 1128.72
914.889, 1128.72
915.005, 1128.72
915.121, 1128.72
915.239, 1128.72
915.356, 1128.72
915.472, 1128.72
915.588, 1128.72
915.703, 1128.72
915.816, 1128.72
915.927, 1128.73
916.036, 1128.73
916.143, 1128.73
916.246, 1128.73
916.347, 1128.73
916.445, 1128.73
916.54, 1128.73
916.633, 1128.73
916.722, 1128.73
916.808, 1128.73
916.892, 1128.73
916.974, 1128.73
917.054, 1128.73
917.133, 1128.74

waypoints
x, y
912.091, 1128.69
912.166, 1128.69
912.241, 1128.69
912.315, 1128.69
912.389, 1128.69
912.462, 1128.7
912.533, 1128.7
912.603, 1128.7
912.671, 1128.7
912.738, 1128.7
912.803, 1128.7
912.865, 1128.7
912.926, 1128.7
912.985, 1128.7
913.043, 1128.7
913.098, 1128.7
913.152, 1128.7
913.205, 1128.7
913.256, 1128.7
913.307, 1128.7
913.308, 1128.7
913.311, 1128.7
913.316, 1128.7
913.323, 1128.7
913.335, 1128.7
913.35, 1128.7
913.37, 1128.7
913.395, 1128.7
913.425, 1128.7
913.461, 1128.7
913.503, 1128.7
913.551, 1128.7
913.605, 1128.71
913.665, 1128.71
913.731, 1128.71
913.802, 1128.71
913.879, 1128.71
913.962, 1128.71
914.049, 1128.71
914.142, 1128.71
914.239, 1128.71
914.339, 1128.71
914.444, 1128.71
914.551, 1128.71
914.662, 1128.71
914.774, 1128.72
914.889, 1128.72
915.005, 1128.72
915.121, 1128.72
915.239, 1128.72
915.356, 1128.72
915.472, 1128.72
915.588, 1128.72
915.703, 1128.72
915.816, 1128.72
915.927, 1128.73
916.036, 1128.73
916.143, 1128.73
916.246, 1128.73
916.347, 1128.73
916.445, 1128.73
916.54, 1128.73
916.633, 1128.73
916.722, 1128.73
916.808, 1128.73
916.892, 1128.73
916.974, 1128.73
917.054, 1128.73
917.133, 1128.74

waypoints
x, y
912.389, 1128.69
912.462, 1128.7
912.533, 1128.7
912.603, 1128.7
912.671, 1128.7
912.738, 1128.7
912.803, 1128.7
912.865, 1128.7
912.926, 1128.7
912.985, 1128.7
913.043, 1128.7
913.098, 1128.7
913.152, 1128.7
913.205, 1128.7
913.256, 1128.7
913.307, 1128.7
913.308, 1128.7
913.311, 1128.7
913.316, 1128.7
913.323, 1128.7
913.335, 1128.7
913.35, 1128.7
913.37, 1128.7
913.395, 1128.7
913.425, 1128.7
913.461, 1128.7
913.503, 1128.7
913.551, 1128.7
913.605, 1128.71
913.665, 1128.71
913.731, 1128.71
913.802, 1128.71
913.879, 1128.71
913.962, 1128.71
914.049, 1128.71
914.142, 1128.71
914.239, 1128.71
914.339, 1128.71
914.444, 1128.71
914.551, 1128.71
914.662, 1128.71
914.774, 1128.72
914.889, 1128.72
915.005, 1128.72
915.121, 1128.72
915.239, 1128.72
915.356, 1128.72
915.472, 1128.72
915.588, 1128.72
915.703, 1128.72
915.816, 1128.72
915.927, 1128.73
916.036, 1128.73
916.143, 1128.73
916.246, 1128.73
916.347, 1128.73
916.445, 1128.73
916.54, 1128.73
916.633, 1128.73
916.722, 1128.73
916.808, 1128.73
916.892, 1128.73
916.974, 1128.73
917.054, 1128.73
917.133, 1128.74

waypoints
x, y
912.603, 1128.7
912.671, 1128.7
912.738, 1128.7
912.803, 1128.7
912.865, 1128.7
912.926, 1128.7
912.985, 1128.7
913.043, 1128.7
913.098, 1128.7
913.152, 1128.7
913.205, 1128.7
913.256, 1128.7
913.307, 1128.7
913.308, 1128.7
913.311, 1128.7
913.316, 1128.7
913.323, 1128.7
913.335, 1128.7
913.35, 1128.7
913.37, 1128.7
913.395, 1128.7
913.425, 1128.7
913.461, 1128.7
913.503, 1128.7
913.551, 1128.7
913.605, 1128.71
913.665, 1128.71
913.731, 1128.71
913.802, 1128.71
913.879, 1128.71
913.962, 1128.71
914.049, 1128.71
914.142, 1128.71
914.239, 1128.71
914.339, 1128.71
914.444, 1128.71
914.551, 1128.71
914.662, 1128.71
914.774, 1128.72
914.889, 1128.72
915.005, 1128.72
915.121, 1128.72
915.239, 1128.72
915.356, 1128.72
915.472, 1128.72
915.588, 1128.72
915.703, 1128.72
915.816, 1128.72
915.927, 1128.73
916.036, 1128.73
916.143, 1128.73
916.246, 1128.73
916.347, 1128.73
916.445, 1128.73
916.54, 1128.73
916.633, 1128.73
916.722, 1128.73
916.808, 1128.73
916.892, 1128.73
916.974, 1128.73
917.054, 1128.73
917.133, 1128.74

waypoints
x, y
912.865, 1128.7
912.926, 1128.7
912.985, 1128.7
913.043, 1128.7
913.098, 1128.7
913.152, 1128.7
913.205, 1128.7
913.256, 1128.7
913.307, 1128.7
913.308, 1128.7
913.311, 1128.7
913.316, 1128.7
913.323, 1128.7
913.335, 1128.7
913.35, 1128.7
913.37, 1128.7
913.395, 1128.7
913.425, 1128.7
913.461, 1128.7
913.503, 1128.7
913.551, 1128.7
913.605, 1128.71
913.665, 1128.71
913.731, 1128.71
913.802, 1128.71
913.879, 1128.71
913.962, 1128.71
914.049, 1128.71
914.142, 1128.71
914.239, 1128.71
914.339, 1128.71
914.444, 1128.71
914.551, 1128.71
914.662, 1128.71
914.774, 1128.72
914.889, 1128.72
915.005, 1128.72
915.121, 1128.72
915.239, 1128.72
915.356, 1128.72
915.472, 1128.72
915.588, 1128.72
915.703, 1128.72
915.816, 1128.72
915.927, 1128.73
916.036, 1128.73
916.143, 1128.73
916.246, 1128.73
916.347, 1128.73
916.445, 1128.73
916.54, 1128.73
916.633, 1128.73
916.722, 1128.73
916.808, 1128.73
916.892, 1128.73
916.974, 1128.73
917.054, 1128.73
917.133, 1128.74

waypoints
x, y
913.098, 1128.7
913.152, 1128.7
913.205, 1128.7
913.256, 1128.7
913.307, 1128.7
913.308, 1128.7
913.311, 1128.7
913.316, 1128.7
913.323, 1128.7
913.335, 1128.7
913.35, 1128.7
913.37, 1128.7
913.395, 1128.7
913.425, 1128.7
913.461, 1128.7
913.503, 1128.7
913.551, 1128.7
913.605, 1128.71
913.665, 1128.71
913.731, 1128.71
913.802, 1128.71
913.879, 1128.71
913.962, 1128.71
914.049, 1128.71
914.142, 1128.71
914.239, 1128.71
914.339, 1128.71
914.444, 1128.71
914.551, 1128.71
914.662, 1128.71
914.774, 1128.72
914.889, 1128.72
915.005, 1128.72
915.121, 1128.72
915.239, 1128.72
915.356, 1128.72
915.472, 1128.72
915.588, 1128.72
915.703, 1128.72
915.816, 1128.72
915.927, 1128.73
916.036, 1128.73
916.143, 1128.73
916.246, 1128.73
916.347, 1128.73
916.445, 1128.73
916.54, 1128.73
916.633, 1128.73
916.722, 1128.73
916.808, 1128.73
916.892, 1128.73
916.974, 1128.73
917.054, 1128.73
917.133, 1128.74

waypoints
x, y
913.307, 1128.7
913.308, 1128.7
913.311, 1128.7
913.316, 1128.7
913.323, 1128.7
913.335, 1128.7
913.35, 1128.7
913.37, 1128.7
913.395, 1128.7
913.425, 1128.7
913.461, 1128.7
913.503, 1128.7
913.551, 1128.7
913.605, 1128.71
913.665, 1128.71
913.731, 1128.71
913.802, 1128.71
913.879, 1128.71
913.962, 1128.71
914.049, 1128.71
914.142, 1128.71
914.239, 1128.71
914.339, 1128.71
914.444, 1128.71
914.551, 1128.71
914.662, 1128.71
914.774, 1128.72
914.889, 1128.72
915.005, 1128.72
915.121, 1128.72
915.239, 1128.72
915.356, 1128.72
915.472, 1128.72
915.588, 1128.72
915.703, 1128.72
915.816, 1128.72
915.927, 1128.73
916.036, 1128.73
916.143, 1128.73
916.246, 1128.73
916.347, 1128.73
916.445, 1128.73
916.54, 1128.73
916.633, 1128.73
916.722, 1128.73
916.808, 1128.73
916.892, 1128.73
916.974, 1128.73
917.054, 1128.73
917.133, 1128.74

waypoints
x, y
913.323, 1128.7
913.335, 1128.7
913.35, 1128.7
913.37, 1128.7
913.395, 1128.7
913.425, 1128.7
913.461, 1128.7
913.503, 1128.7
913.551, 1128.7
913.605, 1128.71
913.665, 1128.71
913.731, 1128.71
913.802, 1128.71
913.879, 1128.71
913.962, 1128.71
914.049, 1128.71
914.142, 1128.71
914.239, 1128.71
914.339, 1128.71
914.444, 1128.71
914.551, 1128.71
914.662, 1128.71
914.774, 1128.72
914.889, 1128.72
915.005, 1128.72
915.121, 1128.72
915.239, 1128.72
915.356, 1128.72
915.472, 1128.72
915.588, 1128.72
915.703, 1128.72
915.816, 1128.72
915.927, 1128.73
916.036, 1128.73
916.143, 1128.73
916.246, 1128.73
916.347, 1128.73
916.445, 1128.73
916.54, 1128.73
916.633, 1128.73
916.722, 1128.73
916.808, 1128.73
916.892, 1128.73
916.974, 1128.73
917.054, 1128.73
917.133, 1128.74
917.138, 1128.74
917.145, 1128.74
917.154, 1128.74
917.166, 1128.74
917.183, 1128.74
917.206, 1128.74
917.234, 1128.74
917.269, 1128.74
917.311, 1128.74
917.361, 1128.75
917.418, 1128.75
917.483, 1128.75
917.556, 1128.76
917.636, 1128.76
917.724, 1128.77
917.82, 1128.77
917.923, 1128.78
918.033, 1128.79
918.149, 1128.79
918.272, 1128.8
918.4, 1128.81
918.533, 1128.81
918.672, 1128.82
918.814, 1128.83
918.96, 1128.83
919.109, 1128.84
919.26, 1128.85
919.413, 1128.86
919.568, 1128.86
919.722, 1128.87
919.877, 1128.88
920.032, 1128.88
920.185, 1128.89
920.336, 1128.9
920.486, 1128.9
920.633, 1128.91
920.777, 1128.91
920.918, 1128.92
921.055, 1128.92
921.189, 1128.93
921.319, 1128.93
921.445, 1128.93
921.568, 1128.94
921.686, 1128.94
921.801, 1128.94
921.913, 1128.94
922.022, 1128.94
922.129, 1128.94
922.234, 1128.94

waypoints
x, y
913.395, 1128.7
913.425, 1128.7
913.461, 1128.7
913.503, 1128.7
913.551, 1128.7
913.605, 1128.71
913.665, 1128.71
913.731, 1128.71
913.802, 1128.71
913.879, 1128.71
913.962, 1128.71
914.049, 1128.71
914.142, 1128.71
914.239, 1128.71
914.339, 1128.71
914.444, 1128.71
914.551, 1128.71
914.662, 1128.71
914.774, 1128.72
914.889, 1128.72
915.005, 1128.72
915.121, 1128.72
915.239, 1128.72
915.356, 1128.72
915.472, 1128.72
915.588, 1128.72
915.703, 1128.72
915.816, 1128.72
915.927, 1128.73
916.036, 1128.73
916.143, 1128.73
916.246, 1128.73
916.347, 1128.73
916.445, 1128.73
916.54, 1128.73
916.633, 1128.73
916.722, 1128.73
916.808, 1128.73
916.892, 1128.73
916.974, 1128.73
917.054, 1128.73
917.133, 1128.74
917.138, 1128.74
917.145, 1128.74
917.154, 1128.74
917.166, 1128.74
917.183, 1128.74
917.206, 1128.74
917.234, 1128.74
917.269, 1128.74
917.311, 1128.74
917.361, 1128.75
917.418, 1128.75
917.483, 1128.75
917.556, 1128.76
917.636, 1128.76
917.724, 1128.77
917.82, 1128.77
917.923, 1128.78
918.033, 1128.79
918.149, 1128.79
918.271, 1128.8
918.4, 1128.81
918.533, 1128.81
918.672, 1128.82
918.814, 1128.83
918.96, 1128.83
919.109, 1128.84
919.26, 1128.85
919.413, 1128.86
919.568, 1128.86
919.722, 1128.87
919.877, 1128.88
920.032, 1128.88
920.185, 1128.89
920.336, 1128.9
920.486, 1128.9
920.633, 1128.91
920.777, 1128.91
920.918, 1128.92
921.055, 1128.92
921.189, 1128.93
921.319, 1128.93
921.445, 1128.93
921.568, 1128.94
921.686, 1128.94
921.801, 1128.94
921.913, 1128.94
922.022, 1128.94
922.129, 1128.94
922.234, 1128.94

waypoints
x, y
913.551, 1128.7
913.605, 1128.71
913.665, 1128.71
913.731, 1128.71
913.802, 1128.71
913.879, 1128.71
913.962, 1128.71
914.049, 1128.71
914.142, 1128.71
914.239, 1128.71
914.339, 1128.71
914.444, 1128.71
914.551, 1128.71
914.662, 1128.71
914.774, 1128.72
914.889, 1128.72
915.005, 1128.72
915.121, 1128.72
915.239, 1128.72
915.356, 1128.72
915.472, 1128.72
915.588, 1128.72
915.703, 1128.72
915.816, 1128.72
915.927, 1128.73
916.036, 1128.73
916.143, 1128.73
916.246, 1128.73
916.347, 1128.73
916.445, 1128.73
916.54, 1128.73
916.633, 1128.73
916.722, 1128.73
916.808, 1128.73
916.892, 1128.73
916.974, 1128.73
917.054, 1128.73
917.133, 1128.74
917.138, 1128.74
917.145, 1128.74
917.154, 1128.74
917.166, 1128.74
917.183, 1128.74
917.206, 1128.74
917.234, 1128.74
917.269, 1128.74
917.311, 1128.74
917.361, 1128.75
917.418, 1128.75
917.483, 1128.75
917.556, 1128.76
917.636, 1128.76
917.724, 1128.77
917.82, 1128.77
917.923, 1128.78
918.033, 1128.79
918.149, 1128.79
918.271, 1128.8
918.4, 1128.81
918.533, 1128.81
918.672, 1128.82
918.814, 1128.83
918.96, 1128.83
919.109, 1128.84
919.26, 1128.85
919.413, 1128.86
919.568, 1128.86
919.722, 1128.87
919.877, 1128.88
920.032, 1128.88
920.185, 1128.89
920.336, 1128.9
920.486, 1128.9
920.633, 1128.91
920.777, 1128.91
920.918, 1128.92
921.055, 1128.92
921.189, 1128.93
921.319, 1128.93
921.445, 1128.93
921.568, 1128.94
921.686, 1128.94
921.801, 1128.94
921.913, 1128.94
922.022, 1128.94
922.129, 1128.94
922.234, 1128.94

waypoints
x, y
913.731, 1128.71
913.802, 1128.71
913.879, 1128.71
913.962, 1128.71
914.049, 1128.71
914.142, 1128.71
914.239, 1128.71
914.339, 1128.71
914.444, 1128.71
914.551, 1128.71
914.662, 1128.71
914.774, 1128.72
914.889, 1128.72
915.005, 1128.72
915.121, 1128.72
915.239, 1128.72
915.356, 1128.72
915.472, 1128.72
915.588, 1128.72
915.703, 1128.72
915.816, 1128.72
915.927, 1128.73
916.036, 1128.73
916.143, 1128.73
916.246, 1128.73
916.347, 1128.73
916.445, 1128.73
916.54, 1128.73
916.633, 1128.73
916.722, 1128.73
916.808, 1128.73
916.892, 1128.73
916.974, 1128.73
917.054, 1128.73
917.133, 1128.74
917.138, 1128.74
917.145, 1128.74
917.154, 1128.74
917.166, 1128.74
917.183, 1128.74
917.206, 1128.74
917.234, 1128.74
917.269, 1128.74
917.311, 1128.74
917.361, 1128.75
917.418, 1128.75
917.483, 1128.75
917.556, 1128.76
917.636, 1128.76
917.724, 1128.77
917.82, 1128.77
917.923, 1128.78
918.033, 1128.79
918.149, 1128.79
918.271, 1128.8
918.4, 1128.81
918.533, 1128.81
918.672, 1128.82
918.814, 1128.83
918.96, 1128.83
919.109, 1128.84
919.26, 1128.85
919.413, 1128.86
919.568, 1128.86
919.722, 1128.87
919.877, 1128.88
920.032, 1128.88
920.185, 1128.89
920.336, 1128.9
920.486, 1128.9
920.633, 1128.91
920.777, 1128.91
920.918, 1128.92
921.055, 1128.92
921.189, 1128.93
921.319, 1128.93
921.445, 1128.93
921.568, 1128.94
921.686, 1128.94
921.801, 1128.94
921.913, 1128.94
922.022, 1128.94
922.129, 1128.94
922.234, 1128.94

waypoints
x, y
914.049, 1128.71
914.142, 1128.71
914.239, 1128.71
914.339, 1128.71
914.444, 1128.71
914.551, 1128.71
914.662, 1128.71
914.774, 1128.72
914.889, 1128.72
915.005, 1128.72
915.121, 1128.72
915.239, 1128.72
915.356, 1128.72
915.472, 1128.72
915.588, 1128.72
915.703, 1128.72
915.816, 1128.72
915.927, 1128.73
916.036, 1128.73
916.143, 1128.73
916.246, 1128.73
916.347, 1128.73
916.445, 1128.73
916.54, 1128.73
916.633, 1128.73
916.722, 1128.73
916.808, 1128.73
916.892, 1128.73
916.974, 1128.73
917.054, 1128.73
917.133, 1128.74
917.138, 1128.74
917.145, 1128.74
917.154, 1128.74
917.166, 1128.74
917.183, 1128.74
917.206, 1128.74
917.234, 1128.74
917.269, 1128.74
917.311, 1128.74
917.361, 1128.75
917.418, 1128.75
917.483, 1128.75
917.556, 1128.76
917.636, 1128.76
917.724, 1128.77
917.82, 1128.77
917.923, 1128.78
918.033, 1128.79
918.149, 1128.79
918.271, 1128.8
918.4, 1128.81
918.533, 1128.81
918.672, 1128.82
918.814, 1128.83
918.96, 1128.83
919.109, 1128.84
919.26, 1128.85
919.413, 1128.86
919.568, 1128.86
919.722, 1128.87
919.877, 1128.88
920.032, 1128.88
920.185, 1128.89
920.336, 1128.9
920.486, 1128.9
920.633, 1128.91
920.777, 1128.91
920.918, 1128.92
921.055, 1128.92
921.189, 1128.93
921.319, 1128.93
921.445, 1128.93
921.568, 1128.94
921.686, 1128.94
921.801, 1128.94
921.913, 1128.94
922.022, 1128.94
922.129, 1128.94
922.234, 1128.94

waypoints
x, y
914.444, 1128.71
914.551, 1128.71
914.662, 1128.71
914.774, 1128.72
914.889, 1128.72
915.005, 1128.72
915.121, 1128.72
915.239, 1128.72
915.356, 1128.72
915.472, 1128.72
915.588, 1128.72
915.703, 1128.72
915.816, 1128.72
915.927, 1128.73
916.036, 1128.73
916.143, 1128.73
916.246, 1128.73
916.347, 1128.73
916.445, 1128.73
916.54, 1128.73
916.633, 1128.73
916.722, 1128.73
916.808, 1128.73
916.892, 1128.73
916.974, 1128.73
917.054, 1128.73
917.133, 1128.74
917.138, 1128.74
917.145, 1128.74
917.154, 1128.74
917.166, 1128.74
917.183, 1128.74
917.206, 1128.74
917.234, 1128.74
917.269, 1128.74
917.311, 1128.74
917.361, 1128.75
917.418, 1128.75
917.483, 1128.75
917.556, 1128.76
917.636, 1128.76
917.724, 1128.77
917.82, 1128.77
917.923, 1128.78
918.033, 1128.79
918.149, 1128.79
918.271, 1128.8
918.4, 1128.81
918.533, 1128.81
918.672, 1128.82
918.814, 1128.83
918.96, 1128.83
919.109, 1128.84
919.26, 1128.85
919.413, 1128.86
919.568, 1128.86
919.722, 1128.87
919.877, 1128.88
920.032, 1128.88
920.185, 1128.89
920.336, 1128.9
920.486, 1128.9
920.633, 1128.91
920.777, 1128.91
920.918, 1128.92
921.055, 1128.92
921.189, 1128.93
921.319, 1128.93
921.445, 1128.93
921.568, 1128.94
921.686, 1128.94
921.801, 1128.94
921.913, 1128.94
922.022, 1128.94
922.129, 1128.94
922.234, 1128.94

waypoints
x, y
914.889, 1128.72
915.005, 1128.72
915.121, 1128.72
915.239, 1128.72
915.356, 1128.72
915.472, 1128.72
915.588, 1128.72
915.703, 1128.72
915.816, 1128.72
915.927, 1128.73
916.036, 1128.73
916.143, 1128.73
916.246, 1128.73
916.347, 1128.73
916.445, 1128.73
916.54, 1128.73
916.633, 1128.73
916.722, 1128.73
916.808, 1128.73
916.892, 1128.73
916.974, 1128.73
917.054, 1128.73
917.133, 1128.74
917.138, 1128.74
917.145, 1128.74
917.154, 1128.74
917.166, 1128.74
917.183, 1128.74
917.206, 1128.74
917.234, 1128.74
917.269, 1128.74
917.311, 1128.74
917.361, 1128.75
917.418, 1128.75
917.483, 1128.75
917.556, 1128.76
917.636, 1128.76
917.724, 1128.77
917.82, 1128.77
917.923, 1128.78
918.033, 1128.79
918.149, 1128.79
918.271, 1128.8
918.4, 1128.81
918.533, 1128.81
918.672, 1128.82
918.814, 1128.83
918.96, 1128.83
919.109, 1128.84
919.26, 1128.85
919.413, 1128.86
919.568, 1128.86
919.722, 1128.87
919.877, 1128.88
920.032, 1128.88
920.185, 1128.89
920.336, 1128.9
920.486, 1128.9
920.633, 1128.91
920.777, 1128.91
920.918, 1128.92
921.055, 1128.92
921.189, 1128.93
921.319, 1128.93
921.445, 1128.93
921.568, 1128.94
921.686, 1128.94
921.801, 1128.94
921.913, 1128.94
922.022, 1128.94
922.129, 1128.94
922.234, 1128.94

waypoints
x, y
915.356, 1128.72
915.472, 1128.72
915.588, 1128.72
915.703, 1128.72
915.816, 1128.72
915.927, 1128.73
916.036, 1128.73
916.143, 1128.73
916.246, 1128.73
916.347, 1128.73
916.445, 1128.73
916.54, 1128.73
916.633, 1128.73
916.722, 1128.73
916.808, 1128.73
916.892, 1128.73
916.974, 1128.73
917.054, 1128.73
917.133, 1128.74
917.138, 1128.74
917.145, 1128.74
917.154, 1128.74
917.166, 1128.74
917.183, 1128.74
917.206, 1128.74
917.234, 1128.74
917.269, 1128.74
917.311, 1128.74
917.361, 1128.75
917.418, 1128.75
917.483, 1128.75
917.556, 1128.76
917.636, 1128.76
917.724, 1128.77
917.82, 1128.77
917.923, 1128.78
918.033, 1128.79
918.149, 1128.79
918.271, 1128.8
918.4, 1128.81
918.533, 1128.81
918.672, 1128.82
918.814, 1128.83
918.96, 1128.83
919.109, 1128.84
919.26, 1128.85
919.413, 1128.86
919.568, 1128.86
919.722, 1128.87
919.877, 1128.88
920.032, 1128.88
920.185, 1128.89
920.336, 1128.9
920.486, 1128.9
920.633, 1128.91
920.777, 1128.91
920.918, 1128.92
921.055, 1128.92
921.189, 1128.93
921.319, 1128.93
921.445, 1128.93
921.568, 1128.94
921.686, 1128.94
921.801, 1128.94
921.913, 1128.94
922.022, 1128.94
922.129, 1128.94
922.234, 1128.94

waypoints
x, y
915.816, 1128.72
915.927, 1128.73
916.036, 1128.73
916.143, 1128.73
916.246, 1128.73
916.347, 1128.73
916.445, 1128.73
916.54, 1128.73
916.633, 1128.73
916.722, 1128.73
916.808, 1128.73
916.892, 1128.73
916.974, 1128.73
917.054, 1128.73
917.133, 1128.74
917.138, 1128.74
917.145, 1128.74
917.154, 1128.74
917.166, 1128.74
917.183, 1128.74
917.206, 1128.74
917.234, 1128.74
917.269, 1128.74
917.311, 1128.74
917.361, 1128.75
917.418, 1128.75
917.483, 1128.75
917.556, 1128.76
917.636, 1128.76
917.724, 1128.77
917.82, 1128.77
917.923, 1128.78
918.033, 1128.79
918.149, 1128.79
918.271, 1128.8
918.4, 1128.81
918.533, 1128.81
918.672, 1128.82
918.814, 1128.83
918.96, 1128.83
919.109, 1128.84
919.26, 1128.85
919.413, 1128.86
919.568, 1128.86
919.722, 1128.87
919.877, 1128.88
920.032, 1128.88
920.185, 1128.89
920.336, 1128.9
920.486, 1128.9
920.633, 1128.91
920.777, 1128.91
920.918, 1128.92
921.055, 1128.92
921.189, 1128.93
921.319, 1128.93
921.445, 1128.93
921.568, 1128.94
921.686, 1128.94
921.801, 1128.94
921.913, 1128.94
922.022, 1128.94
922.129, 1128.94
922.234, 1128.94

waypoints
x, y
916.246, 1128.73
916.347, 1128.73
916.445, 1128.73
916.54, 1128.73
916.633, 1128.73
916.722, 1128.73
916.808, 1128.73
916.892, 1128.73
916.974, 1128.73
917.054, 1128.73
917.133, 1128.74
917.138, 1128.74
917.145, 1128.74
917.154, 1128.74
917.166, 1128.74
917.183, 1128.74
917.206, 1128.74
917.234, 1128.74
917.269, 1128.74
917.311, 1128.74
917.361, 1128.75
917.418, 1128.75
917.483, 1128.75
917.556, 1128.76
917.636, 1128.76
917.724, 1128.77
917.82, 1128.77
917.923, 1128.78
918.033, 1128.79
918.149, 1128.79
918.271, 1128.8
918.4, 1128.81
918.533, 1128.81
918.672, 1128.82
918.814, 1128.83
918.96, 1128.83
919.109, 1128.84
919.26, 1128.85
919.413, 1128.86
919.568, 1128.86
919.722, 1128.87
919.877, 1128.88
920.032, 1128.88
920.185, 1128.89
920.336, 1128.9
920.486, 1128.9
920.633, 1128.91
920.777, 1128.91
920.918, 1128.92
921.055, 1128.92
921.189, 1128.93
921.319, 1128.93
921.445, 1128.93
921.568, 1128.94
921.686, 1128.94
921.801, 1128.94
921.913, 1128.94
922.022, 1128.94
922.129, 1128.94
922.234, 1128.94

waypoints
x, y
916.54, 1128.73
916.633, 1128.73
916.722, 1128.73
916.808, 1128.73
916.892, 1128.73
916.974, 1128.73
917.054, 1128.73
917.133, 1128.74
917.138, 1128.74
917.145, 1128.74
917.154, 1128.74
917.166, 1128.74
917.183, 1128.74
917.206, 1128.74
917.234, 1128.74
917.269, 1128.74
917.311, 1128.74
917.361, 1128.75
917.418, 1128.75
917.483, 1128.75
917.556, 1128.76
917.636, 1128.76
917.724, 1128.77
917.82, 1128.77
917.923, 1128.78
918.033, 1128.79
918.149, 1128.79
918.271, 1128.8
918.4, 1128.81
918.533, 1128.81
918.672, 1128.82
918.814, 1128.83
918.96, 1128.83
919.109, 1128.84
919.26, 1128.85
919.413, 1128.86
919.568, 1128.86
919.722, 1128.87
919.877, 1128.88
920.032, 1128.88
920.185, 1128.89
920.336, 1128.9
920.486, 1128.9
920.633, 1128.91
920.777, 1128.91
920.918, 1128.92
921.055, 1128.92
921.189, 1128.93
921.319, 1128.93
921.445, 1128.93
921.568, 1128.94
921.686, 1128.94
921.801, 1128.94
921.913, 1128.94
922.022, 1128.94
922.129, 1128.94
922.234, 1128.94

waypoints
x, y
916.892, 1128.73
916.974, 1128.73
917.054, 1128.73
917.133, 1128.74
917.138, 1128.74
917.145, 1128.74
917.154, 1128.74
917.166, 1128.74
917.183, 1128.74
917.206, 1128.74
917.234, 1128.74
917.269, 1128.74
917.311, 1128.74
917.361, 1128.75
917.418, 1128.75
917.483, 1128.75
917.556, 1128.76
917.636, 1128.76
917.724, 1128.77
917.82, 1128.77
917.923, 1128.78
918.033, 1128.79
918.149, 1128.79
918.271, 1128.8
918.4, 1128.81
918.533, 1128.81
918.672, 1128.82
918.814, 1128.83
918.96, 1128.83
919.109, 1128.84
919.26, 1128.85
919.413, 1128.86
919.568, 1128.86
919.722, 1128.87
919.877, 1128.88
920.032, 1128.88
920.185, 1128.89
920.336, 1128.9
920.486, 1128.9
920.633, 1128.91
920.777, 1128.91
920.918, 1128.92
921.055, 1128.92
921.189, 1128.93
921.319, 1128.93
921.445, 1128.93
921.568, 1128.94
921.686, 1128.94
921.801, 1128.94
921.913, 1128.94
922.022, 1128.94
922.129, 1128.94
922.234, 1128.94

waypoints
x, y
917.138, 1128.74
917.145, 1128.74
917.154, 1128.74
917.166, 1128.74
917.183, 1128.74
917.206, 1128.74
917.234, 1128.74
917.269, 1128.74
917.311, 1128.74
917.361, 1128.75
917.418, 1128.75
917.483, 1128.75
917.556, 1128.76
917.636, 1128.76
917.724, 1128.77
917.82, 1128.77
917.923, 1128.78
918.033, 1128.79
918.149, 1128.79
918.271, 1128.8
918.4, 1128.81
918.533, 1128.81
918.672, 1128.82
918.814, 1128.83
918.96, 1128.83
919.109, 1128.84
919.26, 1128.85
919.413, 1128.86
919.568, 1128.86
919.722, 1128.87
919.877, 1128.88
920.032, 1128.88
920.185, 1128.89
920.336, 1128.9
920.486, 1128.9
920.633, 1128.91
920.777, 1128.91
920.918, 1128.92
921.055, 1128.92
921.189, 1128.93
921.319, 1128.93
921.445, 1128.93
921.568, 1128.94
921.686, 1128.94
921.801, 1128.94
921.913, 1128.94
922.022, 1128.94
922.129, 1128.94
922.234, 1128.94
922.313, 1128.95
922.393, 1128.95
922.474, 1128.95
922.556, 1128.95
922.641, 1128.95
922.728, 1128.95
922.817, 1128.95
922.91, 1128.95
923.006, 1128.95
923.105, 1128.95
923.208, 1128.95
923.314, 1128.95
923.424, 1128.96
923.538, 1128.96
923.654, 1128.96
923.775, 1128.96
923.898, 1128.96
924.025, 1128.96
924.155, 1128.96
924.288, 1128.96
924.423, 1128.96
924.56, 1128.96
924.7, 1128.97
924.842, 1128.97
924.985, 1128.97
925.129, 1128.97
925.275, 1128.97
925.422, 1128.97
925.569, 1128.97
925.716, 1128.97
925.863, 1128.98
926.01, 1128.98
926.157, 1128.98
926.303, 1128.98
926.447, 1128.98
926.591, 1128.98
926.734, 1128.98
926.874, 1128.98
927.014, 1128.99
927.152, 1128.99
927.287, 1128.99
927.422, 1128.99
927.554, 1128.99
927.685, 1128.99
927.814, 1128.99
927.942, 1128.99
928.068, 1129
928.193, 1129
928.318, 1129

waypoints
x, y
917.183, 1128.74
917.206, 1128.74
917.234, 1128.74
917.269, 1128.74
917.311, 1128.74
917.361, 1128.75
917.418, 1128.75
917.483, 1128.75
917.556, 1128.76
917.636, 1128.76
917.724, 1128.77
917.82, 1128.77
917.923, 1128.78
918.033, 1128.79
918.149, 1128.79
918.271, 1128.8
918.4, 1128.81
918.533, 1128.81
918.672, 1128.82
918.814, 1128.83
918.96, 1128.83
919.109, 1128.84
919.26, 1128.85
919.413, 1128.86
919.568, 1128.86
919.722, 1128.87
919.877, 1128.88
920.032, 1128.88
920.185, 1128.89
920.336, 1128.9
920.486, 1128.9
920.633, 1128.91
920.777, 1128.91
920.918, 1128.92
921.055, 1128.92
921.189, 1128.93
921.319, 1128.93
921.445, 1128.93
921.568, 1128.94
921.686, 1128.94
921.801, 1128.94
921.913, 1128.94
922.022, 1128.94
922.129, 1128.94
922.234, 1128.94
922.313, 1128.94
922.393, 1128.95
922.474, 1128.95
922.556, 1128.95
922.641, 1128.95
922.728, 1128.95
922.817, 1128.95
922.91, 1128.95
923.006, 1128.95
923.105, 1128.95
923.208, 1128.95
923.314, 1128.95
923.424, 1128.95
923.538, 1128.96
923.654, 1128.96
923.775, 1128.96
923.898, 1128.96
924.025, 1128.96
924.155, 1128.96
924.288, 1128.96
924.423, 1128.96
924.56, 1128.96
924.7, 1128.97
924.842, 1128.97
924.985, 1128.97
925.13, 1128.97
925.275, 1128.97
925.422, 1128.97
925.569, 1128.97
925.716, 1128.97
925.863, 1128.98
926.01, 1128.98
926.157, 1128.98
926.303, 1128.98
926.447, 1128.98
926.591, 1128.98
926.734, 1128.98
926.875, 1128.98
927.014, 1128.99
927.152, 1128.99
927.288, 1128.99
927.422, 1128.99
927.554, 1128.99
927.685, 1128.99
927.814, 1128.99
927.942, 1128.99
928.068, 1128.99
928.193, 1129
928.318, 1129

waypoints
x, y
917.311, 1128.74
917.361, 1128.75
917.418, 1128.75
917.483, 1128.75
917.556, 1128.76
917.636, 1128.76
917.724, 1128.77
917.82, 1128.77
917.923, 1128.78
918.033, 1128.79
918.149, 1128.79
918.271, 1128.8
918.4, 1128.81
918.533, 1128.81
918.672, 1128.82
918.814, 1128.83
918.96, 1128.83
919.109, 1128.84
919.26, 1128.85
919.413, 1128.86
919.568, 1128.86
919.722, 1128.87
919.877, 1128.88
920.032, 1128.88
920.185, 1128.89
920.336, 1128.9
920.486, 1128.9
920.633, 1128.91
920.777, 1128.91
920.918, 1128.92
921.055, 1128.92
921.189, 1128.93
921.319, 1128.93
921.445, 1128.93
921.568, 1128.94
921.686, 1128.94
921.801, 1128.94
921.913, 1128.94
922.022, 1128.94
922.129, 1128.94
922.234, 1128.94
922.313, 1128.94
922.393, 1128.95
922.474, 1128.95
922.556, 1128.95
922.641, 1128.95
922.728, 1128.95
922.817, 1128.95
922.91, 1128.95
923.006, 1128.95
923.105, 1128.95
923.208, 1128.95
923.314, 1128.95
923.424, 1128.95
923.538, 1128.96
923.654, 1128.96
923.775, 1128.96
923.898, 1128.96
924.025, 1128.96
924.155, 1128.96
924.288, 1128.96
924.423, 1128.96
924.56, 1128.96
924.7, 1128.97
924.842, 1128.97
924.985, 1128.97
925.13, 1128.97
925.275, 1128.97
925.422, 1128.97
925.569, 1128.97
925.716, 1128.97
925.863, 1128.98
926.01, 1128.98
926.157, 1128.98
926.303, 1128.98
926.447, 1128.98
926.591, 1128.98
926.734, 1128.98
926.875, 1128.98
927.014, 1128.99
927.152, 1128.99
927.288, 1128.99
927.422, 1128.99
927.554, 1128.99
927.685, 1128.99
927.814, 1128.99
927.942, 1128.99
928.068, 1128.99
928.193, 1129
928.318, 1129

waypoints
x, y
917.556, 1128.76
917.636, 1128.76
917.724, 1128.77
917.82, 1128.77
917.923, 1128.78
918.033, 1128.79
918.149, 1128.79
918.271, 1128.8
918.4, 1128.81
918.533, 1128.81
918.672, 1128.82
918.814, 1128.83
918.96, 1128.83
919.109, 1128.84
919.26, 1128.85
919.413, 1128.86
919.568, 1128.86
919.722, 1128.87
919.877, 1128.88
920.032, 1128.88
920.185, 1128.89
920.336, 1128.9
920.486, 1128.9
920.633, 1128.91
920.777, 1128.91
920.918, 1128.92
921.055, 1128.92
921.189, 1128.93
921.319, 1128.93
921.445, 1128.93
921.568, 1128.94
921.686, 1128.94
921.801, 1128.94
921.913, 1128.94
922.022, 1128.94
922.129, 1128.94
922.234, 1128.94
922.313, 1128.94
922.393, 1128.95
922.474, 1128.95
922.556, 1128.95
922.641, 1128.95
922.728, 1128.95
922.817, 1128.95
922.91, 1128.95
923.006, 1128.95
923.105, 1128.95
923.208, 1128.95
923.314, 1128.95
923.424, 1128.95
923.538, 1128.96
923.654, 1128.96
923.775, 1128.96
923.898, 1128.96
924.025, 1128.96
924.155, 1128.96
924.288, 1128.96
924.423, 1128.96
924.56, 1128.96
924.7, 1128.97
924.842, 1128.97
924.985, 1128.97
925.13, 1128.97
925.275, 1128.97
925.422, 1128.97
925.569, 1128.97
925.716, 1128.97
925.863, 1128.98
926.01, 1128.98
926.157, 1128.98
926.303, 1128.98
926.447, 1128.98
926.591, 1128.98
926.734, 1128.98
926.875, 1128.98
927.014, 1128.99
927.152, 1128.99
927.288, 1128.99
927.422, 1128.99
927.554, 1128.99
927.685, 1128.99
927.814, 1128.99
927.942, 1128.99
928.068, 1128.99
928.193, 1129
928.318, 1129

waypoints
x, y
917.923, 1128.78
918.033, 1128.79
918.149, 1128.79
918.271, 1128.8
918.4, 1128.81
918.533, 1128.81
918.672, 1128.82
918.814, 1128.83
918.96, 1128.83
919.109, 1128.84
919.26, 1128.85
919.413, 1128.86
919.568, 1128.86
919.722, 1128.87
919.877, 1128.88
920.032, 1128.88
920.185, 1128.89
920.336, 1128.9
920.486, 1128.9
920.633, 1128.91
920.777, 1128.91
920.918, 1128.92
921.055, 1128.92
921.189, 1128.93
921.319, 1128.93
921.445, 1128.93
921.568, 1128.94
921.686, 1128.94
921.801, 1128.94
921.913, 1128.94
922.022, 1128.94
922.129, 1128.94
922.234, 1128.94
922.313, 1128.94
922.393, 1128.95
922.474, 1128.95
922.556, 1128.95
922.641, 1128.95
922.728, 1128.95
922.817, 1128.95
922.91, 1128.95
923.006, 1128.95
923.105, 1128.95
923.208, 1128.95
923.314, 1128.95
923.424, 1128.95
923.538, 1128.96
923.654, 1128.96
923.775, 1128.96
923.898, 1128.96
924.025, 1128.96
924.155, 1128.96
924.288, 1128.96
924.423, 1128.96
924.56, 1128.96
924.7, 1128.97
924.842, 1128.97
924.985, 1128.97
925.13, 1128.97
925.275, 1128.97
925.422, 1128.97
925.569, 1128.97
925.716, 1128.97
925.863, 1128.98
926.01, 1128.98
926.157, 1128.98
926.303, 1128.98
926.447, 1128.98
926.591, 1128.98
926.734, 1128.98
926.875, 1128.98
927.014, 1128.99
927.152, 1128.99
927.288, 1128.99
927.422, 1128.99
927.554, 1128.99
927.685, 1128.99
927.814, 1128.99
927.942, 1128.99
928.068, 1128.99
928.193, 1129
928.318, 1129

waypoints
x, y
918.4, 1128.81
918.533, 1128.81
918.672, 1128.82
918.814, 1128.83
918.96, 1128.83
919.109, 1128.84
919.26, 1128.85
919.413, 1128.86
919.568, 1128.86
919.722, 1128.87
919.877, 1128.88
920.032, 1128.88
920.185, 1128.89
920.336, 1128.9
920.486, 1128.9
920.633, 1128.91
920.777, 1128.91
920.918, 1128.92
921.055, 1128.92
921.189, 1128.93
921.319, 1128.93
921.445, 1128.93
921.568, 1128.94
921.686, 1128.94
921.801, 1128.94
921.913, 1128.94
922.022, 1128.94
922.129, 1128.94
922.234, 1128.94
922.313, 1128.94
922.393, 1128.95
922.474, 1128.95
922.556, 1128.95
922.641, 1128.95
922.728, 1128.95
922.817, 1128.95
922.91, 1128.95
923.006, 1128.95
923.105, 1128.95
923.208, 1128.95
923.314, 1128.95
923.424, 1128.95
923.538, 1128.96
923.654, 1128.96
923.775, 1128.96
923.898, 1128.96
924.025, 1128.96
924.155, 1128.96
924.288, 1128.96
924.423, 1128.96
924.56, 1128.96
924.7, 1128.97
924.842, 1128.97
924.985, 1128.97
925.13, 1128.97
925.275, 1128.97
925.422, 1128.97
925.569, 1128.97
925.716, 1128.97
925.863, 1128.98
926.01, 1128.98
926.157, 1128.98
926.303, 1128.98
926.447, 1128.98
926.591, 1128.98
926.734, 1128.98
926.875, 1128.98
927.014, 1128.99
927.152, 1128.99
927.288, 1128.99
927.422, 1128.99
927.554, 1128.99
927.685, 1128.99
927.814, 1128.99
927.942, 1128.99
928.068, 1128.99
928.193, 1129
928.318, 1129

waypoints
x, y
918.96, 1128.83
919.109, 1128.84
919.26, 1128.85
919.413, 1128.86
919.568, 1128.86
919.722, 1128.87
919.877, 1128.88
920.032, 1128.88
920.185, 1128.89
920.336, 1128.9
920.486, 1128.9
920.633, 1128.91
920.777, 1128.91
920.918, 1128.92
921.055, 1128.92
921.189, 1128.93
921.319, 1128.93
921.445, 1128.93
921.568, 1128.94
921.686, 1128.94
921.801, 1128.94
921.913, 1128.94
922.022, 1128.94
922.129, 1128.94
922.234, 1128.94
922.313, 1128.94
922.393, 1128.95
922.474, 1128.95
922.556, 1128.95
922.641, 1128.95
922.728, 1128.95
922.817, 1128.95
922.91, 1128.95
923.006, 1128.95
923.105, 1128.95
923.208, 1128.95
923.314, 1128.95
923.424, 1128.95
923.538, 1128.96
923.654, 1128.96
923.775, 1128.96
923.898, 1128.96
924.025, 1128.96
924.155, 1128.96
924.288, 1128.96
924.423, 1128.96
924.56, 1128.96
924.7, 1128.97
924.842, 1128.97
924.985, 1128.97
925.13, 1128.97
925.275, 1128.97
925.422, 1128.97
925.569, 1128.97
925.716, 1128.97
925.863, 1128.98
926.01, 1128.98
926.157, 1128.98
926.303, 1128.98
926.447, 1128.98
926.591, 1128.98
926.734, 1128.98
926.875, 1128.98
927.014, 1128.99
927.152, 1128.99
927.288, 1128.99
927.422, 1128.99
927.554, 1128.99
927.685, 1128.99
927.814, 1128.99
927.942, 1128.99
928.068, 1128.99
928.193, 1129
928.318, 1129

waypoints
x, y
919.568, 1128.86
919.722, 1128.87
919.877, 1128.88
920.032, 1128.88
920.185, 1128.89
920.336, 1128.9
920.486, 1128.9
920.633, 1128.91
920.777, 1128.91
920.918, 1128.92
921.055, 1128.92
921.189, 1128.93
921.319, 1128.93
921.445, 1128.93
921.568, 1128.94
921.686, 1128.94
921.801, 1128.94
921.913, 1128.94
922.022, 1128.94
922.129, 1128.94
922.234, 1128.94
922.313, 1128.94
922.393, 1128.95
922.474, 1128.95
922.556, 1128.95
922.641, 1128.95
922.728, 1128.95
922.817, 1128.95
922.91, 1128.95
923.006, 1128.95
923.105, 1128.95
923.208, 1128.95
923.314, 1128.95
923.424, 1128.95
923.538, 1128.96
923.654, 1128.96
923.775, 1128.96
923.898, 1128.96
924.025, 1128.96
924.155, 1128.96
924.288, 1128.96
924.423, 1128.96
924.56, 1128.96
924.7, 1128.97
924.842, 1128.97
924.985, 1128.97
925.13, 1128.97
925.275, 1128.97
925.422, 1128.97
925.569, 1128.97
925.716, 1128.97
925.863, 1128.98
926.01, 1128.98
926.157, 1128.98
926.303, 1128.98
926.447, 1128.98
926.591, 1128.98
926.734, 1128.98
926.875, 1128.98
927.014, 1128.99
927.152, 1128.99
927.288, 1128.99
927.422, 1128.99
927.554, 1128.99
927.685, 1128.99
927.814, 1128.99
927.942, 1128.99
928.068, 1128.99
928.193, 1129
928.318, 1129

waypoints
x, y
920.185, 1128.89
920.336, 1128.9
920.486, 1128.9
920.633, 1128.91
920.777, 1128.91
920.918, 1128.92
921.055, 1128.92
921.189, 1128.93
921.319, 1128.93
921.445, 1128.93
921.568, 1128.94
921.686, 1128.94
921.801, 1128.94
921.913, 1128.94
922.022, 1128.94
922.129, 1128.94
922.234, 1128.94
922.313, 1128.94
922.393, 1128.95
922.474, 1128.95
922.556, 1128.95
922.641, 1128.95
922.728, 1128.95
922.817, 1128.95
922.91, 1128.95
923.006, 1128.95
923.105, 1128.95
923.208, 1128.95
923.314, 1128.95
923.424, 1128.95
923.538, 1128.96
923.654, 1128.96
923.775, 1128.96
923.898, 1128.96
924.025, 1128.96
924.155, 1128.96
924.288, 1128.96
924.423, 1128.96
924.56, 1128.96
924.7, 1128.97
924.842, 1128.97
924.985, 1128.97
925.13, 1128.97
925.275, 1128.97
925.422, 1128.97
925.569, 1128.97
925.716, 1128.97
925.863, 1128.98
926.01, 1128.98
926.157, 1128.98
926.303, 1128.98
926.447, 1128.98
926.591, 1128.98
926.734, 1128.98
926.875, 1128.98
927.014, 1128.99
927.152, 1128.99
927.288, 1128.99
927.422, 1128.99
927.554, 1128.99
927.685, 1128.99
927.814, 1128.99
927.942, 1128.99
928.068, 1128.99
928.193, 1129
928.318, 1129

waypoints
x, y
920.633, 1128.91
920.777, 1128.91
920.918, 1128.92
921.055, 1128.92
921.189, 1128.93
921.319, 1128.93
921.445, 1128.93
921.568, 1128.94
921.686, 1128.94
921.801, 1128.94
921.913, 1128.94
922.022, 1128.94
922.129, 1128.94
922.234, 1128.94
922.313, 1128.94
922.393, 1128.95
922.474, 1128.95
922.556, 1128.95
922.641, 1128.95
922.728, 1128.95
922.817, 1128.95
922.91, 1128.95
923.006, 1128.95
923.105, 1128.95
923.208, 1128.95
923.314, 1128.95
923.424, 1128.95
923.538, 1128.96
923.654, 1128.96
923.775, 1128.96
923.898, 1128.96
924.025, 1128.96
924.155, 1128.96
924.288, 1128.96
924.423, 1128.96
924.56, 1128.96
924.7, 1128.97
924.842, 1128.97
924.985, 1128.97
925.13, 1128.97
925.275, 1128.97
925.422, 1128.97
925.569, 1128.97
925.716, 1128.97
925.863, 1128.98
926.01, 1128.98
926.157, 1128.98
926.303, 1128.98
926.447, 1128.98
926.591, 1128.98
926.734, 1128.98
926.875, 1128.98
927.014, 1128.99
927.152, 1128.99
927.288, 1128.99
927.422, 1128.99
927.554, 1128.99
927.685, 1128.99
927.814, 1128.99
927.942, 1128.99
928.068, 1128.99
928.193, 1129
928.318, 1129

waypoints
x, y
921.189, 1128.93
921.319, 1128.93
921.445, 1128.93
921.568, 1128.94
921.686, 1128.94
921.801, 1128.94
921.913, 1128.94
922.022, 1128.94
922.129, 1128.94
922.234, 1128.94
922.313, 1128.94
922.393, 1128.95
922.474, 1128.95
922.556, 1128.95
922.641, 1128.95
922.728, 1128.95
922.817, 1128.95
922.91, 1128.95
923.006, 1128.95
923.105, 1128.95
923.208, 1128.95
923.314, 1128.95
923.424, 1128.95
923.538, 1128.96
923.654, 1128.96
923.775, 1128.96
923.898, 1128.96
924.025, 1128.96
924.155, 1128.96
924.288, 1128.96
924.423, 1128.96
924.56, 1128.96
924.7, 1128.97
924.842, 1128.97
924.985, 1128.97
925.13, 1128.97
925.275, 1128.97
925.422, 1128.97
925.569, 1128.97
925.716, 1128.97
925.863, 1128.98
926.01, 1128.98
926.157, 1128.98
926.303, 1128.98
926.447, 1128.98
926.591, 1128.98
926.734, 1128.98
926.875, 1128.98
927.014, 1128.99
927.152, 1128.99
927.288, 1128.99
927.422, 1128.99
927.554, 1128.99
927.685, 1128.99
927.814, 1128.99
927.942, 1128.99
928.068, 1128.99
928.193, 1129
928.318, 1129

waypoints
x, y
921.686, 1128.94
921.801, 1128.94
921.913, 1128.94
922.022, 1128.94
922.129, 1128.94
922.234, 1128.94
922.313, 1128.94
922.393, 1128.95
922.474, 1128.95
922.556, 1128.95
922.641, 1128.95
922.728, 1128.95
922.817, 1128.95
922.91, 1128.95
923.006, 1128.95
923.105, 1128.95
923.208, 1128.95
923.314, 1128.95
923.424, 1128.95
923.538, 1128.96
923.654, 1128.96
923.775, 1128.96
923.898, 1128.96
924.025, 1128.96
924.155, 1128.96
924.288, 1128.96
924.423, 1128.96
924.56, 1128.96
924.7, 1128.97
924.842, 1128.97
924.985, 1128.97
925.13, 1128.97
925.275, 1128.97
925.422, 1128.97
925.569, 1128.97
925.716, 1128.97
925.863, 1128.98
926.01, 1128.98
926.157, 1128.98
926.303, 1128.98
926.447, 1128.98
926.591, 1128.98
926.734, 1128.98
926.875, 1128.98
927.014, 1128.99
927.152, 1128.99
927.288, 1128.99
927.422, 1128.99
927.554, 1128.99
927.685, 1128.99
927.814, 1128.99
927.942, 1128.99
928.068, 1128.99
928.193, 1129
928.318, 1129

waypoints
x, y
922.234, 1128.94
922.313, 1128.94
922.393, 1128.95
922.474, 1128.95
922.556, 1128.95
922.641, 1128.95
922.728, 1128.95
922.817, 1128.95
922.91, 1128.95
923.006, 1128.95
923.105, 1128.95
923.208, 1128.95
923.314, 1128.95
923.424, 1128.95
923.538, 1128.96
923.654, 1128.96
923.775, 1128.96
923.898, 1128.96
924.025, 1128.96
924.155, 1128.96
924.288, 1128.96
924.423, 1128.96
924.56, 1128.96
924.7, 1128.97
924.842, 1128.97
924.985, 1128.97
925.13, 1128.97
925.275, 1128.97
925.422, 1128.97
925.569, 1128.97
925.716, 1128.97
925.863, 1128.98
926.01, 1128.98
926.157, 1128.98
926.303, 1128.98
926.447, 1128.98
926.591, 1128.98
926.734, 1128.98
926.875, 1128.98
927.014, 1128.99
927.152, 1128.99
927.288, 1128.99
927.422, 1128.99
927.554, 1128.99
927.685, 1128.99
927.814, 1128.99
927.942, 1128.99
928.068, 1128.99
928.193, 1129
928.318, 1129

waypoints
x, y
922.474, 1128.95
922.556, 1128.95
922.641, 1128.95
922.728, 1128.95
922.817, 1128.95
922.91, 1128.95
923.006, 1128.95
923.105, 1128.95
923.208, 1128.95
923.314, 1128.95
923.424, 1128.95
923.538, 1128.96
923.654, 1128.96
923.775, 1128.96
923.898, 1128.96
924.025, 1128.96
924.155, 1128.96
924.288, 1128.96
924.423, 1128.96
924.56, 1128.96
924.7, 1128.97
924.842, 1128.97
924.985, 1128.97
925.13, 1128.97
925.275, 1128.97
925.422, 1128.97
925.569, 1128.97
925.716, 1128.97
925.863, 1128.98
926.01, 1128.98
926.157, 1128.98
926.303, 1128.98
926.447, 1128.98
926.591, 1128.98
926.734, 1128.98
926.875, 1128.98
927.014, 1128.99
927.152, 1128.99
927.288, 1128.99
927.422, 1128.99
927.554, 1128.99
927.685, 1128.99
927.814, 1128.99
927.942, 1128.99
928.068, 1128.99
928.193, 1129
928.318, 1129
928.398, 1129
928.479, 1129
928.561, 1129
928.646, 1129
928.734, 1129
928.827, 1129
928.923, 1129
929.024, 1129
929.13, 1129
929.242, 1129
929.358, 1129.01
929.481, 1129.01
929.609, 1129.01
929.742, 1129.01
929.881, 1129.01
930.025, 1129.01
930.174, 1129.01
930.329, 1129.01
930.488, 1129.02
930.651, 1129.02
930.818, 1129.02
930.99, 1129.02
931.164, 1129.02
931.341, 1129.02
931.521, 1129.02
931.703, 1129.03
931.887, 1129.03
932.072, 1129.03
932.258, 1129.03
932.444, 1129.03
932.631, 1129.03
932.817, 1129.04
933.002, 1129.04
933.186, 1129.04
933.368, 1129.04
933.549, 1129.04
933.727, 1129.04
933.904, 1129.05
934.078, 1129.05
934.249, 1129.05
934.418, 1129.05
934.584, 1129.05
934.747, 1129.05
934.907, 1129.05
935.666, 1129.1
935.821, 1129.11
935.974, 1129.13
936.125, 1129.15
936.275, 1129.16

waypoints
x, y
922.817, 1128.95
922.91, 1128.95
923.006, 1128.95
923.105, 1128.95
923.208, 1128.95
923.314, 1128.95
923.424, 1128.95
923.538, 1128.96
923.654, 1128.96
923.775, 1128.96
923.898, 1128.96
924.025, 1128.96
924.155, 1128.96
924.288, 1128.96
924.423, 1128.96
924.56, 1128.96
924.7, 1128.97
924.842, 1128.97
924.985, 1128.97
925.13, 1128.97
925.275, 1128.97
925.422, 1128.97
925.569, 1128.97
925.716, 1128.97
925.863, 1128.98
926.01, 1128.98
926.157, 1128.98
926.303, 1128.98
926.447, 1128.98
926.591, 1128.98
926.734, 1128.98
926.875, 1128.98
927.014, 1128.99
927.152, 1128.99
927.288, 1128.99
927.422, 1128.99
927.554, 1128.99
927.685, 1128.99
927.814, 1128.99
927.942, 1128.99
928.068, 1128.99
928.193, 1129
928.318, 1129
928.398, 1129
928.479, 1129
928.561, 1129
928.646, 1129
928.735, 1129
928.827, 1129
928.923, 1129
929.024, 1129
929.13, 1129
929.242, 1129.01
929.358, 1129.01
929.481, 1129.01
929.609, 1129.01
929.742, 1129.01
929.881, 1129.01
930.025, 1129.01
930.174, 1129.01
930.329, 1129.01
930.488, 1129.02
930.651, 1129.02
930.818, 1129.02
930.99, 1129.02
931.164, 1129.02
931.341, 1129.02
931.521, 1129.03
931.703, 1129.03
931.887, 1129.03
932.072, 1129.03
932.258, 1129.03
932.444, 1129.03
932.631, 1129.03
932.817, 1129.04
933.002, 1129.04
933.186, 1129.04
933.368, 1129.04
933.549, 1129.04
933.727, 1129.04
933.904, 1129.05
934.078, 1129.05
934.249, 1129.05
934.418, 1129.05
934.583, 1129.05
934.747, 1129.05
934.907, 1129.05
935.666, 1129.1
935.821, 1129.11
935.974, 1129.13
936.125, 1129.15
936.275, 1129.16

waypoints
x, y
923.208, 1128.95
923.314, 1128.95
923.424, 1128.95
923.538, 1128.96
923.654, 1128.96
923.775, 1128.96
923.898, 1128.96
924.025, 1128.96
924.155, 1128.96
924.288, 1128.96
924.423, 1128.96
924.56, 1128.96
924.7, 1128.97
924.842, 1128.97
924.985, 1128.97
925.13, 1128.97
925.275, 1128.97
925.422, 1128.97
925.569, 1128.97
925.716, 1128.97
925.863, 1128.98
926.01, 1128.98
926.157, 1128.98
926.303, 1128.98
926.447, 1128.98
926.591, 1128.98
926.734, 1128.98
926.875, 1128.98
927.014, 1128.99
927.152, 1128.99
927.288, 1128.99
927.422, 1128.99
927.554, 1128.99
927.685, 1128.99
927.814, 1128.99
927.942, 1128.99
928.068, 1128.99
928.193, 1129
928.318, 1129
928.398, 1129
928.479, 1129
928.561, 1129
928.646, 1129
928.735, 1129
928.827, 1129
928.923, 1129
929.024, 1129
929.13, 1129
929.242, 1129.01
929.358, 1129.01
929.481, 1129.01
929.609, 1129.01
929.742, 1129.01
929.881, 1129.01
930.025, 1129.01
930.174, 1129.01
930.329, 1129.01
930.488, 1129.02
930.651, 1129.02
930.818, 1129.02
930.99, 1129.02
931.164, 1129.02
931.341, 1129.02
931.521, 1129.03
931.703, 1129.03
931.887, 1129.03
932.072, 1129.03
932.258, 1129.03
932.444, 1129.03
932.631, 1129.03
932.817, 1129.04
933.002, 1129.04
933.186, 1129.04
933.368, 1129.04
933.549, 1129.04
933.727, 1129.04
933.904, 1129.05
934.078, 1129.05
934.249, 1129.05
934.418, 1129.05
934.583, 1129.05
934.747, 1129.05
934.907, 1129.05
935.666, 1129.1
935.821, 1129.11
935.974, 1129.13
936.125, 1129.15
936.275, 1129.16

waypoints
x, y
923.654, 1128.96
923.775, 1128.96
923.898, 1128.96
924.025, 1128.96
924.155, 1128.96
924.288, 1128.96
924.423, 1128.96
924.56, 1128.96
924.7, 1128.97
924.842, 1128.97
924.985, 1128.97
925.13, 1128.97
925.275, 1128.97
925.422, 1128.97
925.569, 1128.97
925.716, 1128.97
925.863, 1128.98
926.01, 1128.98
926.157, 1128.98
926.303, 1128.98
926.447, 1128.98
926.591, 1128.98
926.734, 1128.98
926.875, 1128.98
927.014, 1128.99
927.152, 1128.99
927.288, 1128.99
927.422, 1128.99
927.554, 1128.99
927.685, 1128.99
927.814, 1128.99
927.942, 1128.99
928.068, 1128.99
928.193, 1129
928.318, 1129
928.398, 1129
928.479, 1129
928.561, 1129
928.646, 1129
928.735, 1129
928.827, 1129
928.923, 1129
929.024, 1129
929.13, 1129
929.242, 1129.01
929.358, 1129.01
929.481, 1129.01
929.609, 1129.01
929.742, 1129.01
929.881, 1129.01
930.025, 1129.01
930.174, 1129.01
930.329, 1129.01
930.488, 1129.02
930.651, 1129.02
930.818, 1129.02
930.99, 1129.02
931.164, 1129.02
931.341, 1129.02
931.521, 1129.03
931.703, 1129.03
931.887, 1129.03
932.072, 1129.03
932.258, 1129.03
932.444, 1129.03
932.631, 1129.03
932.817, 1129.04
933.002, 1129.04
933.186, 1129.04
933.368, 1129.04
933.549, 1129.04
933.727, 1129.04
933.904, 1129.05
934.078, 1129.05
934.249, 1129.05
934.418, 1129.05
934.583, 1129.05
934.747, 1129.05
934.907, 1129.05
935.666, 1129.1
935.821, 1129.11
935.974, 1129.13
936.125, 1129.15
936.275, 1129.16

waypoints
x, y
924.025, 1128.96
924.155, 1128.96
924.288, 1128.96
924.423, 1128.96
924.56, 1128.96
924.7, 1128.97
924.842, 1128.97
924.985, 1128.97
925.13, 1128.97
925.275, 1128.97
925.422, 1128.97
925.569, 1128.97
925.716, 1128.97
925.863, 1128.98
926.01, 1128.98
926.157, 1128.98
926.303, 1128.98
926.447, 1128.98
926.591, 1128.98
926.734, 1128.98
926.875, 1128.98
927.014, 1128.99
927.152, 1128.99
927.288, 1128.99
927.422, 1128.99
927.554, 1128.99
927.685, 1128.99
927.814, 1128.99
927.942, 1128.99
928.068, 1128.99
928.193, 1129
928.318, 1129
928.398, 1129
928.479, 1129
928.561, 1129
928.646, 1129
928.735, 1129
928.827, 1129
928.923, 1129
929.024, 1129
929.13, 1129
929.242, 1129.01
929.358, 1129.01
929.481, 1129.01
929.609, 1129.01
929.742, 1129.01
929.881, 1129.01
930.025, 1129.01
930.174, 1129.01
930.329, 1129.01
930.488, 1129.02
930.651, 1129.02
930.818, 1129.02
930.99, 1129.02
931.164, 1129.02
931.341, 1129.02
931.521, 1129.03
931.703, 1129.03
931.887, 1129.03
932.072, 1129.03
932.258, 1129.03
932.444, 1129.03
932.631, 1129.03
932.817, 1129.04
933.002, 1129.04
933.186, 1129.04
933.368, 1129.04
933.549, 1129.04
933.727, 1129.04
933.904, 1129.05
934.078, 1129.05
934.249, 1129.05
934.418, 1129.05
934.583, 1129.05
934.747, 1129.05
934.907, 1129.05
935.666, 1129.1
935.821, 1129.11
935.974, 1129.13
936.125, 1129.15
936.275, 1129.16

waypoints
x, y
924.56, 1128.96
924.7, 1128.97
924.842, 1128.97
924.985, 1128.97
925.13, 1128.97
925.275, 1128.97
925.422, 1128.97
925.569, 1128.97
925.716, 1128.97
925.863, 1128.98
926.01, 1128.98
926.157, 1128.98
926.303, 1128.98
926.447, 1128.98
926.591, 1128.98
926.734, 1128.98
926.875, 1128.98
927.014, 1128.99
927.152, 1128.99
927.288, 1128.99
927.422, 1128.99
927.554, 1128.99
927.685, 1128.99
927.814, 1128.99
927.942, 1128.99
928.068, 1128.99
928.193, 1129
928.318, 1129
928.398, 1129
928.479, 1129
928.561, 1129
928.646, 1129
928.735, 1129
928.827, 1129
928.923, 1129
929.024, 1129
929.13, 1129
929.242, 1129.01
929.358, 1129.01
929.481, 1129.01
929.609, 1129.01
929.742, 1129.01
929.881, 1129.01
930.025, 1129.01
930.174, 1129.01
930.329, 1129.01
930.488, 1129.02
930.651, 1129.02
930.818, 1129.02
930.99, 1129.02
931.164, 1129.02
931.341, 1129.02
931.521, 1129.03
931.703, 1129.03
931.887, 1129.03
932.072, 1129.03
932.258, 1129.03
932.444, 1129.03
932.631, 1129.03
932.817, 1129.04
933.002, 1129.04
933.186, 1129.04
933.368, 1129.04
933.549, 1129.04
933.727, 1129.04
933.904, 1129.05
934.078, 1129.05
934.249, 1129.05
934.418, 1129.05
934.583, 1129.05
934.747, 1129.05
934.907, 1129.05
935.666, 1129.1
935.821, 1129.11
935.974, 1129.13
936.125, 1129.15
936.275, 1129.16

waypoints
x, y
925.13, 1128.97
925.275, 1128.97
925.422, 1128.97
925.569, 1128.97
925.716, 1128.97
925.863, 1128.98
926.01, 1128.98
926.157, 1128.98
926.303, 1128.98
926.447, 1128.98
926.591, 1128.98
926.734, 1128.98
926.875, 1128.98
927.014, 1128.99
927.152, 1128.99
927.288, 1128.99
927.422, 1128.99
927.554, 1128.99
927.685, 1128.99
927.814, 1128.99
927.942, 1128.99
928.068, 1128.99
928.193, 1129
928.318, 1129
928.398, 1129
928.479, 1129
928.561, 1129
928.646, 1129
928.735, 1129
928.827, 1129
928.923, 1129
929.024, 1129
929.13, 1129
929.242, 1129.01
929.358, 1129.01
929.481, 1129.01
929.609, 1129.01
929.742, 1129.01
929.881, 1129.01
930.025, 1129.01
930.174, 1129.01
930.329, 1129.01
930.488, 1129.02
930.651, 1129.02
930.818, 1129.02
930.99, 1129.02
931.164, 1129.02
931.341, 1129.02
931.521, 1129.03
931.703, 1129.03
931.887, 1129.03
932.072, 1129.03
932.258, 1129.03
932.444, 1129.03
932.631, 1129.03
932.817, 1129.04
933.002, 1129.04
933.186, 1129.04
933.368, 1129.04
933.549, 1129.04
933.727, 1129.04
933.904, 1129.05
934.078, 1129.05
934.249, 1129.05
934.418, 1129.05
934.583, 1129.05
934.747, 1129.05
934.907, 1129.05
935.666, 1129.1
935.821, 1129.11
935.974, 1129.13
936.125, 1129.15
936.275, 1129.16

waypoints
x, y
925.569, 1128.97
925.716, 1128.97
925.863, 1128.98
926.01, 1128.98
926.157, 1128.98
926.303, 1128.98
926.447, 1128.98
926.591, 1128.98
926.734, 1128.98
926.875, 1128.98
927.014, 1128.99
927.152, 1128.99
927.288, 1128.99
927.422, 1128.99
927.554, 1128.99
927.685, 1128.99
927.814, 1128.99
927.942, 1128.99
928.068, 1128.99
928.193, 1129
928.318, 1129
928.398, 1129
928.479, 1129
928.561, 1129
928.646, 1129
928.735, 1129
928.827, 1129
928.923, 1129
929.024, 1129
929.13, 1129
929.242, 1129.01
929.358, 1129.01
929.481, 1129.01
929.609, 1129.01
929.742, 1129.01
929.881, 1129.01
930.025, 1129.01
930.174, 1129.01
930.329, 1129.01
930.488, 1129.02
930.651, 1129.02
930.818, 1129.02
930.99, 1129.02
931.164, 1129.02
931.341, 1129.02
931.521, 1129.03
931.703, 1129.03
931.887, 1129.03
932.072, 1129.03
932.258, 1129.03
932.444, 1129.03
932.631, 1129.03
932.817, 1129.04
933.002, 1129.04
933.186, 1129.04
933.368, 1129.04
933.549, 1129.04
933.727, 1129.04
933.904, 1129.05
934.078, 1129.05
934.249, 1129.05
934.418, 1129.05
934.583, 1129.05
934.747, 1129.05
934.907, 1129.05
935.666, 1129.1
935.821, 1129.11
935.974, 1129.13
936.125, 1129.15
936.275, 1129.16

waypoints
x, y
926.157, 1128.98
926.303, 1128.98
926.447, 1128.98
926.591, 1128.98
926.734, 1128.98
926.875, 1128.98
927.014, 1128.99
927.152, 1128.99
927.288, 1128.99
927.422, 1128.99
927.554, 1128.99
927.685, 1128.99
927.814, 1128.99
927.942, 1128.99
928.068, 1128.99
928.193, 1129
928.318, 1129
928.398, 1129
928.479, 1129
928.561, 1129
928.646, 1129
928.735, 1129
928.827, 1129
928.923, 1129
929.024, 1129
929.13, 1129
929.242, 1129.01
929.358, 1129.01
929.481, 1129.01
929.609, 1129.01
929.742, 1129.01
929.881, 1129.01
930.025, 1129.01
930.174, 1129.01
930.329, 1129.01
930.488, 1129.02
930.651, 1129.02
930.818, 1129.02
930.99, 1129.02
931.164, 1129.02
931.341, 1129.02
931.521, 1129.03
931.703, 1129.03
931.887, 1129.03
932.072, 1129.03
932.258, 1129.03
932.444, 1129.03
932.631, 1129.03
932.817, 1129.04
933.002, 1129.04
933.186, 1129.04
933.368, 1129.04
933.549, 1129.04
933.727, 1129.04
933.904, 1129.05
934.078, 1129.05
934.249, 1129.05
934.418, 1129.05
934.583, 1129.05
934.747, 1129.05
934.907, 1129.05
935.666, 1129.1
935.821, 1129.11
935.974, 1129.13
936.125, 1129.15
936.275, 1129.16

waypoints
x, y
926.734, 1128.98
926.875, 1128.98
927.014, 1128.99
927.152, 1128.99
927.288, 1128.99
927.422, 1128.99
927.554, 1128.99
927.685, 1128.99
927.814, 1128.99
927.942, 1128.99
928.068, 1128.99
928.193, 1129
928.318, 1129
928.398, 1129
928.479, 1129
928.561, 1129
928.646, 1129
928.735, 1129
928.827, 1129
928.923, 1129
929.024, 1129
929.13, 1129
929.242, 1129.01
929.358, 1129.01
929.481, 1129.01
929.609, 1129.01
929.742, 1129.01
929.881, 1129.01
930.025, 1129.01
930.174, 1129.01
930.329, 1129.01
930.488, 1129.02
930.651, 1129.02
930.818, 1129.02
930.99, 1129.02
931.164, 1129.02
931.341, 1129.02
931.521, 1129.03
931.703, 1129.03
931.887, 1129.03
932.072, 1129.03
932.258, 1129.03
932.444, 1129.03
932.631, 1129.03
932.817, 1129.04
933.002, 1129.04
933.186, 1129.04
933.368, 1129.04
933.549, 1129.04
933.727, 1129.04
933.904, 1129.05
934.078, 1129.05
934.249, 1129.05
934.418, 1129.05
934.583, 1129.05
934.747, 1129.05
934.907, 1129.05
935.666, 1129.1
935.821, 1129.11
935.974, 1129.13
936.125, 1129.15
936.275, 1129.16

waypoints
x, y
927.288, 1128.99
927.422, 1128.99
927.554, 1128.99
927.685, 1128.99
927.814, 1128.99
927.942, 1128.99
928.068, 1128.99
928.193, 1129
928.318, 1129
928.398, 1129
928.479, 1129
928.561, 1129
928.646, 1129
928.735, 1129
928.827, 1129
928.923, 1129
929.024, 1129
929.13, 1129
929.242, 1129.01
929.358, 1129.01
929.481, 1129.01
929.609, 1129.01
929.742, 1129.01
929.881, 1129.01
930.025, 1129.01
930.174, 1129.01
930.329, 1129.01
930.488, 1129.02
930.651, 1129.02
930.818, 1129.02
930.99, 1129.02
931.164, 1129.02
931.341, 1129.02
931.521, 1129.03
931.703, 1129.03
931.887, 1129.03
932.072, 1129.03
932.258, 1129.03
932.444, 1129.03
932.631, 1129.03
932.817, 1129.04
933.002, 1129.04
933.186, 1129.04
933.368, 1129.04
933.549, 1129.04
933.727, 1129.04
933.904, 1129.05
934.078, 1129.05
934.249, 1129.05
934.418, 1129.05
934.583, 1129.05
934.747, 1129.05
934.907, 1129.05
935.666, 1129.1
935.821, 1129.11
935.974, 1129.13
936.125, 1129.15
936.275, 1129.16

waypoints
x, y
927.685, 1128.99
927.814, 1128.99
927.942, 1128.99
928.068, 1128.99
928.193, 1129
928.318, 1129
928.398, 1129
928.479, 1129
928.561, 1129
928.646, 1129
928.735, 1129
928.827, 1129
928.923, 1129
929.024, 1129
929.13, 1129
929.242, 1129.01
929.358, 1129.01
929.481, 1129.01
929.609, 1129.01
929.742, 1129.01
929.881, 1129.01
930.025, 1129.01
930.174, 1129.01
930.329, 1129.01
930.488, 1129.02
930.651, 1129.02
930.818, 1129.02
930.99, 1129.02
931.164, 1129.02
931.341, 1129.02
931.521, 1129.03
931.703, 1129.03
931.887, 1129.03
932.072, 1129.03
932.258, 1129.03
932.444, 1129.03
932.631, 1129.03
932.817, 1129.04
933.002, 1129.04
933.186, 1129.04
933.368, 1129.04
933.549, 1129.04
933.727, 1129.04
933.904, 1129.05
934.078, 1129.05
934.249, 1129.05
934.418, 1129.05
934.583, 1129.05
934.747, 1129.05
934.907, 1129.05
935.666, 1129.1
935.821, 1129.11
935.974, 1129.13
936.125, 1129.15
936.275, 1129.16

waypoints
x, y
928.193, 1129
928.318, 1129
928.398, 1129
928.479, 1129
928.561, 1129
928.646, 1129
928.735, 1129
928.827, 1129
928.923, 1129
929.024, 1129
929.13, 1129
929.242, 1129.01
929.358, 1129.01
929.481, 1129.01
929.609, 1129.01
929.742, 1129.01
929.881, 1129.01
930.025, 1129.01
930.174, 1129.01
930.329, 1129.01
930.488, 1129.02
930.651, 1129.02
930.818, 1129.02
930.99, 1129.02
931.164, 1129.02
931.341, 1129.02
931.521, 1129.03
931.703, 1129.03
931.887, 1129.03
932.072, 1129.03
932.258, 1129.03
932.444, 1129.03
932.631, 1129.03
932.817, 1129.04
933.002, 1129.04
933.186, 1129.04
933.368, 1129.04
933.549, 1129.04
933.727, 1129.04
933.904, 1129.05
934.078, 1129.05
934.249, 1129.05
934.418, 1129.05
934.583, 1129.05
934.747, 1129.05
934.907, 1129.05
935.666, 1129.1
935.821, 1129.11
935.974, 1129.13
936.125, 1129.15
936.275, 1129.16

waypoints
x, y
928.479, 1129
928.561, 1129
928.646, 1129
928.735, 1129
928.827, 1129
928.923, 1129
929.024, 1129
929.13, 1129
929.242, 1129.01
929.358, 1129.01
929.481, 1129.01
929.609, 1129.01
929.742, 1129.01
929.881, 1129.01
930.025, 1129.01
930.174, 1129.01
930.329, 1129.01
930.488, 1129.02
930.651, 1129.02
930.818, 1129.02
930.99, 1129.02
931.164, 1129.02
931.341, 1129.02
931.521, 1129.03
931.703, 1129.03
931.887, 1129.03
932.072, 1129.03
932.258, 1129.03
932.444, 1129.03
932.631, 1129.03
932.817, 1129.04
933.002, 1129.04
933.186, 1129.04
933.368, 1129.04
933.549, 1129.04
933.727, 1129.04
933.904, 1129.05
934.078, 1129.05
934.249, 1129.05
934.418, 1129.05
934.583, 1129.05
934.747, 1129.05
934.907, 1129.05
935.666, 1129.1
935.821, 1129.11
935.974, 1129.13
936.125, 1129.15
936.275, 1129.16
936.355, 1129.17
936.435, 1129.18
936.519, 1129.19
936.605, 1129.2
936.696, 1129.21
936.793, 1129.22
936.895, 1129.23
937.003, 1129.24
937.118, 1129.25
937.241, 1129.27
937.371, 1129.28
937.508, 1129.3
937.653, 1129.31
937.805, 1129.33
937.965, 1129.35
938.132, 1129.37
938.306, 1129.38
938.487, 1129.4
938.674, 1129.42
938.867, 1129.45
939.065, 1129.47
939.269, 1129.49
939.477, 1129.51
939.689, 1129.54
939.905, 1129.56
940.124, 1129.58
940.344, 1129.61
940.567, 1129.63
940.791, 1129.66
941.015, 1129.68
941.239, 1129.71
941.463, 1129.73
941.685, 1129.75
941.906, 1129.78
942.126, 1129.8
942.342, 1129.83
942.556, 1129.85
942.767, 1129.87
942.974, 1129.9
943.178, 1129.92
943.378, 1129.94
943.575, 1129.96
943.768, 1129.98
943.957, 1130
944.143, 1130.02
944.325, 1130.04
944.505, 1130.06
944.683, 1130.08
944.859, 1130.1

waypoints
x, y
928.827, 1129
928.923, 1129
929.024, 1129
929.13, 1129
929.242, 1129.01
929.358, 1129.01
929.481, 1129.01
929.609, 1129.01
929.742, 1129.01
929.881, 1129.01
930.025, 1129.01
930.174, 1129.01
930.329, 1129.01
930.488, 1129.02
930.651, 1129.02
930.818, 1129.02
930.99, 1129.02
931.164, 1129.02
931.341, 1129.02
931.521, 1129.03
931.703, 1129.03
931.887, 1129.03
932.072, 1129.03
932.258, 1129.03
932.444, 1129.03
932.631, 1129.03
932.817, 1129.04
933.002, 1129.04
933.186, 1129.04
933.368, 1129.04
933.549, 1129.04
933.727, 1129.04
933.904, 1129.05
934.078, 1129.05
934.249, 1129.05
934.418, 1129.05
934.583, 1129.05
934.747, 1129.05
934.907, 1129.05
935.666, 1129.1
935.821, 1129.11
935.974, 1129.13
936.125, 1129.15
936.275, 1129.16
936.355, 1129.17
936.435, 1129.18
936.519, 1129.19
936.605, 1129.2
936.696, 1129.21
936.793, 1129.22
936.895, 1129.23
937.003, 1129.24
937.119, 1129.25
937.241, 1129.27
937.371, 1129.28
937.508, 1129.3
937.653, 1129.31
937.805, 1129.33
937.965, 1129.35
938.132, 1129.37
938.306, 1129.38
938.487, 1129.4
938.674, 1129.42
938.867, 1129.45
939.066, 1129.47
939.269, 1129.49
939.477, 1129.51
939.689, 1129.54
939.905, 1129.56
940.124, 1129.58
940.344, 1129.61
940.567, 1129.63
940.791, 1129.66
941.015, 1129.68
941.239, 1129.71
941.463, 1129.73
941.685, 1129.75
941.906, 1129.78
942.125, 1129.8
942.342, 1129.83
942.556, 1129.85
942.767, 1129.87
942.974, 1129.9
943.178, 1129.92
943.378, 1129.94
943.575, 1129.96
943.768, 1129.98
943.957, 1130
944.143, 1130.02
944.325, 1130.04
944.505, 1130.06
944.683, 1130.08
944.859, 1130.1

waypoints
x, y
929.242, 1129.01
929.358, 1129.01
929.481, 1129.01
929.609, 1129.01
929.742, 1129.01
929.881, 1129.01
930.025, 1129.01
930.174, 1129.01
930.329, 1129.01
930.488, 1129.02
930.651, 1129.02
930.818, 1129.02
930.99, 1129.02
931.164, 1129.02
931.341, 1129.02
931.521, 1129.03
931.703, 1129.03
931.887, 1129.03
932.072, 1129.03
932.258, 1129.03
932.444, 1129.03
932.631, 1129.03
932.817, 1129.04
933.002, 1129.04
933.186, 1129.04
933.368, 1129.04
933.549, 1129.04
933.727, 1129.04
933.904, 1129.05
934.078, 1129.05
934.249, 1129.05
934.418, 1129.05
934.583, 1129.05
934.747, 1129.05
934.907, 1129.05
935.666, 1129.1
935.821, 1129.11
935.974, 1129.13
936.125, 1129.15
936.275, 1129.16
936.355, 1129.17
936.435, 1129.18
936.519, 1129.19
936.605, 1129.2
936.696, 1129.21
936.793, 1129.22
936.895, 1129.23
937.003, 1129.24
937.119, 1129.25
937.241, 1129.27
937.371, 1129.28
937.508, 1129.3
937.653, 1129.31
937.805, 1129.33
937.965, 1129.35
938.132, 1129.37
938.306, 1129.38
938.487, 1129.4
938.674, 1129.42
938.867, 1129.45
939.066, 1129.47
939.269, 1129.49
939.477, 1129.51
939.689, 1129.54
939.905, 1129.56
940.124, 1129.58
940.344, 1129.61
940.567, 1129.63
940.791, 1129.66
941.015, 1129.68
941.239, 1129.71
941.463, 1129.73
941.685, 1129.75
941.906, 1129.78
942.125, 1129.8
942.342, 1129.83
942.556, 1129.85
942.767, 1129.87
942.974, 1129.9
943.178, 1129.92
943.378, 1129.94
943.575, 1129.96
943.768, 1129.98
943.957, 1130
944.143, 1130.02
944.325, 1130.04
944.505, 1130.06
944.683, 1130.08
944.859, 1130.1

waypoints
x, y
929.742, 1129.01
929.881, 1129.01
930.025, 1129.01
930.174, 1129.01
930.329, 1129.01
930.488, 1129.02
930.651, 1129.02
930.818, 1129.02
930.99, 1129.02
931.164, 1129.02
931.341, 1129.02
931.521, 1129.03
931.703, 1129.03
931.887, 1129.03
932.072, 1129.03
932.258, 1129.03
932.444, 1129.03
932.631, 1129.03
932.817, 1129.04
933.002, 1129.04
933.186, 1129.04
933.368, 1129.04
933.549, 1129.04
933.727, 1129.04
933.904, 1129.05
934.078, 1129.05
934.249, 1129.05
934.418, 1129.05
934.583, 1129.05
934.747, 1129.05
934.907, 1129.05
935.666, 1129.1
935.821, 1129.11
935.974, 1129.13
936.125, 1129.15
936.275, 1129.16
936.355, 1129.17
936.435, 1129.18
936.519, 1129.19
936.605, 1129.2
936.696, 1129.21
936.793, 1129.22
936.895, 1129.23
937.003, 1129.24
937.119, 1129.25
937.241, 1129.27
937.371, 1129.28
937.508, 1129.3
937.653, 1129.31
937.805, 1129.33
937.965, 1129.35
938.132, 1129.37
938.306, 1129.38
938.487, 1129.4
938.674, 1129.42
938.867, 1129.45
939.066, 1129.47
939.269, 1129.49
939.477, 1129.51
939.689, 1129.54
939.905, 1129.56
940.124, 1129.58
940.344, 1129.61
940.567, 1129.63
940.791, 1129.66
941.015, 1129.68
941.239, 1129.71
941.463, 1129.73
941.685, 1129.75
941.906, 1129.78
942.125, 1129.8
942.342, 1129.83
942.556, 1129.85
942.767, 1129.87
942.974, 1129.9
943.178, 1129.92
943.378, 1129.94
943.575, 1129.96
943.768, 1129.98
943.957, 1130
944.143, 1130.02
944.325, 1130.04
944.505, 1130.06
944.683, 1130.08
944.859, 1130.1

waypoints
x, y
930.329, 1129.01
930.488, 1129.02
930.651, 1129.02
930.818, 1129.02
930.99, 1129.02
931.164, 1129.02
931.341, 1129.02
931.521, 1129.03
931.703, 1129.03
931.887, 1129.03
932.072, 1129.03
932.258, 1129.03
932.444, 1129.03
932.631, 1129.03
932.817, 1129.04
933.002, 1129.04
933.186, 1129.04
933.368, 1129.04
933.549, 1129.04
933.727, 1129.04
933.904, 1129.05
934.078, 1129.05
934.249, 1129.05
934.418, 1129.05
934.583, 1129.05
934.747, 1129.05
934.907, 1129.05
935.666, 1129.1
935.821, 1129.11
935.974, 1129.13
936.125, 1129.15
936.275, 1129.16
936.355, 1129.17
936.435, 1129.18
936.519, 1129.19
936.605, 1129.2
936.696, 1129.21
936.793, 1129.22
936.895, 1129.23
937.003, 1129.24
937.119, 1129.25
937.241, 1129.27
937.371, 1129.28
937.508, 1129.3
937.653, 1129.31
937.805, 1129.33
937.965, 1129.35
938.132, 1129.37
938.306, 1129.38
938.487, 1129.4
938.674, 1129.42
938.867, 1129.45
939.066, 1129.47
939.269, 1129.49
939.477, 1129.51
939.689, 1129.54
939.905, 1129.56
940.124, 1129.58
940.344, 1129.61
940.567, 1129.63
940.791, 1129.66
941.015, 1129.68
941.239, 1129.71
941.463, 1129.73
941.685, 1129.75
941.906, 1129.78
942.125, 1129.8
942.342, 1129.83
942.556, 1129.85
942.767, 1129.87
942.974, 1129.9
943.178, 1129.92
943.378, 1129.94
943.575, 1129.96
943.768, 1129.98
943.957, 1130
944.143, 1130.02
944.325, 1130.04
944.505, 1130.06
944.683, 1130.08
944.859, 1130.1

waypoints
x, y
930.99, 1129.02
931.164, 1129.02
931.341, 1129.02
931.521, 1129.03
931.703, 1129.03
931.887, 1129.03
932.072, 1129.03
932.258, 1129.03
932.444, 1129.03
932.631, 1129.03
932.817, 1129.04
933.002, 1129.04
933.186, 1129.04
933.368, 1129.04
933.549, 1129.04
933.727, 1129.04
933.904, 1129.05
934.078, 1129.05
934.249, 1129.05
934.418, 1129.05
934.583, 1129.05
934.747, 1129.05
934.907, 1129.05
935.666, 1129.1
935.821, 1129.11
935.974, 1129.13
936.125, 1129.15
936.275, 1129.16
936.355, 1129.17
936.435, 1129.18
936.519, 1129.19
936.605, 1129.2
936.696, 1129.21
936.793, 1129.22
936.895, 1129.23
937.003, 1129.24
937.119, 1129.25
937.241, 1129.27
937.371, 1129.28
937.508, 1129.3
937.653, 1129.31
937.805, 1129.33
937.965, 1129.35
938.132, 1129.37
938.306, 1129.38
938.487, 1129.4
938.674, 1129.42
938.867, 1129.45
939.066, 1129.47
939.269, 1129.49
939.477, 1129.51
939.689, 1129.54
939.905, 1129.56
940.124, 1129.58
940.344, 1129.61
940.567, 1129.63
940.791, 1129.66
941.015, 1129.68
941.239, 1129.71
941.463, 1129.73
941.685, 1129.75
941.906, 1129.78
942.125, 1129.8
942.342, 1129.83
942.556, 1129.85
942.767, 1129.87
942.974, 1129.9
943.178, 1129.92
943.378, 1129.94
943.575, 1129.96
943.768, 1129.98
943.957, 1130
944.143, 1130.02
944.325, 1130.04
944.505, 1130.06
944.683, 1130.08
944.859, 1130.1

waypoints
x, y
931.703, 1129.03
931.887, 1129.03
932.072, 1129.03
932.258, 1129.03
932.444, 1129.03
932.631, 1129.03
932.817, 1129.04
933.002, 1129.04
933.186, 1129.04
933.368, 1129.04
933.549, 1129.04
933.727, 1129.04
933.904, 1129.05
934.078, 1129.05
934.249, 1129.05
934.418, 1129.05
934.583, 1129.05
934.747, 1129.05
934.907, 1129.05
935.666, 1129.1
935.821, 1129.11
935.974, 1129.13
936.125, 1129.15
936.275, 1129.16
936.355, 1129.17
936.435, 1129.18
936.519, 1129.19
936.605, 1129.2
936.696, 1129.21
936.793, 1129.22
936.895, 1129.23
937.003, 1129.24
937.119, 1129.25
937.241, 1129.27
937.371, 1129.28
937.508, 1129.3
937.653, 1129.31
937.805, 1129.33
937.965, 1129.35
938.132, 1129.37
938.306, 1129.38
938.487, 1129.4
938.674, 1129.42
938.867, 1129.45
939.066, 1129.47
939.269, 1129.49
939.477, 1129.51
939.689, 1129.54
939.905, 1129.56
940.124, 1129.58
940.344, 1129.61
940.567, 1129.63
940.791, 1129.66
941.015, 1129.68
941.239, 1129.71
941.463, 1129.73
941.685, 1129.75
941.906, 1129.78
942.125, 1129.8
942.342, 1129.83
942.556, 1129.85
942.767, 1129.87
942.974, 1129.9
943.178, 1129.92
943.378, 1129.94
943.575, 1129.96
943.768, 1129.98
943.957, 1130
944.143, 1130.02
944.325, 1130.04
944.505, 1130.06
944.683, 1130.08
944.859, 1130.1

waypoints
x, y
932.258, 1129.03
932.444, 1129.03
932.631, 1129.03
932.817, 1129.04
933.002, 1129.04
933.186, 1129.04
933.368, 1129.04
933.549, 1129.04
933.727, 1129.04
933.904, 1129.05
934.078, 1129.05
934.249, 1129.05
934.418, 1129.05
934.583, 1129.05
934.747, 1129.05
934.907, 1129.05
935.666, 1129.1
935.821, 1129.11
935.974, 1129.13
936.125, 1129.15
936.275, 1129.16
936.355, 1129.17
936.435, 1129.18
936.519, 1129.19
936.605, 1129.2
936.696, 1129.21
936.793, 1129.22
936.895, 1129.23
937.003, 1129.24
937.119, 1129.25
937.241, 1129.27
937.371, 1129.28
937.508, 1129.3
937.653, 1129.31
937.805, 1129.33
937.965, 1129.35
938.132, 1129.37
938.306, 1129.38
938.487, 1129.4
938.674, 1129.42
938.867, 1129.45
939.066, 1129.47
939.269, 1129.49
939.477, 1129.51
939.689, 1129.54
939.905, 1129.56
940.124, 1129.58
940.344, 1129.61
940.567, 1129.63
940.791, 1129.66
941.015, 1129.68
941.239, 1129.71
941.463, 1129.73
941.685, 1129.75
941.906, 1129.78
942.125, 1129.8
942.342, 1129.83
942.556, 1129.85
942.767, 1129.87
942.974, 1129.9
943.178, 1129.92
943.378, 1129.94
943.575, 1129.96
943.768, 1129.98
943.957, 1130
944.143, 1130.02
944.325, 1130.04
944.505, 1130.06
944.683, 1130.08
944.859, 1130.1

waypoints
x, y
933.002, 1129.04
933.186, 1129.04
933.368, 1129.04
933.549, 1129.04
933.727, 1129.04
933.904, 1129.05
934.078, 1129.05
934.249, 1129.05
934.418, 1129.05
934.583, 1129.05
934.747, 1129.05
934.907, 1129.05
935.666, 1129.1
935.821, 1129.11
935.974, 1129.13
936.125, 1129.15
936.275, 1129.16
936.355, 1129.17
936.435, 1129.18
936.519, 1129.19
936.605, 1129.2
936.696, 1129.21
936.793, 1129.22
936.895, 1129.23
937.003, 1129.24
937.119, 1129.25
937.241, 1129.27
937.371, 1129.28
937.508, 1129.3
937.653, 1129.31
937.805, 1129.33
937.965, 1129.35
938.132, 1129.37
938.306, 1129.38
938.487, 1129.4
938.674, 1129.42
938.867, 1129.45
939.066, 1129.47
939.269, 1129.49
939.477, 1129.51
939.689, 1129.54
939.905, 1129.56
940.124, 1129.58
940.344, 1129.61
940.567, 1129.63
940.791, 1129.66
941.015, 1129.68
941.239, 1129.71
941.463, 1129.73
941.685, 1129.75
941.906, 1129.78
942.125, 1129.8
942.342, 1129.83
942.556, 1129.85
942.767, 1129.87
942.974, 1129.9
943.178, 1129.92
943.378, 1129.94
943.575, 1129.96
943.768, 1129.98
943.957, 1130
944.143, 1130.02
944.325, 1130.04
944.505, 1130.06
944.683, 1130.08
944.859, 1130.1

waypoints
x, y
933.727, 1129.04
933.904, 1129.05
934.078, 1129.05
934.249, 1129.05
934.418, 1129.05
934.583, 1129.05
934.747, 1129.05
934.907, 1129.05
935.666, 1129.1
935.821, 1129.11
935.974, 1129.13
936.125, 1129.15
936.275, 1129.16
936.355, 1129.17
936.435, 1129.18
936.519, 1129.19
936.605, 1129.2
936.696, 1129.21
936.793, 1129.22
936.895, 1129.23
937.003, 1129.24
937.119, 1129.25
937.241, 1129.27
937.371, 1129.28
937.508, 1129.3
937.653, 1129.31
937.805, 1129.33
937.965, 1129.35
938.132, 1129.37
938.306, 1129.38
938.487, 1129.4
938.674, 1129.42
938.867, 1129.45
939.066, 1129.47
939.269, 1129.49
939.477, 1129.51
939.689, 1129.54
939.905, 1129.56
940.124, 1129.58
940.344, 1129.61
940.567, 1129.63
940.791, 1129.66
941.015, 1129.68
941.239, 1129.71
941.463, 1129.73
941.685, 1129.75
941.906, 1129.78
942.125, 1129.8
942.342, 1129.83
942.556, 1129.85
942.767, 1129.87
942.974, 1129.9
943.178, 1129.92
943.378, 1129.94
943.575, 1129.96
943.768, 1129.98
943.957, 1130
944.143, 1130.02
944.325, 1130.04
944.505, 1130.06
944.683, 1130.08
944.859, 1130.1

waypoints
x, y
934.418, 1129.05
934.583, 1129.05
934.747, 1129.05
934.907, 1129.05
935.666, 1129.1
935.821, 1129.11
935.974, 1129.13
936.125, 1129.15
936.275, 1129.16
936.355, 1129.17
936.435, 1129.18
936.519, 1129.19
936.605, 1129.2
936.696, 1129.21
936.793, 1129.22
936.895, 1129.23
937.003, 1129.24
937.119, 1129.25
937.241, 1129.27
937.371, 1129.28
937.508, 1129.3
937.653, 1129.31
937.805, 1129.33
937.965, 1129.35
938.132, 1129.37
938.306, 1129.38
938.487, 1129.4
938.674, 1129.42
938.867, 1129.45
939.066, 1129.47
939.269, 1129.49
939.477, 1129.51
939.689, 1129.54
939.905, 1129.56
940.124, 1129.58
940.344, 1129.61
940.567, 1129.63
940.791, 1129.66
941.015, 1129.68
941.239, 1129.71
941.463, 1129.73
941.685, 1129.75
941.906, 1129.78
942.125, 1129.8
942.342, 1129.83
942.556, 1129.85
942.767, 1129.87
942.974, 1129.9
943.178, 1129.92
943.378, 1129.94
943.575, 1129.96
943.768, 1129.98
943.957, 1130
944.143, 1130.02
944.325, 1130.04
944.505, 1130.06
944.683, 1130.08
944.859, 1130.1

waypoints
x, y
934.907, 1129.05
935.666, 1129.1
935.821, 1129.11
935.974, 1129.13
936.125, 1129.15
936.275, 1129.16
936.355, 1129.17
936.435, 1129.18
936.519, 1129.19
936.605, 1129.2
936.696, 1129.21
936.793, 1129.22
936.895, 1129.23
937.003, 1129.24
937.119, 1129.25
937.241, 1129.27
937.371, 1129.28
937.508, 1129.3
937.653, 1129.31
937.805, 1129.33
937.965, 1129.35
938.132, 1129.37
938.306, 1129.38
938.487, 1129.4
938.674, 1129.42
938.867, 1129.45
939.066, 1129.47
939.269, 1129.49
939.477, 1129.51
939.689, 1129.54
939.905, 1129.56
940.124, 1129.58
940.344, 1129.61
940.567, 1129.63
940.791, 1129.66
941.015, 1129.68
941.239, 1129.71
941.463, 1129.73
941.685, 1129.75
941.906, 1129.78
942.125, 1129.8
942.342, 1129.83
942.556, 1129.85
942.767, 1129.87
942.974, 1129.9
943.178, 1129.92
943.378, 1129.94
943.575, 1129.96
943.768, 1129.98
943.957, 1130
944.143, 1130.02
944.325, 1130.04
944.505, 1130.06
944.683, 1130.08
944.859, 1130.1

waypoints
x, y
936.125, 1129.15
936.275, 1129.16
936.355, 1129.17
936.435, 1129.18
936.519, 1129.19
936.605, 1129.2
936.696, 1129.21
936.793, 1129.22
936.895, 1129.23
937.003, 1129.24
937.119, 1129.25
937.241, 1129.27
937.371, 1129.28
937.508, 1129.3
937.653, 1129.31
937.805, 1129.33
937.965, 1129.35
938.132, 1129.37
938.306, 1129.38
938.487, 1129.4
938.674, 1129.42
938.867, 1129.45
939.066, 1129.47
939.269, 1129.49
939.477, 1129.51
939.689, 1129.54
939.905, 1129.56
940.124, 1129.58
940.344, 1129.61
940.567, 1129.63
940.791, 1129.66
941.015, 1129.68
941.239, 1129.71
941.463, 1129.73
941.685, 1129.75
941.906, 1129.78
942.125, 1129.8
942.342, 1129.83
942.556, 1129.85
942.767, 1129.87
942.974, 1129.9
943.178, 1129.92
943.378, 1129.94
943.575, 1129.96
943.768, 1129.98
943.957, 1130
944.143, 1130.02
944.325, 1130.04
944.505, 1130.06
944.683, 1130.08
944.859, 1130.1

waypoints
x, y
936.435, 1129.18
936.519, 1129.19
936.605, 1129.2
936.696, 1129.21
936.793, 1129.22
936.895, 1129.23
937.003, 1129.24
937.119, 1129.25
937.241, 1129.27
937.371, 1129.28
937.508, 1129.3
937.653, 1129.31
937.805, 1129.33
937.965, 1129.35
938.132, 1129.37
938.306, 1129.38
938.487, 1129.4
938.674, 1129.42
938.867, 1129.45
939.066, 1129.47
939.269, 1129.49
939.477, 1129.51
939.689, 1129.54
939.905, 1129.56
940.124, 1129.58
940.344, 1129.61
940.567, 1129.63
940.791, 1129.66
941.015, 1129.68
941.239, 1129.71
941.463, 1129.73
941.685, 1129.75
941.906, 1129.78
942.125, 1129.8
942.342, 1129.83
942.556, 1129.85
942.767, 1129.87
942.974, 1129.9
943.178, 1129.92
943.378, 1129.94
943.575, 1129.96
943.768, 1129.98
943.957, 1130
944.143, 1130.02
944.325, 1130.04
944.505, 1130.06
944.683, 1130.08
944.859, 1130.1
944.939, 1130.11
945.021, 1130.12
945.106, 1130.13
945.195, 1130.14
945.29, 1130.15
945.391, 1130.16
945.5, 1130.17
945.617, 1130.18
945.742, 1130.2
945.876, 1130.21
946.02, 1130.23
946.173, 1130.25
946.336, 1130.26
946.508, 1130.28
946.69, 1130.3
946.88, 1130.32
947.08, 1130.35
947.288, 1130.37
947.504, 1130.39
947.728, 1130.42
947.958, 1130.44
948.195, 1130.47
948.438, 1130.49
948.686, 1130.52
948.938, 1130.55
949.194, 1130.58
949.453, 1130.6
949.714, 1130.63
949.976, 1130.66
950.239, 1130.69
950.502, 1130.72
950.765, 1130.75
951.026, 1130.78
951.285, 1130.81
951.541, 1130.83
951.795, 1130.86
952.045, 1130.89
952.291, 1130.92
952.533, 1130.94
952.77, 1130.97
953.003, 1130.99
953.231, 1131.02
953.454, 1131.04
953.673, 1131.07
953.887, 1131.09
954.098, 1131.11
954.305, 1131.14
954.509, 1131.16
954.712, 1131.18

waypoints
x, y
936.895, 1129.23
937.003, 1129.24
937.119, 1129.25
937.241, 1129.27
937.371, 1129.28
937.508, 1129.3
937.653, 1129.31
937.805, 1129.33
937.965, 1129.35
938.132, 1129.37
938.306, 1129.38
938.487, 1129.4
938.674, 1129.42
938.867, 1129.45
939.066, 1129.47
939.269, 1129.49
939.477, 1129.51
939.689, 1129.54
939.905, 1129.56
940.124, 1129.58
940.344, 1129.61
940.567, 1129.63
940.791, 1129.66
941.015, 1129.68
941.239, 1129.71
941.463, 1129.73
941.685, 1129.75
941.906, 1129.78
942.125, 1129.8
942.342, 1129.83
942.556, 1129.85
942.767, 1129.87
942.974, 1129.9
943.178, 1129.92
943.378, 1129.94
943.575, 1129.96
943.768, 1129.98
943.957, 1130
944.143, 1130.02
944.325, 1130.04
944.505, 1130.06
944.683, 1130.08
944.859, 1130.1
944.939, 1130.11
945.021, 1130.12
945.106, 1130.13
945.195, 1130.14
945.29, 1130.15
945.391, 1130.16
945.5, 1130.17
945.617, 1130.18
945.742, 1130.2
945.876, 1130.21
946.02, 1130.23
946.173, 1130.25
946.336, 1130.26
946.508, 1130.28
946.689, 1130.3
946.88, 1130.32
947.08, 1130.35
947.288, 1130.37
947.504, 1130.39
947.728, 1130.42
947.958, 1130.44
948.196, 1130.47
948.438, 1130.49
948.686, 1130.52
948.938, 1130.55
949.194, 1130.58
949.453, 1130.61
949.714, 1130.63
949.976, 1130.66
950.239, 1130.69
950.502, 1130.72
950.765, 1130.75
951.026, 1130.78
951.285, 1130.81
951.541, 1130.83
951.795, 1130.86
952.045, 1130.89
952.291, 1130.92
952.533, 1130.94
952.77, 1130.97
953.003, 1130.99
953.231, 1131.02
953.454, 1131.04
953.673, 1131.07
953.887, 1131.09
954.098, 1131.11
954.305, 1131.14
954.509, 1131.16
954.712, 1131.18

waypoints
x, y
937.371, 1129.28
937.508, 1129.3
937.653, 1129.31
937.805, 1129.33
937.965, 1129.35
938.132, 1129.37
938.306, 1129.38
938.487, 1129.4
938.674, 1129.42
938.867, 1129.45
939.066, 1129.47
939.269, 1129.49
939.477, 1129.51
939.689, 1129.54
939.905, 1129.56
940.124, 1129.58
940.344, 1129.61
940.567, 1129.63
940.791, 1129.66
941.015, 1129.68
941.239, 1129.71
941.463, 1129.73
941.685, 1129.75
941.906, 1129.78
942.125, 1129.8
942.342, 1129.83
942.556, 1129.85
942.767, 1129.87
942.974, 1129.9
943.178, 1129.92
943.378, 1129.94
943.575, 1129.96
943.768, 1129.98
943.957, 1130
944.143, 1130.02
944.325, 1130.04
944.505, 1130.06
944.683, 1130.08
944.859, 1130.1
944.939, 1130.11
945.021, 1130.12
945.106, 1130.13
945.195, 1130.14
945.29, 1130.15
945.391, 1130.16
945.5, 1130.17
945.617, 1130.18
945.742, 1130.2
945.876, 1130.21
946.02, 1130.23
946.173, 1130.25
946.336, 1130.26
946.508, 1130.28
946.689, 1130.3
946.88, 1130.32
947.08, 1130.35
947.288, 1130.37
947.504, 1130.39
947.728, 1130.42
947.958, 1130.44
948.196, 1130.47
948.438, 1130.49
948.686, 1130.52
948.938, 1130.55
949.194, 1130.58
949.453, 1130.61
949.714, 1130.63
949.976, 1130.66
950.239, 1130.69
950.502, 1130.72
950.765, 1130.75
951.026, 1130.78
951.285, 1130.81
951.541, 1130.83
951.795, 1130.86
952.045, 1130.89
952.291, 1130.92
952.533, 1130.94
952.77, 1130.97
953.003, 1130.99
953.231, 1131.02
953.454, 1131.04
953.673, 1131.07
953.887, 1131.09
954.098, 1131.11
954.305, 1131.14
954.509, 1131.16
954.712, 1131.18

waypoints
x, y
937.965, 1129.35
938.132, 1129.37
938.306, 1129.38
938.487, 1129.4
938.674, 1129.42
938.867, 1129.45
939.066, 1129.47
939.269, 1129.49
939.477, 1129.51
939.689, 1129.54
939.905, 1129.56
940.124, 1129.58
940.344, 1129.61
940.567, 1129.63
940.791, 1129.66
941.015, 1129.68
941.239, 1129.71
941.463, 1129.73
941.685, 1129.75
941.906, 1129.78
942.125, 1129.8
942.342, 1129.83
942.556, 1129.85
942.767, 1129.87
942.974, 1129.9
943.178, 1129.92
943.378, 1129.94
943.575, 1129.96
943.768, 1129.98
943.957, 1130
944.143, 1130.02
944.325, 1130.04
944.505, 1130.06
944.683, 1130.08
944.859, 1130.1
944.939, 1130.11
945.021, 1130.12
945.106, 1130.13
945.195, 1130.14
945.29, 1130.15
945.391, 1130.16
945.5, 1130.17
945.617, 1130.18
945.742, 1130.2
945.876, 1130.21
946.02, 1130.23
946.173, 1130.25
946.336, 1130.26
946.508, 1130.28
946.689, 1130.3
946.88, 1130.32
947.08, 1130.35
947.288, 1130.37
947.504, 1130.39
947.728, 1130.42
947.958, 1130.44
948.196, 1130.47
948.438, 1130.49
948.686, 1130.52
948.938, 1130.55
949.194, 1130.58
949.453, 1130.61
949.714, 1130.63
949.976, 1130.66
950.239, 1130.69
950.502, 1130.72
950.765, 1130.75
951.026, 1130.78
951.285, 1130.81
951.541, 1130.83
951.795, 1130.86
952.045, 1130.89
952.291, 1130.92
952.533, 1130.94
952.77, 1130.97
953.003, 1130.99
953.231, 1131.02
953.454, 1131.04
953.673, 1131.07
953.887, 1131.09
954.098, 1131.11
954.305, 1131.14
954.509, 1131.16
954.712, 1131.18

waypoints
x, y
938.674, 1129.42
938.867, 1129.45
939.066, 1129.47
939.269, 1129.49
939.477, 1129.51
939.689, 1129.54
939.905, 1129.56
940.124, 1129.58
940.344, 1129.61
940.567, 1129.63
940.791, 1129.66
941.015, 1129.68
941.239, 1129.71
941.463, 1129.73
941.685, 1129.75
941.906, 1129.78
942.125, 1129.8
942.342, 1129.83
942.556, 1129.85
942.767, 1129.87
942.974, 1129.9
943.178, 1129.92
943.378, 1129.94
943.575, 1129.96
943.768, 1129.98
943.957, 1130
944.143, 1130.02
944.325, 1130.04
944.505, 1130.06
944.683, 1130.08
944.859, 1130.1
944.939, 1130.11
945.021, 1130.12
945.106, 1130.13
945.195, 1130.14
945.29, 1130.15
945.391, 1130.16
945.5, 1130.17
945.617, 1130.18
945.742, 1130.2
945.876, 1130.21
946.02, 1130.23
946.173, 1130.25
946.336, 1130.26
946.508, 1130.28
946.689, 1130.3
946.88, 1130.32
947.08, 1130.35
947.288, 1130.37
947.504, 1130.39
947.728, 1130.42
947.958, 1130.44
948.196, 1130.47
948.438, 1130.49
948.686, 1130.52
948.938, 1130.55
949.194, 1130.58
949.453, 1130.61
949.714, 1130.63
949.976, 1130.66
950.239, 1130.69
950.502, 1130.72
950.765, 1130.75
951.026, 1130.78
951.285, 1130.81
951.541, 1130.83
951.795, 1130.86
952.045, 1130.89
952.291, 1130.92
952.533, 1130.94
952.77, 1130.97
953.003, 1130.99
953.231, 1131.02
953.454, 1131.04
953.673, 1131.07
953.887, 1131.09
954.098, 1131.11
954.305, 1131.14
954.509, 1131.16
954.712, 1131.18

waypoints
x, y
939.477, 1129.51
939.689, 1129.54
939.905, 1129.56
940.124, 1129.58
940.344, 1129.61
940.567, 1129.63
940.791, 1129.66
941.015, 1129.68
941.239, 1129.71
941.463, 1129.73
941.685, 1129.75
941.906, 1129.78
942.125, 1129.8
942.342, 1129.83
942.556, 1129.85
942.767, 1129.87
942.974, 1129.9
943.178, 1129.92
943.378, 1129.94
943.575, 1129.96
943.768, 1129.98
943.957, 1130
944.143, 1130.02
944.325, 1130.04
944.505, 1130.06
944.683, 1130.08
944.859, 1130.1
944.939, 1130.11
945.021, 1130.12
945.106, 1130.13
945.195, 1130.14
945.29, 1130.15
945.391, 1130.16
945.5, 1130.17
945.617, 1130.18
945.742, 1130.2
945.876, 1130.21
946.02, 1130.23
946.173, 1130.25
946.336, 1130.26
946.508, 1130.28
946.689, 1130.3
946.88, 1130.32
947.08, 1130.35
947.288, 1130.37
947.504, 1130.39
947.728, 1130.42
947.958, 1130.44
948.196, 1130.47
948.438, 1130.49
948.686, 1130.52
948.938, 1130.55
949.194, 1130.58
949.453, 1130.61
949.714, 1130.63
949.976, 1130.66
950.239, 1130.69
950.502, 1130.72
950.765, 1130.75
951.026, 1130.78
951.285, 1130.81
951.541, 1130.83
951.795, 1130.86
952.045, 1130.89
952.291, 1130.92
952.533, 1130.94
952.77, 1130.97
953.003, 1130.99
953.231, 1131.02
953.454, 1131.04
953.673, 1131.07
953.887, 1131.09
954.098, 1131.11
954.305, 1131.14
954.509, 1131.16
954.712, 1131.18

waypoints
x, y
940.124, 1129.58
940.344, 1129.61
940.567, 1129.63
940.791, 1129.66
941.015, 1129.68
941.239, 1129.71
941.463, 1129.73
941.685, 1129.75
941.906, 1129.78
942.125, 1129.8
942.342, 1129.83
942.556, 1129.85
942.767, 1129.87
942.974, 1129.9
943.178, 1129.92
943.378, 1129.94
943.575, 1129.96
943.768, 1129.98
943.957, 1130
944.143, 1130.02
944.325, 1130.04
944.505, 1130.06
944.683, 1130.08
944.859, 1130.1
944.939, 1130.11
945.021, 1130.12
945.106, 1130.13
945.195, 1130.14
945.29, 1130.15
945.391, 1130.16
945.5, 1130.17
945.617, 1130.18
945.742, 1130.2
945.876, 1130.21
946.02, 1130.23
946.173, 1130.25
946.336, 1130.26
946.508, 1130.28
946.689, 1130.3
946.88, 1130.32
947.08, 1130.35
947.288, 1130.37
947.504, 1130.39
947.728, 1130.42
947.958, 1130.44
948.196, 1130.47
948.438, 1130.49
948.686, 1130.52
948.938, 1130.55
949.194, 1130.58
949.453, 1130.61
949.714, 1130.63
949.976, 1130.66
950.239, 1130.69
950.502, 1130.72
950.765, 1130.75
951.026, 1130.78
951.285, 1130.81
951.541, 1130.83
951.795, 1130.86
952.045, 1130.89
952.291, 1130.92
952.533, 1130.94
952.77, 1130.97
953.003, 1130.99
953.231, 1131.02
953.454, 1131.04
953.673, 1131.07
953.887, 1131.09
954.098, 1131.11
954.305, 1131.14
954.509, 1131.16
954.712, 1131.18

waypoints
x, y
941.015, 1129.68
941.239, 1129.71
941.463, 1129.73
941.685, 1129.75
941.906, 1129.78
942.125, 1129.8
942.342, 1129.83
942.556, 1129.85
942.767, 1129.87
942.974, 1129.9
943.178, 1129.92
943.378, 1129.94
943.575, 1129.96
943.768, 1129.98
943.957, 1130
944.143, 1130.02
944.325, 1130.04
944.505, 1130.06
944.683, 1130.08
944.859, 1130.1
944.939, 1130.11
945.021, 1130.12
945.106, 1130.13
945.195, 1130.14
945.29, 1130.15
945.391, 1130.16
945.5, 1130.17
945.617, 1130.18
945.742, 1130.2
945.876, 1130.21
946.02, 1130.23
946.173, 1130.25
946.336, 1130.26
946.508, 1130.28
946.689, 1130.3
946.88, 1130.32
947.08, 1130.35
947.288, 1130.37
947.504, 1130.39
947.728, 1130.42
947.958, 1130.44
948.196, 1130.47
948.438, 1130.49
948.686, 1130.52
948.938, 1130.55
949.194, 1130.58
949.453, 1130.61
949.714, 1130.63
949.976, 1130.66
950.239, 1130.69
950.502, 1130.72
950.765, 1130.75
951.026, 1130.78
951.285, 1130.81
951.541, 1130.83
951.795, 1130.86
952.045, 1130.89
952.291, 1130.92
952.533, 1130.94
952.77, 1130.97
953.003, 1130.99
953.231, 1131.02
953.454, 1131.04
953.673, 1131.07
953.887, 1131.09
954.098, 1131.11
954.305, 1131.14
954.509, 1131.16
954.712, 1131.18

waypoints
x, y
941.906, 1129.78
942.125, 1129.8
942.342, 1129.83
942.556, 1129.85
942.767, 1129.87
942.974, 1129.9
943.178, 1129.92
943.378, 1129.94
943.575, 1129.96
943.768, 1129.98
943.957, 1130
944.143, 1130.02
944.325, 1130.04
944.505, 1130.06
944.683, 1130.08
944.859, 1130.1
944.939, 1130.11
945.021, 1130.12
945.106, 1130.13
945.195, 1130.14
945.29, 1130.15
945.391, 1130.16
945.5, 1130.17
945.617, 1130.18
945.742, 1130.2
945.876, 1130.21
946.02, 1130.23
946.173, 1130.25
946.336, 1130.26
946.508, 1130.28
946.689, 1130.3
946.88, 1130.32
947.08, 1130.35
947.288, 1130.37
947.504, 1130.39
947.728, 1130.42
947.958, 1130.44
948.196, 1130.47
948.438, 1130.49
948.686, 1130.52
948.938, 1130.55
949.194, 1130.58
949.453, 1130.61
949.714, 1130.63
949.976, 1130.66
950.239, 1130.69
950.502, 1130.72
950.765, 1130.75
951.026, 1130.78
951.285, 1130.81
951.541, 1130.83
951.795, 1130.86
952.045, 1130.89
952.291, 1130.92
952.533, 1130.94
952.77, 1130.97
953.003, 1130.99
953.231, 1131.02
953.454, 1131.04
953.673, 1131.07
953.887, 1131.09
954.098, 1131.11
954.305, 1131.14
954.509, 1131.16
954.712, 1131.18

waypoints
x, y
942.556, 1129.85
942.767, 1129.87
942.974, 1129.9
943.178, 1129.92
943.378, 1129.94
943.575, 1129.96
943.768, 1129.98
943.957, 1130
944.143, 1130.02
944.325, 1130.04
944.505, 1130.06
944.683, 1130.08
944.859, 1130.1
944.939, 1130.11
945.021, 1130.12
945.106, 1130.13
945.195, 1130.14
945.29, 1130.15
945.391, 1130.16
945.5, 1130.17
945.617, 1130.18
945.742, 1130.2
945.876, 1130.21
946.02, 1130.23
946.173, 1130.25
946.336, 1130.26
946.508, 1130.28
946.689, 1130.3
946.88, 1130.32
947.08, 1130.35
947.288, 1130.37
947.504, 1130.39
947.728, 1130.42
947.958, 1130.44
948.196, 1130.47
948.438, 1130.49
948.686, 1130.52
948.938, 1130.55
949.194, 1130.58
949.453, 1130.61
949.714, 1130.63
949.976, 1130.66
950.239, 1130.69
950.502, 1130.72
950.765, 1130.75
951.026, 1130.78
951.285, 1130.81
951.541, 1130.83
951.795, 1130.86
952.045, 1130.89
952.291, 1130.92
952.533, 1130.94
952.77, 1130.97
953.003, 1130.99
953.231, 1131.02
953.454, 1131.04
953.673, 1131.07
953.887, 1131.09
954.098, 1131.11
954.305, 1131.14
954.509, 1131.16
954.712, 1131.18

waypoints
x, y
943.378, 1129.94
943.575, 1129.96
943.768, 1129.98
943.957, 1130
944.143, 1130.02
944.325, 1130.04
944.505, 1130.06
944.683, 1130.08
944.859, 1130.1
944.939, 1130.11
945.021, 1130.12
945.106, 1130.13
945.195, 1130.14
945.29, 1130.15
945.391, 1130.16
945.5, 1130.17
945.617, 1130.18
945.742, 1130.2
945.876, 1130.21
946.02, 1130.23
946.173, 1130.25
946.336, 1130.26
946.508, 1130.28
946.689, 1130.3
946.88, 1130.32
947.08, 1130.35
947.288, 1130.37
947.504, 1130.39
947.728, 1130.42
947.958, 1130.44
948.196, 1130.47
948.438, 1130.49
948.686, 1130.52
948.938, 1130.55
949.194, 1130.58
949.453, 1130.61
949.714, 1130.63
949.976, 1130.66
950.239, 1130.69
950.502, 1130.72
950.765, 1130.75
951.026, 1130.78
951.285, 1130.81
951.541, 1130.83
951.795, 1130.86
952.045, 1130.89
952.291, 1130.92
952.533, 1130.94
952.77, 1130.97
953.003, 1130.99
953.231, 1131.02
953.454, 1131.04
953.673, 1131.07
953.887, 1131.09
954.098, 1131.11
954.305, 1131.14
954.509, 1131.16
954.712, 1131.18

waypoints
x, y
944.143, 1130.02
944.325, 1130.04
944.505, 1130.06
944.683, 1130.08
944.859, 1130.1
944.939, 1130.11
945.021, 1130.12
945.106, 1130.13
945.195, 1130.14
945.29, 1130.15
945.391, 1130.16
945.5, 1130.17
945.617, 1130.18
945.742, 1130.2
945.876, 1130.21
946.02, 1130.23
946.173, 1130.25
946.336, 1130.26
946.508, 1130.28
946.689, 1130.3
946.88, 1130.32
947.08, 1130.35
947.288, 1130.37
947.504, 1130.39
947.728, 1130.42
947.958, 1130.44
948.196, 1130.47
948.438, 1130.49
948.686, 1130.52
948.938, 1130.55
949.194, 1130.58
949.453, 1130.61
949.714, 1130.63
949.976, 1130.66
950.239, 1130.69
950.502, 1130.72
950.765, 1130.75
951.026, 1130.78
951.285, 1130.81
951.541, 1130.83
951.795, 1130.86
952.045, 1130.89
952.291, 1130.92
952.533, 1130.94
952.77, 1130.97
953.003, 1130.99
953.231, 1131.02
953.454, 1131.04
953.673, 1131.07
953.887, 1131.09
954.098, 1131.11
954.305, 1131.14
954.509, 1131.16
954.712, 1131.18

waypoints
x, y
944.859, 1130.1
944.939, 1130.11
945.021, 1130.12
945.106, 1130.13
945.195, 1130.14
945.29, 1130.15
945.391, 1130.16
945.5, 1130.17
945.617, 1130.18
945.742, 1130.2
945.876, 1130.21
946.02, 1130.23
946.173, 1130.25
946.336, 1130.26
946.508, 1130.28
946.689, 1130.3
946.88, 1130.32
947.08, 1130.35
947.288, 1130.37
947.504, 1130.39
947.728, 1130.42
947.958, 1130.44
948.196, 1130.47
948.438, 1130.49
948.686, 1130.52
948.938, 1130.55
949.194, 1130.58
949.453, 1130.61
949.714, 1130.63
949.976, 1130.66
950.239, 1130.69
950.502, 1130.72
950.765, 1130.75
951.026, 1130.78
951.285, 1130.81
951.541, 1130.83
951.795, 1130.86
952.045, 1130.89
952.291, 1130.92
952.533, 1130.94
952.77, 1130.97
953.003, 1130.99
953.231, 1131.02
953.454, 1131.04
953.673, 1131.07
953.887, 1131.09
954.098, 1131.11
954.305, 1131.14
954.509, 1131.16
954.712, 1131.18

waypoints
x, y
945.106, 1130.13
945.195, 1130.14
945.29, 1130.15
945.391, 1130.16
945.5, 1130.17
945.617, 1130.18
945.742, 1130.2
945.876, 1130.21
946.02, 1130.23
946.173, 1130.25
946.336, 1130.26
946.508, 1130.28
946.689, 1130.3
946.88, 1130.32
947.08, 1130.35
947.288, 1130.37
947.504, 1130.39
947.728, 1130.42
947.958, 1130.44
948.196, 1130.47
948.438, 1130.49
948.686, 1130.52
948.938, 1130.55
949.194, 1130.58
949.453, 1130.61
949.714, 1130.63
949.976, 1130.66
950.239, 1130.69
950.502, 1130.72
950.765, 1130.75
951.026, 1130.78
951.285, 1130.81
951.541, 1130.83
951.795, 1130.86
952.045, 1130.89
952.291, 1130.92
952.533, 1130.94
952.77, 1130.97
953.003, 1130.99
953.231, 1131.02
953.454, 1131.04
953.673, 1131.07
953.887, 1131.09
954.098, 1131.11
954.305, 1131.14
954.509, 1131.16
954.712, 1131.18
954.794, 1131.19
954.878, 1131.2
954.966, 1131.21
955.059, 1131.22
955.158, 1131.23
955.266, 1131.24
955.382, 1131.25
955.508, 1131.27
955.644, 1131.28
955.792, 1131.3
955.95, 1131.32
956.119, 1131.34
956.3, 1131.36
956.493, 1131.38
956.696, 1131.4
956.911, 1131.42
957.136, 1131.45
957.372, 1131.47
957.617, 1131.5
957.871, 1131.53
958.133, 1131.56
958.403, 1131.59
958.68, 1131.62
958.963, 1131.65
959.251, 1131.68
959.543, 1131.71
959.839, 1131.74
960.138, 1131.77
960.438, 1131.81
960.74, 1131.84
961.041, 1131.87
961.341, 1131.91
961.64, 1131.94
961.936, 1131.97
962.23, 1132
962.519, 1132.04
962.805, 1132.07
963.086, 1132.1
963.361, 1132.13
963.632, 1132.16
963.897, 1132.19
964.156, 1132.21
964.409, 1132.24
964.657, 1132.27
964.9, 1132.3
965.139, 1132.32
965.373, 1132.35
966.289, 1132.51
966.513, 1132.56

waypoints
x, y
945.5, 1130.17
945.617, 1130.18
945.742, 1130.2
945.876, 1130.21
946.02, 1130.23
946.173, 1130.25
946.336, 1130.26
946.508, 1130.28
946.689, 1130.3
946.88, 1130.32
947.08, 1130.35
947.288, 1130.37
947.504, 1130.39
947.728, 1130.42
947.958, 1130.44
948.196, 1130.47
948.438, 1130.49
948.686, 1130.52
948.938, 1130.55
949.194, 1130.58
949.453, 1130.61
949.714, 1130.63
949.976, 1130.66
950.239, 1130.69
950.502, 1130.72
950.765, 1130.75
951.026, 1130.78
951.285, 1130.81
951.541, 1130.83
951.795, 1130.86
952.045, 1130.89
952.291, 1130.92
952.533, 1130.94
952.77, 1130.97
953.003, 1130.99
953.231, 1131.02
953.454, 1131.04
953.673, 1131.07
953.887, 1131.09
954.098, 1131.11
954.305, 1131.14
954.509, 1131.16
954.712, 1131.18
954.794, 1131.19
954.878, 1131.2
954.966, 1131.21
955.059, 1131.22
955.158, 1131.23
955.266, 1131.24
955.382, 1131.26
955.508, 1131.27
955.644, 1131.28
955.792, 1131.3
955.95, 1131.32
956.119, 1131.34
956.3, 1131.36
956.493, 1131.38
956.696, 1131.4
956.911, 1131.42
957.136, 1131.45
957.371, 1131.47
957.616, 1131.5
957.87, 1131.53
958.133, 1131.56
958.403, 1131.59
958.68, 1131.62
958.963, 1131.65
959.251, 1131.68
959.543, 1131.71
959.84, 1131.74
960.138, 1131.78
960.438, 1131.81
960.74, 1131.84
961.041, 1131.87
961.341, 1131.91
961.64, 1131.94
961.936, 1131.97
962.23, 1132
962.519, 1132.04
962.805, 1132.07
963.086, 1132.1
963.361, 1132.13
963.632, 1132.16
963.896, 1132.19
964.156, 1132.21
964.409, 1132.24
964.657, 1132.27
964.9, 1132.3
965.139, 1132.32
965.373, 1132.35
966.289, 1132.51
966.514, 1132.56

waypoints
x, y
946.173, 1130.25
946.336, 1130.26
946.508, 1130.28
946.689, 1130.3
946.88, 1130.32
947.08, 1130.35
947.288, 1130.37
947.504, 1130.39
947.728, 1130.42
947.958, 1130.44
948.196, 1130.47
948.438, 1130.49
948.686, 1130.52
948.938, 1130.55
949.194, 1130.58
949.453, 1130.61
949.714, 1130.63
949.976, 1130.66
950.239, 1130.69
950.502, 1130.72
950.765, 1130.75
951.026, 1130.78
951.285, 1130.81
951.541, 1130.83
951.795, 1130.86
952.045, 1130.89
952.291, 1130.92
952.533, 1130.94
952.77, 1130.97
953.003, 1130.99
953.231, 1131.02
953.454, 1131.04
953.673, 1131.07
953.887, 1131.09
954.098, 1131.11
954.305, 1131.14
954.509, 1131.16
954.712, 1131.18
954.794, 1131.19
954.878, 1131.2
954.966, 1131.21
955.059, 1131.22
955.158, 1131.23
955.266, 1131.24
955.382, 1131.26
955.508, 1131.27
955.644, 1131.28
955.792, 1131.3
955.95, 1131.32
956.119, 1131.34
956.3, 1131.36
956.493, 1131.38
956.696, 1131.4
956.911, 1131.42
957.136, 1131.45
957.371, 1131.47
957.616, 1131.5
957.87, 1131.53
958.133, 1131.56
958.403, 1131.59
958.68, 1131.62
958.963, 1131.65
959.251, 1131.68
959.543, 1131.71
959.84, 1131.74
960.138, 1131.78
960.438, 1131.81
960.74, 1131.84
961.041, 1131.87
961.341, 1131.91
961.64, 1131.94
961.936, 1131.97
962.23, 1132
962.519, 1132.04
962.805, 1132.07
963.086, 1132.1
963.361, 1132.13
963.632, 1132.16
963.896, 1132.19
964.156, 1132.21
964.409, 1132.24
964.657, 1132.27
964.9, 1132.3
965.139, 1132.32
965.373, 1132.35
966.289, 1132.51
966.514, 1132.56

waypoints
x, y
946.88, 1130.32
947.08, 1130.35
947.288, 1130.37
947.504, 1130.39
947.728, 1130.42
947.958, 1130.44
948.196, 1130.47
948.438, 1130.49
948.686, 1130.52
948.938, 1130.55
949.194, 1130.58
949.453, 1130.61
949.714, 1130.63
949.976, 1130.66
950.239, 1130.69
950.502, 1130.72
950.765, 1130.75
951.026, 1130.78
951.285, 1130.81
951.541, 1130.83
951.795, 1130.86
952.045, 1130.89
952.291, 1130.92
952.533, 1130.94
952.77, 1130.97
953.003, 1130.99
953.231, 1131.02
953.454, 1131.04
953.673, 1131.07
953.887, 1131.09
954.098, 1131.11
954.305, 1131.14
954.509, 1131.16
954.712, 1131.18
954.794, 1131.19
954.878, 1131.2
954.966, 1131.21
955.059, 1131.22
955.158, 1131.23
955.266, 1131.24
955.382, 1131.26
955.508, 1131.27
955.644, 1131.28
955.792, 1131.3
955.95, 1131.32
956.119, 1131.34
956.3, 1131.36
956.493, 1131.38
956.696, 1131.4
956.911, 1131.42
957.136, 1131.45
957.371, 1131.47
957.616, 1131.5
957.87, 1131.53
958.133, 1131.56
958.403, 1131.59
958.68, 1131.62
958.963, 1131.65
959.251, 1131.68
959.543, 1131.71
959.84, 1131.74
960.138, 1131.78
960.438, 1131.81
960.74, 1131.84
961.041, 1131.87
961.341, 1131.91
961.64, 1131.94
961.936, 1131.97
962.23, 1132
962.519, 1132.04
962.805, 1132.07
963.086, 1132.1
963.361, 1132.13
963.632, 1132.16
963.896, 1132.19
964.156, 1132.21
964.409, 1132.24
964.657, 1132.27
964.9, 1132.3
965.139, 1132.32
965.373, 1132.35
966.289, 1132.51
966.514, 1132.56

waypoints
x, y
947.728, 1130.42
947.958, 1130.44
948.196, 1130.47
948.438, 1130.49
948.686, 1130.52
948.938, 1130.55
949.194, 1130.58
949.453, 1130.61
949.714, 1130.63
949.976, 1130.66
950.239, 1130.69
950.502, 1130.72
950.765, 1130.75
951.026, 1130.78
951.285, 1130.81
951.541, 1130.83
951.795, 1130.86
952.045, 1130.89
952.291, 1130.92
952.533, 1130.94
952.77, 1130.97
953.003, 1130.99
953.231, 1131.02
953.454, 1131.04
953.673, 1131.07
953.887, 1131.09
954.098, 1131.11
954.305, 1131.14
954.509, 1131.16
954.712, 1131.18
954.794, 1131.19
954.878, 1131.2
954.966, 1131.21
955.059, 1131.22
955.158, 1131.23
955.266, 1131.24
955.382, 1131.26
955.508, 1131.27
955.644, 1131.28
955.792, 1131.3
955.95, 1131.32
956.119, 1131.34
956.3, 1131.36
956.493, 1131.38
956.696, 1131.4
956.911, 1131.42
957.136, 1131.45
957.371, 1131.47
957.616, 1131.5
957.87, 1131.53
958.133, 1131.56
958.403, 1131.59
958.68, 1131.62
958.963, 1131.65
959.251, 1131.68
959.543, 1131.71
959.84, 1131.74
960.138, 1131.78
960.438, 1131.81
960.74, 1131.84
961.041, 1131.87
961.341, 1131.91
961.64, 1131.94
961.936, 1131.97
962.23, 1132
962.519, 1132.04
962.805, 1132.07
963.086, 1132.1
963.361, 1132.13
963.632, 1132.16
963.896, 1132.19
964.156, 1132.21
964.409, 1132.24
964.657, 1132.27
964.9, 1132.3
965.139, 1132.32
965.373, 1132.35
966.289, 1132.51
966.514, 1132.56

waypoints
x, y
948.686, 1130.52
948.938, 1130.55
949.194, 1130.58
949.453, 1130.61
949.714, 1130.63
949.976, 1130.66
950.239, 1130.69
950.502, 1130.72
950.765, 1130.75
951.026, 1130.78
951.285, 1130.81
951.541, 1130.83
951.795, 1130.86
952.045, 1130.89
952.291, 1130.92
952.533, 1130.94
952.77, 1130.97
953.003, 1130.99
953.231, 1131.02
953.454, 1131.04
953.673, 1131.07
953.887, 1131.09
954.098, 1131.11
954.305, 1131.14
954.509, 1131.16
954.712, 1131.18
954.794, 1131.19
954.878, 1131.2
954.966, 1131.21
955.059, 1131.22
955.158, 1131.23
955.266, 1131.24
955.382, 1131.26
955.508, 1131.27
955.644, 1131.28
955.792, 1131.3
955.95, 1131.32
956.119, 1131.34
956.3, 1131.36
956.493, 1131.38
956.696, 1131.4
956.911, 1131.42
957.136, 1131.45
957.371, 1131.47
957.616, 1131.5
957.87, 1131.53
958.133, 1131.56
958.403, 1131.59
958.68, 1131.62
958.963, 1131.65
959.251, 1131.68
959.543, 1131.71
959.84, 1131.74
960.138, 1131.78
960.438, 1131.81
960.74, 1131.84
961.041, 1131.87
961.341, 1131.91
961.64, 1131.94
961.936, 1131.97
962.23, 1132
962.519, 1132.04
962.805, 1132.07
963.086, 1132.1
963.361, 1132.13
963.632, 1132.16
963.896, 1132.19
964.156, 1132.21
964.409, 1132.24
964.657, 1132.27
964.9, 1132.3
965.139, 1132.32
965.373, 1132.35
966.289, 1132.51
966.514, 1132.56

waypoints
x, y
949.453, 1130.61
949.714, 1130.63
949.976, 1130.66
950.239, 1130.69
950.502, 1130.72
950.765, 1130.75
951.026, 1130.78
951.285, 1130.81
951.541, 1130.83
951.795, 1130.86
952.045, 1130.89
952.291, 1130.92
952.533, 1130.94
952.77, 1130.97
953.003, 1130.99
953.231, 1131.02
953.454, 1131.04
953.673, 1131.07
953.887, 1131.09
954.098, 1131.11
954.305, 1131.14
954.509, 1131.16
954.712, 1131.18
954.794, 1131.19
954.878, 1131.2
954.966, 1131.21
955.059, 1131.22
955.158, 1131.23
955.266, 1131.24
955.382, 1131.26
955.508, 1131.27
955.644, 1131.28
955.792, 1131.3
955.95, 1131.32
956.119, 1131.34
956.3, 1131.36
956.493, 1131.38
956.696, 1131.4
956.911, 1131.42
957.136, 1131.45
957.371, 1131.47
957.616, 1131.5
957.87, 1131.53
958.133, 1131.56
958.403, 1131.59
958.68, 1131.62
958.963, 1131.65
959.251, 1131.68
959.543, 1131.71
959.84, 1131.74
960.138, 1131.78
960.438, 1131.81
960.74, 1131.84
961.041, 1131.87
961.341, 1131.91
961.64, 1131.94
961.936, 1131.97
962.23, 1132
962.519, 1132.04
962.805, 1132.07
963.086, 1132.1
963.361, 1132.13
963.632, 1132.16
963.896, 1132.19
964.156, 1132.21
964.409, 1132.24
964.657, 1132.27
964.9, 1132.3
965.139, 1132.32
965.373, 1132.35
966.289, 1132.51
966.514, 1132.56

waypoints
x, y
950.502, 1130.72
950.765, 1130.75
951.026, 1130.78
951.285, 1130.81
951.541, 1130.83
951.795, 1130.86
952.045, 1130.89
952.291, 1130.92
952.533, 1130.94
952.77, 1130.97
953.003, 1130.99
953.231, 1131.02
953.454, 1131.04
953.673, 1131.07
953.887, 1131.09
954.098, 1131.11
954.305, 1131.14
954.509, 1131.16
954.712, 1131.18
954.794, 1131.19
954.878, 1131.2
954.966, 1131.21
955.059, 1131.22
955.158, 1131.23
955.266, 1131.24
955.382, 1131.26
955.508, 1131.27
955.644, 1131.28
955.792, 1131.3
955.95, 1131.32
956.119, 1131.34
956.3, 1131.36
956.493, 1131.38
956.696, 1131.4
956.911, 1131.42
957.136, 1131.45
957.371, 1131.47
957.616, 1131.5
957.87, 1131.53
958.133, 1131.56
958.403, 1131.59
958.68, 1131.62
958.963, 1131.65
959.251, 1131.68
959.543, 1131.71
959.84, 1131.74
960.138, 1131.78
960.438, 1131.81
960.74, 1131.84
961.041, 1131.87
961.341, 1131.91
961.64, 1131.94
961.936, 1131.97
962.23, 1132
962.519, 1132.04
962.805, 1132.07
963.086, 1132.1
963.361, 1132.13
963.632, 1132.16
963.896, 1132.19
964.156, 1132.21
964.409, 1132.24
964.657, 1132.27
964.9, 1132.3
965.139, 1132.32
965.373, 1132.35
966.289, 1132.51
966.514, 1132.56

waypoints
x, y
951.541, 1130.83
951.795, 1130.86
952.045, 1130.89
952.291, 1130.92
952.533, 1130.94
952.77, 1130.97
953.003, 1130.99
953.231, 1131.02
953.454, 1131.04
953.673, 1131.07
953.887, 1131.09
954.098, 1131.11
954.305, 1131.14
954.509, 1131.16
954.712, 1131.18
954.794, 1131.19
954.878, 1131.2
954.966, 1131.21
955.059, 1131.22
955.158, 1131.23
955.266, 1131.24
955.382, 1131.26
955.508, 1131.27
955.644, 1131.28
955.792, 1131.3
955.95, 1131.32
956.119, 1131.34
956.3, 1131.36
956.493, 1131.38
956.696, 1131.4
956.911, 1131.42
957.136, 1131.45
957.371, 1131.47
957.616, 1131.5
957.87, 1131.53
958.133, 1131.56
958.403, 1131.59
958.68, 1131.62
958.963, 1131.65
959.251, 1131.68
959.543, 1131.71
959.84, 1131.74
960.138, 1131.78
960.438, 1131.81
960.74, 1131.84
961.041, 1131.87
961.341, 1131.91
961.64, 1131.94
961.936, 1131.97
962.23, 1132
962.519, 1132.04
962.805, 1132.07
963.086, 1132.1
963.361, 1132.13
963.632, 1132.16
963.896, 1132.19
964.156, 1132.21
964.409, 1132.24
964.657, 1132.27
964.9, 1132.3
965.139, 1132.32
965.373, 1132.35
966.289, 1132.51
966.514, 1132.56

waypoints
x, y
952.533, 1130.94
952.77, 1130.97
953.003, 1130.99
953.231, 1131.02
953.454, 1131.04
953.673, 1131.07
953.887, 1131.09
954.098, 1131.11
954.305, 1131.14
954.509, 1131.16
954.712, 1131.18
954.794, 1131.19
954.878, 1131.2
954.966, 1131.21
955.059, 1131.22
955.158, 1131.23
955.266, 1131.24
955.382, 1131.26
955.508, 1131.27
955.644, 1131.28
955.792, 1131.3
955.95, 1131.32
956.119, 1131.34
956.3, 1131.36
956.493, 1131.38
956.696, 1131.4
956.911, 1131.42
957.136, 1131.45
957.371, 1131.47
957.616, 1131.5
957.87, 1131.53
958.133, 1131.56
958.403, 1131.59
958.68, 1131.62
958.963, 1131.65
959.251, 1131.68
959.543, 1131.71
959.84, 1131.74
960.138, 1131.78
960.438, 1131.81
960.74, 1131.84
961.041, 1131.87
961.341, 1131.91
961.64, 1131.94
961.936, 1131.97
962.23, 1132
962.519, 1132.04
962.805, 1132.07
963.086, 1132.1
963.361, 1132.13
963.632, 1132.16
963.896, 1132.19
964.156, 1132.21
964.409, 1132.24
964.657, 1132.27
964.9, 1132.3
965.139, 1132.32
965.373, 1132.35
966.289, 1132.51
966.514, 1132.56

waypoints
x, y
953.231, 1131.02
953.454, 1131.04
953.673, 1131.07
953.887, 1131.09
954.098, 1131.11
954.305, 1131.14
954.509, 1131.16
954.712, 1131.18
954.794, 1131.19
954.878, 1131.2
954.966, 1131.21
955.059, 1131.22
955.158, 1131.23
955.266, 1131.24
955.382, 1131.26
955.508, 1131.27
955.644, 1131.28
955.792, 1131.3
955.95, 1131.32
956.119, 1131.34
956.3, 1131.36
956.493, 1131.38
956.696, 1131.4
956.911, 1131.42
957.136, 1131.45
957.371, 1131.47
957.616, 1131.5
957.87, 1131.53
958.133, 1131.56
958.403, 1131.59
958.68, 1131.62
958.963, 1131.65
959.251, 1131.68
959.543, 1131.71
959.84, 1131.74
960.138, 1131.78
960.438, 1131.81
960.74, 1131.84
961.041, 1131.87
961.341, 1131.91
961.64, 1131.94
961.936, 1131.97
962.23, 1132
962.519, 1132.04
962.805, 1132.07
963.086, 1132.1
963.361, 1132.13
963.632, 1132.16
963.896, 1132.19
964.156, 1132.21
964.409, 1132.24
964.657, 1132.27
964.9, 1132.3
965.139, 1132.32
965.373, 1132.35
966.289, 1132.51
966.514, 1132.56

waypoints
x, y
954.098, 1131.11
954.305, 1131.14
954.509, 1131.16
954.712, 1131.18
954.794, 1131.19
954.878, 1131.2
954.966, 1131.21
955.059, 1131.22
955.158, 1131.23
955.266, 1131.24
955.382, 1131.26
955.508, 1131.27
955.644, 1131.28
955.792, 1131.3
955.95, 1131.32
956.119, 1131.34
956.3, 1131.36
956.493, 1131.38
956.696, 1131.4
956.911, 1131.42
957.136, 1131.45
957.371, 1131.47
957.616, 1131.5
957.87, 1131.53
958.133, 1131.56
958.403, 1131.59
958.68, 1131.62
958.963, 1131.65
959.251, 1131.68
959.543, 1131.71
959.84, 1131.74
960.138, 1131.78
960.438, 1131.81
960.74, 1131.84
961.041, 1131.87
961.341, 1131.91
961.64, 1131.94
961.936, 1131.97
962.23, 1132
962.519, 1132.04
962.805, 1132.07
963.086, 1132.1
963.361, 1132.13
963.632, 1132.16
963.896, 1132.19
964.156, 1132.21
964.409, 1132.24
964.657, 1132.27
964.9, 1132.3
965.139, 1132.32
965.373, 1132.35
966.289, 1132.51
966.514, 1132.56

waypoints
x, y
954.794, 1131.19
954.878, 1131.2
954.966, 1131.21
955.059, 1131.22
955.158, 1131.23
955.266, 1131.24
955.382, 1131.26
955.508, 1131.27
955.644, 1131.28
955.792, 1131.3
955.95, 1131.32
956.119, 1131.34
956.3, 1131.36
956.493, 1131.38
956.696, 1131.4
956.911, 1131.42
957.136, 1131.45
957.371, 1131.47
957.616, 1131.5
957.87, 1131.53
958.133, 1131.56
958.403, 1131.59
958.68, 1131.62
958.963, 1131.65
959.251, 1131.68
959.543, 1131.71
959.84, 1131.74
960.138, 1131.78
960.438, 1131.81
960.74, 1131.84
961.041, 1131.87
961.341, 1131.91
961.64, 1131.94
961.936, 1131.97
962.23, 1132
962.519, 1132.04
962.805, 1132.07
963.086, 1132.1
963.361, 1132.13
963.632, 1132.16
963.896, 1132.19
964.156, 1132.21
964.409, 1132.24
964.657, 1132.27
964.9, 1132.3
965.139, 1132.32
965.373, 1132.35
966.289, 1132.51
966.514, 1132.56
966.712, 1132.61
966.911, 1132.65
967.111, 1132.7
967.314, 1132.75
967.518, 1132.79
967.725, 1132.84
967.934, 1132.89
968.147, 1132.94
968.364, 1132.99
968.583, 1133.04
968.807, 1133.09
969.034, 1133.14
969.265, 1133.19
969.5, 1133.25
969.738, 1133.3
969.98, 1133.36
970.225, 1133.41
970.474, 1133.47
970.726, 1133.53
970.98, 1133.59
971.238, 1133.65
971.498, 1133.71
971.76, 1133.77
972.025, 1133.83
972.291, 1133.89
972.558, 1133.95
972.827, 1134.01
973.096, 1134.07
973.366, 1134.13
973.636, 1134.2
973.906, 1134.26
974.176, 1134.32
974.446, 1134.38
974.714, 1134.44
974.982, 1134.51
975.249, 1134.57
975.514, 1134.63
975.777, 1134.69
976.039, 1134.75
976.299, 1134.81
976.558, 1134.87
976.814, 1134.93
977.069, 1134.98
977.322, 1135.04
977.573, 1135.1
977.822, 1135.16
978.071, 1135.21
978.318, 1135.27
978.564, 1135.33

waypoints
x, y
955.158, 1131.23
955.266, 1131.24
955.382, 1131.26
955.508, 1131.27
955.644, 1131.28
955.792, 1131.3
955.95, 1131.32
956.119, 1131.34
956.3, 1131.36
956.493, 1131.38
956.696, 1131.4
956.911, 1131.42
957.136, 1131.45
957.371, 1131.47
957.616, 1131.5
957.87, 1131.53
958.133, 1131.56
958.403, 1131.59
958.68, 1131.62
958.963, 1131.65
959.251, 1131.68
959.543, 1131.71
959.84, 1131.74
960.138, 1131.78
960.438, 1131.81
960.74, 1131.84
961.041, 1131.87
961.341, 1131.91
961.64, 1131.94
961.936, 1131.97
962.23, 1132
962.519, 1132.04
962.805, 1132.07
963.086, 1132.1
963.361, 1132.13
963.632, 1132.16
963.896, 1132.19
964.156, 1132.21
964.409, 1132.24
964.657, 1132.27
964.9, 1132.3
965.139, 1132.32
965.373, 1132.35
966.289, 1132.51
966.514, 1132.56
966.712, 1132.61
966.911, 1132.65
967.111, 1132.7
967.313, 1132.74
967.518, 1132.79
967.725, 1132.84
967.934, 1132.89
968.147, 1132.94
968.364, 1132.99
968.583, 1133.04
968.807, 1133.09
969.034, 1133.14
969.265, 1133.19
969.5, 1133.25
969.738, 1133.3
969.98, 1133.36
970.225, 1133.41
970.474, 1133.47
970.726, 1133.53
970.981, 1133.59
971.238, 1133.65
971.498, 1133.71
971.76, 1133.77
972.025, 1133.83
972.291, 1133.89
972.558, 1133.95
972.827, 1134.01
973.096, 1134.07
973.366, 1134.13
973.636, 1134.2
973.906, 1134.26
974.176, 1134.32
974.446, 1134.38
974.714, 1134.44
974.982, 1134.51
975.249, 1134.57
975.514, 1134.63
975.777, 1134.69
976.039, 1134.75
976.299, 1134.81
976.558, 1134.87
976.814, 1134.93
977.069, 1134.98
977.322, 1135.04
977.573, 1135.1
977.822, 1135.16
978.071, 1135.21
978.318, 1135.27
978.564, 1135.33

waypoints
x, y
955.644, 1131.28
955.792, 1131.3
955.95, 1131.32
956.119, 1131.34
956.3, 1131.36
956.493, 1131.38
956.696, 1131.4
956.911, 1131.42
957.136, 1131.45
957.371, 1131.47
957.616, 1131.5
957.87, 1131.53
958.133, 1131.56
958.403, 1131.59
958.68, 1131.62
958.963, 1131.65
959.251, 1131.68
959.543, 1131.71
959.84, 1131.74
960.138, 1131.78
960.438, 1131.81
960.74, 1131.84
961.041, 1131.87
961.341, 1131.91
961.64, 1131.94
961.936, 1131.97
962.23, 1132
962.519, 1132.04
962.805, 1132.07
963.086, 1132.1
963.361, 1132.13
963.632, 1132.16
963.896, 1132.19
964.156, 1132.21
964.409, 1132.24
964.657, 1132.27
964.9, 1132.3
965.139, 1132.32
965.373, 1132.35
966.289, 1132.51
966.514, 1132.56
966.712, 1132.61
966.911, 1132.65
967.111, 1132.7
967.313, 1132.74
967.518, 1132.79
967.725, 1132.84
967.934, 1132.89
968.147, 1132.94
968.364, 1132.99
968.583, 1133.04
968.807, 1133.09
969.034, 1133.14
969.265, 1133.19
969.5, 1133.25
969.738, 1133.3
969.98, 1133.36
970.225, 1133.41
970.474, 1133.47
970.726, 1133.53
970.981, 1133.59
971.238, 1133.65
971.498, 1133.71
971.76, 1133.77
972.025, 1133.83
972.291, 1133.89
972.558, 1133.95
972.827, 1134.01
973.096, 1134.07
973.366, 1134.13
973.636, 1134.2
973.906, 1134.26
974.176, 1134.32
974.446, 1134.38
974.714, 1134.44
974.982, 1134.51
975.249, 1134.57
975.514, 1134.63
975.777, 1134.69
976.039, 1134.75
976.299, 1134.81
976.558, 1134.87
976.814, 1134.93
977.069, 1134.98
977.322, 1135.04
977.573, 1135.1
977.822, 1135.16
978.071, 1135.21
978.318, 1135.27
978.564, 1135.33

waypoints
x, y
956.3, 1131.36
956.493, 1131.38
956.696, 1131.4
956.911, 1131.42
957.136, 1131.45
957.371, 1131.47
957.616, 1131.5
957.87, 1131.53
958.133, 1131.56
958.403, 1131.59
958.68, 1131.62
958.963, 1131.65
959.251, 1131.68
959.543, 1131.71
959.84, 1131.74
960.138, 1131.78
960.438, 1131.81
960.74, 1131.84
961.041, 1131.87
961.341, 1131.91
961.64, 1131.94
961.936, 1131.97
962.23, 1132
962.519, 1132.04
962.805, 1132.07
963.086, 1132.1
963.361, 1132.13
963.632, 1132.16
963.896, 1132.19
964.156, 1132.21
964.409, 1132.24
964.657, 1132.27
964.9, 1132.3
965.139, 1132.32
965.373, 1132.35
966.289, 1132.51
966.514, 1132.56
966.712, 1132.61
966.911, 1132.65
967.111, 1132.7
967.313, 1132.74
967.518, 1132.79
967.725, 1132.84
967.934, 1132.89
968.147, 1132.94
968.364, 1132.99
968.583, 1133.04
968.807, 1133.09
969.034, 1133.14
969.265, 1133.19
969.5, 1133.25
969.738, 1133.3
969.98, 1133.36
970.225, 1133.41
970.474, 1133.47
970.726, 1133.53
970.981, 1133.59
971.238, 1133.65
971.498, 1133.71
971.76, 1133.77
972.025, 1133.83
972.291, 1133.89
972.558, 1133.95
972.827, 1134.01
973.096, 1134.07
973.366, 1134.13
973.636, 1134.2
973.906, 1134.26
974.176, 1134.32
974.446, 1134.38
974.714, 1134.44
974.982, 1134.51
975.249, 1134.57
975.514, 1134.63
975.777, 1134.69
976.039, 1134.75
976.299, 1134.81
976.558, 1134.87
976.814, 1134.93
977.069, 1134.98
977.322, 1135.04
977.573, 1135.1
977.822, 1135.16
978.071, 1135.21
978.318, 1135.27
978.564, 1135.33

waypoints
x, y
957.136, 1131.45
957.371, 1131.47
957.616, 1131.5
957.87, 1131.53
958.133, 1131.56
958.403, 1131.59
958.68, 1131.62
958.963, 1131.65
959.251, 1131.68
959.543, 1131.71
959.84, 1131.74
960.138, 1131.78
960.438, 1131.81
960.74, 1131.84
961.041, 1131.87
961.341, 1131.91
961.64, 1131.94
961.936, 1131.97
962.23, 1132
962.519, 1132.04
962.805, 1132.07
963.086, 1132.1
963.361, 1132.13
963.632, 1132.16
963.896, 1132.19
964.156, 1132.21
964.409, 1132.24
964.657, 1132.27
964.9, 1132.3
965.139, 1132.32
965.373, 1132.35
966.289, 1132.51
966.514, 1132.56
966.712, 1132.61
966.911, 1132.65
967.111, 1132.7
967.313, 1132.74
967.518, 1132.79
967.725, 1132.84
967.934, 1132.89
968.147, 1132.94
968.364, 1132.99
968.583, 1133.04
968.807, 1133.09
969.034, 1133.14
969.265, 1133.19
969.5, 1133.25
969.738, 1133.3
969.98, 1133.36
970.225, 1133.41
970.474, 1133.47
970.726, 1133.53
970.981, 1133.59
971.238, 1133.65
971.498, 1133.71
971.76, 1133.77
972.025, 1133.83
972.291, 1133.89
972.558, 1133.95
972.827, 1134.01
973.096, 1134.07
973.366, 1134.13
973.636, 1134.2
973.906, 1134.26
974.176, 1134.32
974.446, 1134.38
974.714, 1134.44
974.982, 1134.51
975.249, 1134.57
975.514, 1134.63
975.777, 1134.69
976.039, 1134.75
976.299, 1134.81
976.558, 1134.87
976.814, 1134.93
977.069, 1134.98
977.322, 1135.04
977.573, 1135.1
977.822, 1135.16
978.071, 1135.21
978.318, 1135.27
978.564, 1135.33

waypoints
x, y
958.133, 1131.56
958.403, 1131.59
958.68, 1131.62
958.963, 1131.65
959.251, 1131.68
959.543, 1131.71
959.84, 1131.74
960.138, 1131.78
960.438, 1131.81
960.74, 1131.84
961.041, 1131.87
961.341, 1131.91
961.64, 1131.94
961.936, 1131.97
962.23, 1132
962.519, 1132.04
962.805, 1132.07
963.086, 1132.1
963.361, 1132.13
963.632, 1132.16
963.896, 1132.19
964.156, 1132.21
964.409, 1132.24
964.657, 1132.27
964.9, 1132.3
965.139, 1132.32
965.373, 1132.35
966.289, 1132.51
966.514, 1132.56
966.712, 1132.61
966.911, 1132.65
967.111, 1132.7
967.313, 1132.74
967.518, 1132.79
967.725, 1132.84
967.934, 1132.89
968.147, 1132.94
968.364, 1132.99
968.583, 1133.04
968.807, 1133.09
969.034, 1133.14
969.265, 1133.19
969.5, 1133.25
969.738, 1133.3
969.98, 1133.36
970.225, 1133.41
970.474, 1133.47
970.726, 1133.53
970.981, 1133.59
971.238, 1133.65
971.498, 1133.71
971.76, 1133.77
972.025, 1133.83
972.291, 1133.89
972.558, 1133.95
972.827, 1134.01
973.096, 1134.07
973.366, 1134.13
973.636, 1134.2
973.906, 1134.26
974.176, 1134.32
974.446, 1134.38
974.714, 1134.44
974.982, 1134.51
975.249, 1134.57
975.514, 1134.63
975.777, 1134.69
976.039, 1134.75
976.299, 1134.81
976.558, 1134.87
976.814, 1134.93
977.069, 1134.98
977.322, 1135.04
977.573, 1135.1
977.822, 1135.16
978.071, 1135.21
978.318, 1135.27
978.564, 1135.33

waypoints
x, y
959.251, 1131.68
959.543, 1131.71
959.84, 1131.74
960.138, 1131.78
960.438, 1131.81
960.74, 1131.84
961.041, 1131.87
961.341, 1131.91
961.64, 1131.94
961.936, 1131.97
962.23, 1132
962.519, 1132.04
962.805, 1132.07
963.086, 1132.1
963.361, 1132.13
963.632, 1132.16
963.896, 1132.19
964.156, 1132.21
964.409, 1132.24
964.657, 1132.27
964.9, 1132.3
965.139, 1132.32
965.373, 1132.35
966.289, 1132.51
966.514, 1132.56
966.712, 1132.61
966.911, 1132.65
967.111, 1132.7
967.313, 1132.74
967.518, 1132.79
967.725, 1132.84
967.934, 1132.89
968.147, 1132.94
968.364, 1132.99
968.583, 1133.04
968.807, 1133.09
969.034, 1133.14
969.265, 1133.19
969.5, 1133.25
969.738, 1133.3
969.98, 1133.36
970.225, 1133.41
970.474, 1133.47
970.726, 1133.53
970.981, 1133.59
971.238, 1133.65
971.498, 1133.71
971.76, 1133.77
972.025, 1133.83
972.291, 1133.89
972.558, 1133.95
972.827, 1134.01
973.096, 1134.07
973.366, 1134.13
973.636, 1134.2
973.906, 1134.26
974.176, 1134.32
974.446, 1134.38
974.714, 1134.44
974.982, 1134.51
975.249, 1134.57
975.514, 1134.63
975.777, 1134.69
976.039, 1134.75
976.299, 1134.81
976.558, 1134.87
976.814, 1134.93
977.069, 1134.98
977.322, 1135.04
977.573, 1135.1
977.822, 1135.16
978.071, 1135.21
978.318, 1135.27
978.564, 1135.33

waypoints
x, y
960.438, 1131.81
960.74, 1131.84
961.041, 1131.87
961.341, 1131.91
961.64, 1131.94
961.936, 1131.97
962.23, 1132
962.519, 1132.04
962.805, 1132.07
963.086, 1132.1
963.361, 1132.13
963.632, 1132.16
963.896, 1132.19
964.156, 1132.21
964.409, 1132.24
964.657, 1132.27
964.9, 1132.3
965.139, 1132.32
965.373, 1132.35
966.289, 1132.51
966.514, 1132.56
966.712, 1132.61
966.911, 1132.65
967.111, 1132.7
967.313, 1132.74
967.518, 1132.79
967.725, 1132.84
967.934, 1132.89
968.147, 1132.94
968.364, 1132.99
968.583, 1133.04
968.807, 1133.09
969.034, 1133.14
969.265, 1133.19
969.5, 1133.25
969.738, 1133.3
969.98, 1133.36
970.225, 1133.41
970.474, 1133.47
970.726, 1133.53
970.981, 1133.59
971.238, 1133.65
971.498, 1133.71
971.76, 1133.77
972.025, 1133.83
972.291, 1133.89
972.558, 1133.95
972.827, 1134.01
973.096, 1134.07
973.366, 1134.13
973.636, 1134.2
973.906, 1134.26
974.176, 1134.32
974.446, 1134.38
974.714, 1134.44
974.982, 1134.51
975.249, 1134.57
975.514, 1134.63
975.777, 1134.69
976.039, 1134.75
976.299, 1134.81
976.558, 1134.87
976.814, 1134.93
977.069, 1134.98
977.322, 1135.04
977.573, 1135.1
977.822, 1135.16
978.071, 1135.21
978.318, 1135.27
978.564, 1135.33

waypoints
x, y
961.341, 1131.91
961.64, 1131.94
961.936, 1131.97
962.23, 1132
962.519, 1132.04
962.805, 1132.07
963.086, 1132.1
963.361, 1132.13
963.632, 1132.16
963.896, 1132.19
964.156, 1132.21
964.409, 1132.24
964.657, 1132.27
964.9, 1132.3
965.139, 1132.32
965.373, 1132.35
966.289, 1132.51
966.514, 1132.56
966.712, 1132.61
966.911, 1132.65
967.111, 1132.7
967.313, 1132.74
967.518, 1132.79
967.725, 1132.84
967.934, 1132.89
968.147, 1132.94
968.364, 1132.99
968.583, 1133.04
968.807, 1133.09
969.034, 1133.14
969.265, 1133.19
969.5, 1133.25
969.738, 1133.3
969.98, 1133.36
970.225, 1133.41
970.474, 1133.47
970.726, 1133.53
970.981, 1133.59
971.238, 1133.65
971.498, 1133.71
971.76, 1133.77
972.025, 1133.83
972.291, 1133.89
972.558, 1133.95
972.827, 1134.01
973.096, 1134.07
973.366, 1134.13
973.636, 1134.2
973.906, 1134.26
974.176, 1134.32
974.446, 1134.38
974.714, 1134.44
974.982, 1134.51
975.249, 1134.57
975.514, 1134.63
975.777, 1134.69
976.039, 1134.75
976.299, 1134.81
976.558, 1134.87
976.814, 1134.93
977.069, 1134.98
977.322, 1135.04
977.573, 1135.1
977.822, 1135.16
978.071, 1135.21
978.318, 1135.27
978.564, 1135.33

waypoints
x, y
962.23, 1132
962.519, 1132.04
962.805, 1132.07
963.086, 1132.1
963.361, 1132.13
963.632, 1132.16
963.896, 1132.19
964.156, 1132.21
964.409, 1132.24
964.657, 1132.27
964.9, 1132.3
965.139, 1132.32
965.373, 1132.35
966.289, 1132.51
966.514, 1132.56
966.712, 1132.61
966.911, 1132.65
967.111, 1132.7
967.313, 1132.74
967.518, 1132.79
967.725, 1132.84
967.934, 1132.89
968.147, 1132.94
968.364, 1132.99
968.583, 1133.04
968.807, 1133.09
969.034, 1133.14
969.265, 1133.19
969.5, 1133.25
969.738, 1133.3
969.98, 1133.36
970.225, 1133.41
970.474, 1133.47
970.726, 1133.53
970.981, 1133.59
971.238, 1133.65
971.498, 1133.71
971.76, 1133.77
972.025, 1133.83
972.291, 1133.89
972.558, 1133.95
972.827, 1134.01
973.096, 1134.07
973.366, 1134.13
973.636, 1134.2
973.906, 1134.26
974.176, 1134.32
974.446, 1134.38
974.714, 1134.44
974.982, 1134.51
975.249, 1134.57
975.514, 1134.63
975.777, 1134.69
976.039, 1134.75
976.299, 1134.81
976.558, 1134.87
976.814, 1134.93
977.069, 1134.98
977.322, 1135.04
977.573, 1135.1
977.822, 1135.16
978.071, 1135.21
978.318, 1135.27
978.564, 1135.33

waypoints
x, y
963.361, 1132.13
963.632, 1132.16
963.896, 1132.19
964.156, 1132.21
964.409, 1132.24
964.657, 1132.27
964.9, 1132.3
965.139, 1132.32
965.373, 1132.35
966.289, 1132.51
966.514, 1132.56
966.712, 1132.61
966.911, 1132.65
967.111, 1132.7
967.313, 1132.74
967.518, 1132.79
967.725, 1132.84
967.934, 1132.89
968.147, 1132.94
968.364, 1132.99
968.583, 1133.04
968.807, 1133.09
969.034, 1133.14
969.265, 1133.19
969.5, 1133.25
969.738, 1133.3
969.98, 1133.36
970.225, 1133.41
970.474, 1133.47
970.726, 1133.53
970.981, 1133.59
971.238, 1133.65
971.498, 1133.71
971.76, 1133.77
972.025, 1133.83
972.291, 1133.89
972.558, 1133.95
972.827, 1134.01
973.096, 1134.07
973.366, 1134.13
973.636, 1134.2
973.906, 1134.26
974.176, 1134.32
974.446, 1134.38
974.714, 1134.44
974.982, 1134.51
975.249, 1134.57
975.514, 1134.63
975.777, 1134.69
976.039, 1134.75
976.299, 1134.81
976.558, 1134.87
976.814, 1134.93
977.069, 1134.98
977.322, 1135.04
977.573, 1135.1
977.822, 1135.16
978.071, 1135.21
978.318, 1135.27
978.564, 1135.33

waypoints
x, y
964.156, 1132.21
964.409, 1132.24
964.657, 1132.27
964.9, 1132.3
965.139, 1132.32
965.373, 1132.35
966.289, 1132.51
966.514, 1132.56
966.712, 1132.61
966.911, 1132.65
967.111, 1132.7
967.313, 1132.74
967.518, 1132.79
967.725, 1132.84
967.934, 1132.89
968.147, 1132.94
968.364, 1132.99
968.583, 1133.04
968.807, 1133.09
969.034, 1133.14
969.265, 1133.19
969.5, 1133.25
969.738, 1133.3
969.98, 1133.36
970.225, 1133.41
970.474, 1133.47
970.726, 1133.53
970.981, 1133.59
971.238, 1133.65
971.498, 1133.71
971.76, 1133.77
972.025, 1133.83
972.291, 1133.89
972.558, 1133.95
972.827, 1134.01
973.096, 1134.07
973.366, 1134.13
973.636, 1134.2
973.906, 1134.26
974.176, 1134.32
974.446, 1134.38
974.714, 1134.44
974.982, 1134.51
975.249, 1134.57
975.514, 1134.63
975.777, 1134.69
976.039, 1134.75
976.299, 1134.81
976.558, 1134.87
976.814, 1134.93
977.069, 1134.98
977.322, 1135.04
977.573, 1135.1
977.822, 1135.16
978.071, 1135.21
978.318, 1135.27
978.564, 1135.33

waypoints
x, y
964.9, 1132.3
965.139, 1132.32
965.373, 1132.35
966.289, 1132.51
966.514, 1132.56
966.712, 1132.61
966.911, 1132.65
967.111, 1132.7
967.313, 1132.74
967.518, 1132.79
967.725, 1132.84
967.934, 1132.89
968.147, 1132.94
968.364, 1132.99
968.583, 1133.04
968.807, 1133.09
969.034, 1133.14
969.265, 1133.19
969.5, 1133.25
969.738, 1133.3
969.98, 1133.36
970.225, 1133.41
970.474, 1133.47
970.726, 1133.53
970.981, 1133.59
971.238, 1133.65
971.498, 1133.71
971.76, 1133.77
972.025, 1133.83
972.291, 1133.89
972.558, 1133.95
972.827, 1134.01
973.096, 1134.07
973.366, 1134.13
973.636, 1134.2
973.906, 1134.26
974.176, 1134.32
974.446, 1134.38
974.714, 1134.44
974.982, 1134.51
975.249, 1134.57
975.514, 1134.63
975.777, 1134.69
976.039, 1134.75
976.299, 1134.81
976.558, 1134.87
976.814, 1134.93
977.069, 1134.98
977.322, 1135.04
977.573, 1135.1
977.822, 1135.16
978.071, 1135.21
978.318, 1135.27
978.564, 1135.33

waypoints
x, y
966.289, 1132.51
966.514, 1132.56
966.712, 1132.61
966.911, 1132.65
967.111, 1132.7
967.313, 1132.74
967.518, 1132.79
967.725, 1132.84
967.934, 1132.89
968.147, 1132.94
968.364, 1132.99
968.583, 1133.04
968.807, 1133.09
969.034, 1133.14
969.265, 1133.19
969.5, 1133.25
969.738, 1133.3
969.98, 1133.36
970.225, 1133.41
970.474, 1133.47
970.726, 1133.53
970.981, 1133.59
971.238, 1133.65
971.498, 1133.71
971.76, 1133.77
972.025, 1133.83
972.291, 1133.89
972.558, 1133.95
972.827, 1134.01
973.096, 1134.07
973.366, 1134.13
973.636, 1134.2
973.906, 1134.26
974.176, 1134.32
974.446, 1134.38
974.714, 1134.44
974.982, 1134.51
975.249, 1134.57
975.514, 1134.63
975.777, 1134.69
976.039, 1134.75
976.299, 1134.81
976.558, 1134.87
976.814, 1134.93
977.069, 1134.98
977.322, 1135.04
977.573, 1135.1
977.822, 1135.16
978.071, 1135.21
978.318, 1135.27
978.564, 1135.33

waypoints
x, y
967.111, 1132.7
967.313, 1132.74
967.518, 1132.79
967.725, 1132.84
967.934, 1132.89
968.147, 1132.94
968.364, 1132.99
968.583, 1133.04
968.807, 1133.09
969.034, 1133.14
969.265, 1133.19
969.5, 1133.25
969.738, 1133.3
969.98, 1133.36
970.225, 1133.41
970.474, 1133.47
970.726, 1133.53
970.981, 1133.59
971.238, 1133.65
971.498, 1133.71
971.76, 1133.77
972.025, 1133.83
972.291, 1133.89
972.558, 1133.95
972.827, 1134.01
973.096, 1134.07
973.366, 1134.13
973.636, 1134.2
973.906, 1134.26
974.176, 1134.32
974.446, 1134.38
974.714, 1134.44
974.982, 1134.51
975.249, 1134.57
975.514, 1134.63
975.777, 1134.69
976.039, 1134.75
976.299, 1134.81
976.558, 1134.87
976.814, 1134.93
977.069, 1134.98
977.322, 1135.04
977.573, 1135.1
977.822, 1135.16
978.071, 1135.21
978.318, 1135.27
978.564, 1135.33
978.764, 1135.37
978.964, 1135.42
979.166, 1135.47
979.371, 1135.51
979.579, 1135.56
979.792, 1135.61
980.009, 1135.66
980.23, 1135.71
980.457, 1135.76
980.69, 1135.82
980.928, 1135.87
981.172, 1135.93
981.422, 1135.98
981.677, 1136.04
981.939, 1136.1
982.206, 1136.16
982.478, 1136.23
982.756, 1136.29
983.038, 1136.35
983.325, 1136.42
983.617, 1136.49
983.912, 1136.55
984.211, 1136.62
984.512, 1136.69
984.817, 1136.76
985.124, 1136.83
985.432, 1136.9
985.742, 1136.97
986.053, 1137.05
986.364, 1137.12
986.675, 1137.19
986.986, 1137.26
987.296, 1137.33
987.604, 1137.4
987.912, 1137.47
988.217, 1137.54
988.52, 1137.61
988.821, 1137.68
989.119, 1137.75
989.414, 1137.82
989.707, 1137.89
989.997, 1137.95
990.284, 1138.02
990.568, 1138.08
990.849, 1138.15
991.128, 1138.21
991.405, 1138.27
991.68, 1138.34
991.954, 1138.4

waypoints
x, y
967.725, 1132.84
967.934, 1132.89
968.147, 1132.94
968.364, 1132.99
968.583, 1133.04
968.807, 1133.09
969.034, 1133.14
969.265, 1133.19
969.5, 1133.25
969.738, 1133.3
969.98, 1133.36
970.225, 1133.41
970.474, 1133.47
970.726, 1133.53
970.981, 1133.59
971.238, 1133.65
971.498, 1133.71
971.76, 1133.77
972.025, 1133.83
972.291, 1133.89
972.558, 1133.95
972.827, 1134.01
973.096, 1134.07
973.366, 1134.13
973.636, 1134.2
973.906, 1134.26
974.176, 1134.32
974.446, 1134.38
974.714, 1134.44
974.982, 1134.51
975.249, 1134.57
975.514, 1134.63
975.777, 1134.69
976.039, 1134.75
976.299, 1134.81
976.558, 1134.87
976.814, 1134.93
977.069, 1134.98
977.322, 1135.04
977.573, 1135.1
977.822, 1135.16
978.071, 1135.21
978.318, 1135.27
978.564, 1135.33
978.764, 1135.37
978.964, 1135.42
979.166, 1135.46
979.371, 1135.51
979.58, 1135.56
979.792, 1135.61
980.009, 1135.66
980.23, 1135.71
980.457, 1135.76
980.69, 1135.82
980.928, 1135.87
981.172, 1135.93
981.422, 1135.98
981.677, 1136.04
981.939, 1136.1
982.206, 1136.16
982.478, 1136.23
982.756, 1136.29
983.038, 1136.35
983.325, 1136.42
983.617, 1136.49
983.912, 1136.56
984.211, 1136.62
984.512, 1136.69
984.817, 1136.76
985.124, 1136.83
985.432, 1136.9
985.742, 1136.97
986.053, 1137.05
986.364, 1137.12
986.675, 1137.19
986.986, 1137.26
987.296, 1137.33
987.604, 1137.4
987.912, 1137.47
988.217, 1137.54
988.52, 1137.61
988.821, 1137.68
989.119, 1137.75
989.414, 1137.82
989.707, 1137.88
989.997, 1137.95
990.284, 1138.02
990.568, 1138.08
990.849, 1138.15
991.128, 1138.21
991.405, 1138.28
991.68, 1138.34
991.954, 1138.4

waypoints
x, y
968.583, 1133.04
968.807, 1133.09
969.034, 1133.14
969.265, 1133.19
969.5, 1133.25
969.738, 1133.3
969.98, 1133.36
970.225, 1133.41
970.474, 1133.47
970.726, 1133.53
970.981, 1133.59
971.238, 1133.65
971.498, 1133.71
971.76, 1133.77
972.025, 1133.83
972.291, 1133.89
972.558, 1133.95
972.827, 1134.01
973.096, 1134.07
973.366, 1134.13
973.636, 1134.2
973.906, 1134.26
974.176, 1134.32
974.446, 1134.38
974.714, 1134.44
974.982, 1134.51
975.249, 1134.57
975.514, 1134.63
975.777, 1134.69
976.039, 1134.75
976.299, 1134.81
976.558, 1134.87
976.814, 1134.93
977.069, 1134.98
977.322, 1135.04
977.573, 1135.1
977.822, 1135.16
978.071, 1135.21
978.318, 1135.27
978.564, 1135.33
978.764, 1135.37
978.964, 1135.42
979.166, 1135.46
979.371, 1135.51
979.58, 1135.56
979.792, 1135.61
980.009, 1135.66
980.23, 1135.71
980.457, 1135.76
980.69, 1135.82
980.928, 1135.87
981.172, 1135.93
981.422, 1135.98
981.677, 1136.04
981.939, 1136.1
982.206, 1136.16
982.478, 1136.23
982.756, 1136.29
983.038, 1136.35
983.325, 1136.42
983.617, 1136.49
983.912, 1136.56
984.211, 1136.62
984.512, 1136.69
984.817, 1136.76
985.124, 1136.83
985.432, 1136.9
985.742, 1136.97
986.053, 1137.05
986.364, 1137.12
986.675, 1137.19
986.986, 1137.26
987.296, 1137.33
987.604, 1137.4
987.912, 1137.47
988.217, 1137.54
988.52, 1137.61
988.821, 1137.68
989.119, 1137.75
989.414, 1137.82
989.707, 1137.88
989.997, 1137.95
990.284, 1138.02
990.568, 1138.08
990.849, 1138.15
991.128, 1138.21
991.405, 1138.28
991.68, 1138.34
991.954, 1138.4

waypoints
x, y
969.5, 1133.25
969.738, 1133.3
969.98, 1133.36
970.225, 1133.41
970.474, 1133.47
970.726, 1133.53
970.981, 1133.59
971.238, 1133.65
971.498, 1133.71
971.76, 1133.77
972.025, 1133.83
972.291, 1133.89
972.558, 1133.95
972.827, 1134.01
973.096, 1134.07
973.366, 1134.13
973.636, 1134.2
973.906, 1134.26
974.176, 1134.32
974.446, 1134.38
974.714, 1134.44
974.982, 1134.51
975.249, 1134.57
975.514, 1134.63
975.777, 1134.69
976.039, 1134.75
976.299, 1134.81
976.558, 1134.87
976.814, 1134.93
977.069, 1134.98
977.322, 1135.04
977.573, 1135.1
977.822, 1135.16
978.071, 1135.21
978.318, 1135.27
978.564, 1135.33
978.764, 1135.37
978.964, 1135.42
979.166, 1135.46
979.371, 1135.51
979.58, 1135.56
979.792, 1135.61
980.009, 1135.66
980.23, 1135.71
980.457, 1135.76
980.69, 1135.82
980.928, 1135.87
981.172, 1135.93
981.422, 1135.98
981.677, 1136.04
981.939, 1136.1
982.206, 1136.16
982.478, 1136.23
982.756, 1136.29
983.038, 1136.35
983.325, 1136.42
983.617, 1136.49
983.912, 1136.56
984.211, 1136.62
984.512, 1136.69
984.817, 1136.76
985.124, 1136.83
985.432, 1136.9
985.742, 1136.97
986.053, 1137.05
986.364, 1137.12
986.675, 1137.19
986.986, 1137.26
987.296, 1137.33
987.604, 1137.4
987.912, 1137.47
988.217, 1137.54
988.52, 1137.61
988.821, 1137.68
989.119, 1137.75
989.414, 1137.82
989.707, 1137.88
989.997, 1137.95
990.284, 1138.02
990.568, 1138.08
990.849, 1138.15
991.128, 1138.21
991.405, 1138.28
991.68, 1138.34
991.954, 1138.4

waypoints
x, y
970.225, 1133.41
970.474, 1133.47
970.726, 1133.53
970.981, 1133.59
971.238, 1133.65
971.498, 1133.71
971.76, 1133.77
972.025, 1133.83
972.291, 1133.89
972.558, 1133.95
972.827, 1134.01
973.096, 1134.07
973.366, 1134.13
973.636, 1134.2
973.906, 1134.26
974.176, 1134.32
974.446, 1134.38
974.714, 1134.44
974.982, 1134.51
975.249, 1134.57
975.514, 1134.63
975.777, 1134.69
976.039, 1134.75
976.299, 1134.81
976.558, 1134.87
976.814, 1134.93
977.069, 1134.98
977.322, 1135.04
977.573, 1135.1
977.822, 1135.16
978.071, 1135.21
978.318, 1135.27
978.564, 1135.33
978.764, 1135.37
978.964, 1135.42
979.166, 1135.46
979.371, 1135.51
979.58, 1135.56
979.792, 1135.61
980.009, 1135.66
980.23, 1135.71
980.457, 1135.76
980.69, 1135.82
980.928, 1135.87
981.172, 1135.93
981.422, 1135.98
981.677, 1136.04
981.939, 1136.1
982.206, 1136.16
982.478, 1136.23
982.756, 1136.29
983.038, 1136.35
983.325, 1136.42
983.617, 1136.49
983.912, 1136.56
984.211, 1136.62
984.512, 1136.69
984.817, 1136.76
985.124, 1136.83
985.432, 1136.9
985.742, 1136.97
986.053, 1137.05
986.364, 1137.12
986.675, 1137.19
986.986, 1137.26
987.296, 1137.33
987.604, 1137.4
987.912, 1137.47
988.217, 1137.54
988.52, 1137.61
988.821, 1137.68
989.119, 1137.75
989.414, 1137.82
989.707, 1137.88
989.997, 1137.95
990.284, 1138.02
990.568, 1138.08
990.849, 1138.15
991.128, 1138.21
991.405, 1138.28
991.68, 1138.34
991.954, 1138.4

waypoints
x, y
971.238, 1133.65
971.498, 1133.71
971.76, 1133.77
972.025, 1133.83
972.291, 1133.89
972.558, 1133.95
972.827, 1134.01
973.096, 1134.07
973.366, 1134.13
973.636, 1134.2
973.906, 1134.26
974.176, 1134.32
974.446, 1134.38
974.714, 1134.44
974.982, 1134.51
975.249, 1134.57
975.514, 1134.63
975.777, 1134.69
976.039, 1134.75
976.299, 1134.81
976.558, 1134.87
976.814, 1134.93
977.069, 1134.98
977.322, 1135.04
977.573, 1135.1
977.822, 1135.16
978.071, 1135.21
978.318, 1135.27
978.564, 1135.33
978.764, 1135.37
978.964, 1135.42
979.166, 1135.46
979.371, 1135.51
979.58, 1135.56
979.792, 1135.61
980.009, 1135.66
980.23, 1135.71
980.457, 1135.76
980.69, 1135.82
980.928, 1135.87
981.172, 1135.93
981.422, 1135.98
981.677, 1136.04
981.939, 1136.1
982.206, 1136.16
982.478, 1136.23
982.756, 1136.29
983.038, 1136.35
983.325, 1136.42
983.617, 1136.49
983.912, 1136.56
984.211, 1136.62
984.512, 1136.69
984.817, 1136.76
985.124, 1136.83
985.432, 1136.9
985.742, 1136.97
986.053, 1137.05
986.364, 1137.12
986.675, 1137.19
986.986, 1137.26
987.296, 1137.33
987.604, 1137.4
987.912, 1137.47
988.217, 1137.54
988.52, 1137.61
988.821, 1137.68
989.119, 1137.75
989.414, 1137.82
989.707, 1137.88
989.997, 1137.95
990.284, 1138.02
990.568, 1138.08
990.849, 1138.15
991.128, 1138.21
991.405, 1138.28
991.68, 1138.34
991.954, 1138.4

waypoints
x, y
972.291, 1133.89
972.558, 1133.95
972.827, 1134.01
973.096, 1134.07
973.366, 1134.13
973.636, 1134.2
973.906, 1134.26
974.176, 1134.32
974.446, 1134.38
974.714, 1134.44
974.982, 1134.51
975.249, 1134.57
975.514, 1134.63
975.777, 1134.69
976.039, 1134.75
976.299, 1134.81
976.558, 1134.87
976.814, 1134.93
977.069, 1134.98
977.322, 1135.04
977.573, 1135.1
977.822, 1135.16
978.071, 1135.21
978.318, 1135.27
978.564, 1135.33
978.764, 1135.37
978.964, 1135.42
979.166, 1135.46
979.371, 1135.51
979.58, 1135.56
979.792, 1135.61
980.009, 1135.66
980.23, 1135.71
980.457, 1135.76
980.69, 1135.82
980.928, 1135.87
981.172, 1135.93
981.422, 1135.98
981.677, 1136.04
981.939, 1136.1
982.206, 1136.16
982.478, 1136.23
982.756, 1136.29
983.038, 1136.35
983.325, 1136.42
983.617, 1136.49
983.912, 1136.56
984.211, 1136.62
984.512, 1136.69
984.817, 1136.76
985.124, 1136.83
985.432, 1136.9
985.742, 1136.97
986.053, 1137.05
986.364, 1137.12
986.675, 1137.19
986.986, 1137.26
987.296, 1137.33
987.604, 1137.4
987.912, 1137.47
988.217, 1137.54
988.52, 1137.61
988.821, 1137.68
989.119, 1137.75
989.414, 1137.82
989.707, 1137.88
989.997, 1137.95
990.284, 1138.02
990.568, 1138.08
990.849, 1138.15
991.128, 1138.21
991.405, 1138.28
991.68, 1138.34
991.954, 1138.4

waypoints
x, y
973.366, 1134.13
973.636, 1134.2
973.906, 1134.26
974.176, 1134.32
974.446, 1134.38
974.714, 1134.44
974.982, 1134.51
975.249, 1134.57
975.514, 1134.63
975.777, 1134.69
976.039, 1134.75
976.299, 1134.81
976.558, 1134.87
976.814, 1134.93
977.069, 1134.98
977.322, 1135.04
977.573, 1135.1
977.822, 1135.16
978.071, 1135.21
978.318, 1135.27
978.564, 1135.33
978.764, 1135.37
978.964, 1135.42
979.166, 1135.46
979.371, 1135.51
979.58, 1135.56
979.792, 1135.61
980.009, 1135.66
980.23, 1135.71
980.457, 1135.76
980.69, 1135.82
980.928, 1135.87
981.172, 1135.93
981.422, 1135.98
981.677, 1136.04
981.939, 1136.1
982.206, 1136.16
982.478, 1136.23
982.756, 1136.29
983.038, 1136.35
983.325, 1136.42
983.617, 1136.49
983.912, 1136.56
984.211, 1136.62
984.512, 1136.69
984.817, 1136.76
985.124, 1136.83
985.432, 1136.9
985.742, 1136.97
986.053, 1137.05
986.364, 1137.12
986.675, 1137.19
986.986, 1137.26
987.296, 1137.33
987.604, 1137.4
987.912, 1137.47
988.217, 1137.54
988.52, 1137.61
988.821, 1137.68
989.119, 1137.75
989.414, 1137.82
989.707, 1137.88
989.997, 1137.95
990.284, 1138.02
990.568, 1138.08
990.849, 1138.15
991.128, 1138.21
991.405, 1138.28
991.68, 1138.34
991.954, 1138.4

waypoints
x, y
974.176, 1134.32
974.446, 1134.38
974.714, 1134.44
974.982, 1134.51
975.249, 1134.57
975.514, 1134.63
975.777, 1134.69
976.039, 1134.75
976.299, 1134.81
976.558, 1134.87
976.814, 1134.93
977.069, 1134.98
977.322, 1135.04
977.573, 1135.1
977.822, 1135.16
978.071, 1135.21
978.318, 1135.27
978.564, 1135.33
978.764, 1135.37
978.964, 1135.42
979.166, 1135.46
979.371, 1135.51
979.58, 1135.56
979.792, 1135.61
980.009, 1135.66
980.23, 1135.71
980.457, 1135.76
980.69, 1135.82
980.928, 1135.87
981.172, 1135.93
981.422, 1135.98
981.677, 1136.04
981.939, 1136.1
982.206, 1136.16
982.478, 1136.23
982.756, 1136.29
983.038, 1136.35
983.325, 1136.42
983.617, 1136.49
983.912, 1136.56
984.211, 1136.62
984.512, 1136.69
984.817, 1136.76
985.124, 1136.83
985.432, 1136.9
985.742, 1136.97
986.053, 1137.05
986.364, 1137.12
986.675, 1137.19
986.986, 1137.26
987.296, 1137.33
987.604, 1137.4
987.912, 1137.47
988.217, 1137.54
988.52, 1137.61
988.821, 1137.68
989.119, 1137.75
989.414, 1137.82
989.707, 1137.88
989.997, 1137.95
990.284, 1138.02
990.568, 1138.08
990.849, 1138.15
991.128, 1138.21
991.405, 1138.28
991.68, 1138.34
991.954, 1138.4

waypoints
x, y
975.249, 1134.57
975.514, 1134.63
975.777, 1134.69
976.039, 1134.75
976.299, 1134.81
976.558, 1134.87
976.814, 1134.93
977.069, 1134.98
977.322, 1135.04
977.573, 1135.1
977.822, 1135.16
978.071, 1135.21
978.318, 1135.27
978.564, 1135.33
978.764, 1135.37
978.964, 1135.42
979.166, 1135.46
979.371, 1135.51
979.58, 1135.56
979.792, 1135.61
980.009, 1135.66
980.23, 1135.71
980.457, 1135.76
980.69, 1135.82
980.928, 1135.87
981.172, 1135.93
981.422, 1135.98
981.677, 1136.04
981.939, 1136.1
982.206, 1136.16
982.478, 1136.23
982.756, 1136.29
983.038, 1136.35
983.325, 1136.42
983.617, 1136.49
983.912, 1136.56
984.211, 1136.62
984.512, 1136.69
984.817, 1136.76
985.124, 1136.83
985.432, 1136.9
985.742, 1136.97
986.053, 1137.05
986.364, 1137.12
986.675, 1137.19
986.986, 1137.26
987.296, 1137.33
987.604, 1137.4
987.912, 1137.47
988.217, 1137.54
988.52, 1137.61
988.821, 1137.68
989.119, 1137.75
989.414, 1137.82
989.707, 1137.88
989.997, 1137.95
990.284, 1138.02
990.568, 1138.08
990.849, 1138.15
991.128, 1138.21
991.405, 1138.28
991.68, 1138.34
991.954, 1138.4

waypoints
x, y
976.299, 1134.81
976.558, 1134.87
976.814, 1134.93
977.069, 1134.98
977.322, 1135.04
977.573, 1135.1
977.822, 1135.16
978.071, 1135.21
978.318, 1135.27
978.564, 1135.33
978.764, 1135.37
978.964, 1135.42
979.166, 1135.46
979.371, 1135.51
979.58, 1135.56
979.792, 1135.61
980.009, 1135.66
980.23, 1135.71
980.457, 1135.76
980.69, 1135.82
980.928, 1135.87
981.172, 1135.93
981.422, 1135.98
981.677, 1136.04
981.939, 1136.1
982.206, 1136.16
982.478, 1136.23
982.756, 1136.29
983.038, 1136.35
983.325, 1136.42
983.617, 1136.49
983.912, 1136.56
984.211, 1136.62
984.512, 1136.69
984.817, 1136.76
985.124, 1136.83
985.432, 1136.9
985.742, 1136.97
986.053, 1137.05
986.364, 1137.12
986.675, 1137.19
986.986, 1137.26
987.296, 1137.33
987.604, 1137.4
987.912, 1137.47
988.217, 1137.54
988.52, 1137.61
988.821, 1137.68
989.119, 1137.75
989.414, 1137.82
989.707, 1137.88
989.997, 1137.95
990.284, 1138.02
990.568, 1138.08
990.849, 1138.15
991.128, 1138.21
991.405, 1138.28
991.68, 1138.34
991.954, 1138.4

waypoints
x, y
977.069, 1134.98
977.322, 1135.04
977.573, 1135.1
977.822, 1135.16
978.071, 1135.21
978.318, 1135.27
978.564, 1135.33
978.764, 1135.37
978.964, 1135.42
979.166, 1135.46
979.371, 1135.51
979.58, 1135.56
979.792, 1135.61
980.009, 1135.66
980.23, 1135.71
980.457, 1135.76
980.69, 1135.82
980.928, 1135.87
981.172, 1135.93
981.422, 1135.98
981.677, 1136.04
981.939, 1136.1
982.206, 1136.16
982.478, 1136.23
982.756, 1136.29
983.038, 1136.35
983.325, 1136.42
983.617, 1136.49
983.912, 1136.56
984.211, 1136.62
984.512, 1136.69
984.817, 1136.76
985.124, 1136.83
985.432, 1136.9
985.742, 1136.97
986.053, 1137.05
986.364, 1137.12
986.675, 1137.19
986.986, 1137.26
987.296, 1137.33
987.604, 1137.4
987.912, 1137.47
988.217, 1137.54
988.52, 1137.61
988.821, 1137.68
989.119, 1137.75
989.414, 1137.82
989.707, 1137.88
989.997, 1137.95
990.284, 1138.02
990.568, 1138.08
990.849, 1138.15
991.128, 1138.21
991.405, 1138.28
991.68, 1138.34
991.954, 1138.4

waypoints
x, y
978.071, 1135.21
978.318, 1135.27
978.564, 1135.33
978.764, 1135.37
978.964, 1135.42
979.166, 1135.46
979.371, 1135.51
979.58, 1135.56
979.792, 1135.61
980.009, 1135.66
980.23, 1135.71
980.457, 1135.76
980.69, 1135.82
980.928, 1135.87
981.172, 1135.93
981.422, 1135.98
981.677, 1136.04
981.939, 1136.1
982.206, 1136.16
982.478, 1136.23
982.756, 1136.29
983.038, 1136.35
983.325, 1136.42
983.617, 1136.49
983.912, 1136.56
984.211, 1136.62
984.512, 1136.69
984.817, 1136.76
985.124, 1136.83
985.432, 1136.9
985.742, 1136.97
986.053, 1137.05
986.364, 1137.12
986.675, 1137.19
986.986, 1137.26
987.296, 1137.33
987.604, 1137.4
987.912, 1137.47
988.217, 1137.54
988.52, 1137.61
988.821, 1137.68
989.119, 1137.75
989.414, 1137.82
989.707, 1137.88
989.997, 1137.95
990.284, 1138.02
990.568, 1138.08
990.849, 1138.15
991.128, 1138.21
991.405, 1138.28
991.68, 1138.34
991.954, 1138.4

waypoints
x, y
978.964, 1135.42
979.166, 1135.46
979.371, 1135.51
979.58, 1135.56
979.792, 1135.61
980.009, 1135.66
980.23, 1135.71
980.457, 1135.76
980.69, 1135.82
980.928, 1135.87
981.172, 1135.93
981.422, 1135.98
981.677, 1136.04
981.939, 1136.1
982.206, 1136.16
982.478, 1136.23
982.756, 1136.29
983.038, 1136.35
983.325, 1136.42
983.617, 1136.49
983.912, 1136.56
984.211, 1136.62
984.512, 1136.69
984.817, 1136.76
985.124, 1136.83
985.432, 1136.9
985.742, 1136.97
986.053, 1137.05
986.364, 1137.12
986.675, 1137.19
986.986, 1137.26
987.296, 1137.33
987.604, 1137.4
987.912, 1137.47
988.217, 1137.54
988.52, 1137.61
988.821, 1137.68
989.119, 1137.75
989.414, 1137.82
989.707, 1137.88
989.997, 1137.95
990.284, 1138.02
990.568, 1138.08
990.849, 1138.15
991.128, 1138.21
991.405, 1138.28
991.68, 1138.34
991.954, 1138.4
992.154, 1138.45
992.355, 1138.49
992.558, 1138.54
992.765, 1138.59
992.976, 1138.64
993.193, 1138.69
993.416, 1138.74
993.646, 1138.79
993.882, 1138.84
994.126, 1138.9
994.378, 1138.96
994.637, 1139.02
994.904, 1139.08
995.179, 1139.14
995.462, 1139.21
995.752, 1139.27
996.05, 1139.34
996.354, 1139.41
997.642, 1139.81
997.942, 1139.93
998.248, 1140.06
998.558, 1140.19
998.873, 1140.32
999.192, 1140.46
999.514, 1140.59
999.839, 1140.73
1000.17, 1140.87
1000.5, 1141
1000.83, 1141.14
1001.16, 1141.28
1001.49, 1141.42
1001.82, 1141.56
1002.15, 1141.7
1002.47, 1141.83
1002.8, 1141.97
1003.12, 1142.11
1003.44, 1142.24
1003.76, 1142.37
1004.07, 1142.51
1004.38, 1142.64
1004.69, 1142.77
1004.99, 1142.89
1005.29, 1143.02
1005.59, 1143.14
1005.88, 1143.27
1006.17, 1143.39
1006.46, 1143.51
1006.75, 1143.63
1007.03, 1143.75

waypoints
x, y
979.792, 1135.61
980.009, 1135.66
980.23, 1135.71
980.457, 1135.76
980.69, 1135.82
980.928, 1135.87
981.172, 1135.93
981.422, 1135.98
981.677, 1136.04
981.939, 1136.1
982.206, 1136.16
982.478, 1136.23
982.756, 1136.29
983.038, 1136.35
983.325, 1136.42
983.617, 1136.49
983.912, 1136.56
984.211, 1136.62
984.512, 1136.69
984.817, 1136.76
985.124, 1136.83
985.432, 1136.9
985.742, 1136.97
986.053, 1137.05
986.364, 1137.12
986.675, 1137.19
986.986, 1137.26
987.296, 1137.33
987.604, 1137.4
987.912, 1137.47
988.217, 1137.54
988.52, 1137.61
988.821, 1137.68
989.119, 1137.75
989.414, 1137.82
989.707, 1137.88
989.997, 1137.95
990.284, 1138.02
990.568, 1138.08
990.849, 1138.15
991.128, 1138.21
991.405, 1138.28
991.68, 1138.34
991.954, 1138.4
992.154, 1138.45
992.355, 1138.49
992.558, 1138.54
992.765, 1138.59
992.976, 1138.63
993.193, 1138.68
993.416, 1138.74
993.646, 1138.79
993.882, 1138.84
994.126, 1138.9
994.378, 1138.96
994.637, 1139.02
994.904, 1139.08
995.179, 1139.14
995.462, 1139.21
995.752, 1139.27
996.05, 1139.34
996.354, 1139.41
997.642, 1139.81
997.942, 1139.93
998.248, 1140.06
998.558, 1140.19
998.873, 1140.32
999.192, 1140.46
999.514, 1140.59
999.839, 1140.73
1000.17, 1140.87
1000.5, 1141
1000.83, 1141.14
1001.16, 1141.28
1001.49, 1141.42
1001.82, 1141.56
1002.15, 1141.7
1002.47, 1141.83
1002.8, 1141.97
1003.12, 1142.11
1003.44, 1142.24
1003.76, 1142.38
1004.07, 1142.51
1004.38, 1142.64
1004.69, 1142.77
1005, 1142.89
1005.29, 1143.02
1005.59, 1143.14
1005.88, 1143.27
1006.17, 1143.39
1006.46, 1143.51
1006.75, 1143.63
1007.03, 1143.75

waypoints
x, y
980.69, 1135.82
980.928, 1135.87
981.172, 1135.93
981.422, 1135.98
981.677, 1136.04
981.939, 1136.1
982.206, 1136.16
982.478, 1136.23
982.756, 1136.29
983.038, 1136.35
983.325, 1136.42
983.617, 1136.49
983.912, 1136.56
984.211, 1136.62
984.512, 1136.69
984.817, 1136.76
985.124, 1136.83
985.432, 1136.9
985.742, 1136.97
986.053, 1137.05
986.364, 1137.12
986.675, 1137.19
986.986, 1137.26
987.296, 1137.33
987.604, 1137.4
987.912, 1137.47
988.217, 1137.54
988.52, 1137.61
988.821, 1137.68
989.119, 1137.75
989.414, 1137.82
989.707, 1137.88
989.997, 1137.95
990.284, 1138.02
990.568, 1138.08
990.849, 1138.15
991.128, 1138.21
991.405, 1138.28
991.68, 1138.34
991.954, 1138.4
992.154, 1138.45
992.355, 1138.49
992.558, 1138.54
992.765, 1138.59
992.976, 1138.63
993.193, 1138.68
993.416, 1138.74
993.646, 1138.79
993.882, 1138.84
994.126, 1138.9
994.378, 1138.96
994.637, 1139.02
994.904, 1139.08
995.179, 1139.14
995.462, 1139.21
995.752, 1139.27
996.05, 1139.34
996.354, 1139.41
997.642, 1139.81
997.942, 1139.93
998.248, 1140.06
998.558, 1140.19
998.873, 1140.32
999.192, 1140.46
999.514, 1140.59
999.839, 1140.73
1000.17, 1140.87
1000.5, 1141
1000.83, 1141.14
1001.16, 1141.28
1001.49, 1141.42
1001.82, 1141.56
1002.15, 1141.7
1002.47, 1141.83
1002.8, 1141.97
1003.12, 1142.11
1003.44, 1142.24
1003.76, 1142.38
1004.07, 1142.51
1004.38, 1142.64
1004.69, 1142.77
1005, 1142.89
1005.29, 1143.02
1005.59, 1143.14
1005.88, 1143.27
1006.17, 1143.39
1006.46, 1143.51
1006.75, 1143.63
1007.03, 1143.75

waypoints
x, y
981.677, 1136.04
981.939, 1136.1
982.206, 1136.16
982.478, 1136.23
982.756, 1136.29
983.038, 1136.35
983.325, 1136.42
983.617, 1136.49
983.912, 1136.56
984.211, 1136.62
984.512, 1136.69
984.817, 1136.76
985.124, 1136.83
985.432, 1136.9
985.742, 1136.97
986.053, 1137.05
986.364, 1137.12
986.675, 1137.19
986.986, 1137.26
987.296, 1137.33
987.604, 1137.4
987.912, 1137.47
988.217, 1137.54
988.52, 1137.61
988.821, 1137.68
989.119, 1137.75
989.414, 1137.82
989.707, 1137.88
989.997, 1137.95
990.284, 1138.02
990.568, 1138.08
990.849, 1138.15
991.128, 1138.21
991.405, 1138.28
991.68, 1138.34
991.954, 1138.4
992.154, 1138.45
992.355, 1138.49
992.558, 1138.54
992.765, 1138.59
992.976, 1138.63
993.193, 1138.68
993.416, 1138.74
993.646, 1138.79
993.882, 1138.84
994.126, 1138.9
994.378, 1138.96
994.637, 1139.02
994.904, 1139.08
995.179, 1139.14
995.462, 1139.21
995.752, 1139.27
996.05, 1139.34
996.354, 1139.41
997.642, 1139.81
997.942, 1139.93
998.248, 1140.06
998.558, 1140.19
998.873, 1140.32
999.192, 1140.46
999.514, 1140.59
999.839, 1140.73
1000.17, 1140.87
1000.5, 1141
1000.83, 1141.14
1001.16, 1141.28
1001.49, 1141.42
1001.82, 1141.56
1002.15, 1141.7
1002.47, 1141.83
1002.8, 1141.97
1003.12, 1142.11
1003.44, 1142.24
1003.76, 1142.38
1004.07, 1142.51
1004.38, 1142.64
1004.69, 1142.77
1005, 1142.89
1005.29, 1143.02
1005.59, 1143.14
1005.88, 1143.27
1006.17, 1143.39
1006.46, 1143.51
1006.75, 1143.63
1007.03, 1143.75

waypoints
x, y
982.756, 1136.29
983.038, 1136.35
983.325, 1136.42
983.617, 1136.49
983.912, 1136.56
984.211, 1136.62
984.512, 1136.69
984.817, 1136.76
985.124, 1136.83
985.432, 1136.9
985.742, 1136.97
986.053, 1137.05
986.364, 1137.12
986.675, 1137.19
986.986, 1137.26
987.296, 1137.33
987.604, 1137.4
987.912, 1137.47
988.217, 1137.54
988.52, 1137.61
988.821, 1137.68
989.119, 1137.75
989.414, 1137.82
989.707, 1137.88
989.997, 1137.95
990.284, 1138.02
990.568, 1138.08
990.849, 1138.15
991.128, 1138.21
991.405, 1138.28
991.68, 1138.34
991.954, 1138.4
992.154, 1138.45
992.355, 1138.49
992.558, 1138.54
992.765, 1138.59
992.976, 1138.63
993.193, 1138.68
993.416, 1138.74
993.646, 1138.79
993.882, 1138.84
994.126, 1138.9
994.378, 1138.96
994.637, 1139.02
994.904, 1139.08
995.179, 1139.14
995.462, 1139.21
995.752, 1139.27
996.05, 1139.34
996.354, 1139.41
997.642, 1139.81
997.942, 1139.93
998.248, 1140.06
998.558, 1140.19
998.873, 1140.32
999.192, 1140.46
999.514, 1140.59
999.839, 1140.73
1000.17, 1140.87
1000.5, 1141
1000.83, 1141.14
1001.16, 1141.28
1001.49, 1141.42
1001.82, 1141.56
1002.15, 1141.7
1002.47, 1141.83
1002.8, 1141.97
1003.12, 1142.11
1003.44, 1142.24
1003.76, 1142.38
1004.07, 1142.51
1004.38, 1142.64
1004.69, 1142.77
1005, 1142.89
1005.29, 1143.02
1005.59, 1143.14
1005.88, 1143.27
1006.17, 1143.39
1006.46, 1143.51
1006.75, 1143.63
1007.03, 1143.75

waypoints
x, y
983.912, 1136.56
984.211, 1136.62
984.512, 1136.69
984.817, 1136.76
985.124, 1136.83
985.432, 1136.9
985.742, 1136.97
986.053, 1137.05
986.364, 1137.12
986.675, 1137.19
986.986, 1137.26
987.296, 1137.33
987.604, 1137.4
987.912, 1137.47
988.217, 1137.54
988.52, 1137.61
988.821, 1137.68
989.119, 1137.75
989.414, 1137.82
989.707, 1137.88
989.997, 1137.95
990.284, 1138.02
990.568, 1138.08
990.849, 1138.15
991.128, 1138.21
991.405, 1138.28
991.68, 1138.34
991.954, 1138.4
992.154, 1138.45
992.355, 1138.49
992.558, 1138.54
992.765, 1138.59
992.976, 1138.63
993.193, 1138.68
993.416, 1138.74
993.646, 1138.79
993.882, 1138.84
994.126, 1138.9
994.378, 1138.96
994.637, 1139.02
994.904, 1139.08
995.179, 1139.14
995.462, 1139.21
995.752, 1139.27
996.05, 1139.34
996.354, 1139.41
997.642, 1139.81
997.942, 1139.93
998.248, 1140.06
998.558, 1140.19
998.873, 1140.32
999.192, 1140.46
999.514, 1140.59
999.839, 1140.73
1000.17, 1140.87
1000.5, 1141
1000.83, 1141.14
1001.16, 1141.28
1001.49, 1141.42
1001.82, 1141.56
1002.15, 1141.7
1002.47, 1141.83
1002.8, 1141.97
1003.12, 1142.11
1003.44, 1142.24
1003.76, 1142.38
1004.07, 1142.51
1004.38, 1142.64
1004.69, 1142.77
1005, 1142.89
1005.29, 1143.02
1005.59, 1143.14
1005.88, 1143.27
1006.17, 1143.39
1006.46, 1143.51
1006.75, 1143.63
1007.03, 1143.75

waypoints
x, y
985.124, 1136.83
985.432, 1136.9
985.742, 1136.97
986.053, 1137.05
986.364, 1137.12
986.675, 1137.19
986.986, 1137.26
987.296, 1137.33
987.604, 1137.4
987.912, 1137.47
988.217, 1137.54
988.52, 1137.61
988.821, 1137.68
989.119, 1137.75
989.414, 1137.82
989.707, 1137.88
989.997, 1137.95
990.284, 1138.02
990.568, 1138.08
990.849, 1138.15
991.128, 1138.21
991.405, 1138.28
991.68, 1138.34
991.954, 1138.4
992.154, 1138.45
992.355, 1138.49
992.558, 1138.54
992.765, 1138.59
992.976, 1138.63
993.193, 1138.68
993.416, 1138.74
993.646, 1138.79
993.882, 1138.84
994.126, 1138.9
994.378, 1138.96
994.637, 1139.02
994.904, 1139.08
995.179, 1139.14
995.462, 1139.21
995.752, 1139.27
996.05, 1139.34
996.354, 1139.41
997.642, 1139.81
997.942, 1139.93
998.248, 1140.06
998.558, 1140.19
998.873, 1140.32
999.192, 1140.46
999.514, 1140.59
999.839, 1140.73
1000.17, 1140.87
1000.5, 1141
1000.83, 1141.14
1001.16, 1141.28
1001.49, 1141.42
1001.82, 1141.56
1002.15, 1141.7
1002.47, 1141.83
1002.8, 1141.97
1003.12, 1142.11
1003.44, 1142.24
1003.76, 1142.38
1004.07, 1142.51
1004.38, 1142.64
1004.69, 1142.77
1005, 1142.89
1005.29, 1143.02
1005.59, 1143.14
1005.88, 1143.27
1006.17, 1143.39
1006.46, 1143.51
1006.75, 1143.63
1007.03, 1143.75

waypoints
x, y
986.053, 1137.05
986.364, 1137.12
986.675, 1137.19
986.986, 1137.26
987.296, 1137.33
987.604, 1137.4
987.912, 1137.47
988.217, 1137.54
988.52, 1137.61
988.821, 1137.68
989.119, 1137.75
989.414, 1137.82
989.707, 1137.88
989.997, 1137.95
990.284, 1138.02
990.568, 1138.08
990.849, 1138.15
991.128, 1138.21
991.405, 1138.28
991.68, 1138.34
991.954, 1138.4
992.154, 1138.45
992.355, 1138.49
992.558, 1138.54
992.765, 1138.59
992.976, 1138.63
993.193, 1138.68
993.416, 1138.74
993.646, 1138.79
993.882, 1138.84
994.126, 1138.9
994.378, 1138.96
994.637, 1139.02
994.904, 1139.08
995.179, 1139.14
995.462, 1139.21
995.752, 1139.27
996.05, 1139.34
996.354, 1139.41
997.642, 1139.81
997.942, 1139.93
998.248, 1140.06
998.558, 1140.19
998.873, 1140.32
999.192, 1140.46
999.514, 1140.59
999.839, 1140.73
1000.17, 1140.87
1000.5, 1141
1000.83, 1141.14
1001.16, 1141.28
1001.49, 1141.42
1001.82, 1141.56
1002.15, 1141.7
1002.47, 1141.83
1002.8, 1141.97
1003.12, 1142.11
1003.44, 1142.24
1003.76, 1142.38
1004.07, 1142.51
1004.38, 1142.64
1004.69, 1142.77
1005, 1142.89
1005.29, 1143.02
1005.59, 1143.14
1005.88, 1143.27
1006.17, 1143.39
1006.46, 1143.51
1006.75, 1143.63
1007.03, 1143.75

waypoints
x, y
987.296, 1137.33
987.604, 1137.4
987.912, 1137.47
988.217, 1137.54
988.52, 1137.61
988.821, 1137.68
989.119, 1137.75
989.414, 1137.82
989.707, 1137.88
989.997, 1137.95
990.284, 1138.02
990.568, 1138.08
990.849, 1138.15
991.128, 1138.21
991.405, 1138.28
991.68, 1138.34
991.954, 1138.4
992.154, 1138.45
992.355, 1138.49
992.558, 1138.54
992.765, 1138.59
992.976, 1138.63
993.193, 1138.68
993.416, 1138.74
993.646, 1138.79
993.882, 1138.84
994.126, 1138.9
994.378, 1138.96
994.637, 1139.02
994.904, 1139.08
995.179, 1139.14
995.462, 1139.21
995.752, 1139.27
996.05, 1139.34
996.354, 1139.41
997.642, 1139.81
997.942, 1139.93
998.248, 1140.06
998.558, 1140.19
998.873, 1140.32
999.192, 1140.46
999.514, 1140.59
999.839, 1140.73
1000.17, 1140.87
1000.5, 1141
1000.83, 1141.14
1001.16, 1141.28
1001.49, 1141.42
1001.82, 1141.56
1002.15, 1141.7
1002.47, 1141.83
1002.8, 1141.97
1003.12, 1142.11
1003.44, 1142.24
1003.76, 1142.38
1004.07, 1142.51
1004.38, 1142.64
1004.69, 1142.77
1005, 1142.89
1005.29, 1143.02
1005.59, 1143.14
1005.88, 1143.27
1006.17, 1143.39
1006.46, 1143.51
1006.75, 1143.63
1007.03, 1143.75

waypoints
x, y
988.217, 1137.54
988.52, 1137.61
988.821, 1137.68
989.119, 1137.75
989.414, 1137.82
989.707, 1137.88
989.997, 1137.95
990.284, 1138.02
990.568, 1138.08
990.849, 1138.15
991.128, 1138.21
991.405, 1138.28
991.68, 1138.34
991.954, 1138.4
992.154, 1138.45
992.355, 1138.49
992.558, 1138.54
992.765, 1138.59
992.976, 1138.63
993.193, 1138.68
993.416, 1138.74
993.646, 1138.79
993.882, 1138.84
994.126, 1138.9
994.378, 1138.96
994.637, 1139.02
994.904, 1139.08
995.179, 1139.14
995.462, 1139.21
995.752, 1139.27
996.05, 1139.34
996.354, 1139.41
997.642, 1139.81
997.942, 1139.93
998.248, 1140.06
998.558, 1140.19
998.873, 1140.32
999.192, 1140.46
999.514, 1140.59
999.839, 1140.73
1000.17, 1140.87
1000.5, 1141
1000.83, 1141.14
1001.16, 1141.28
1001.49, 1141.42
1001.82, 1141.56
1002.15, 1141.7
1002.47, 1141.83
1002.8, 1141.97
1003.12, 1142.11
1003.44, 1142.24
1003.76, 1142.38
1004.07, 1142.51
1004.38, 1142.64
1004.69, 1142.77
1005, 1142.89
1005.29, 1143.02
1005.59, 1143.14
1005.88, 1143.27
1006.17, 1143.39
1006.46, 1143.51
1006.75, 1143.63
1007.03, 1143.75

waypoints
x, y
989.414, 1137.82
989.707, 1137.88
989.997, 1137.95
990.284, 1138.02
990.568, 1138.08
990.849, 1138.15
991.128, 1138.21
991.405, 1138.28
991.68, 1138.34
991.954, 1138.4
992.154, 1138.45
992.355, 1138.49
992.558, 1138.54
992.765, 1138.59
992.976, 1138.63
993.193, 1138.68
993.416, 1138.74
993.646, 1138.79
993.882, 1138.84
994.126, 1138.9
994.378, 1138.96
994.637, 1139.02
994.904, 1139.08
995.179, 1139.14
995.462, 1139.21
995.752, 1139.27
996.05, 1139.34
996.354, 1139.41
997.642, 1139.81
997.942, 1139.93
998.248, 1140.06
998.558, 1140.19
998.873, 1140.32
999.192, 1140.46
999.514, 1140.59
999.839, 1140.73
1000.17, 1140.87
1000.5, 1141
1000.83, 1141.14
1001.16, 1141.28
1001.49, 1141.42
1001.82, 1141.56
1002.15, 1141.7
1002.47, 1141.83
1002.8, 1141.97
1003.12, 1142.11
1003.44, 1142.24
1003.76, 1142.38
1004.07, 1142.51
1004.38, 1142.64
1004.69, 1142.77
1005, 1142.89
1005.29, 1143.02
1005.59, 1143.14
1005.88, 1143.27
1006.17, 1143.39
1006.46, 1143.51
1006.75, 1143.63
1007.03, 1143.75

waypoints
x, y
990.568, 1138.08
990.849, 1138.15
991.128, 1138.21
991.405, 1138.28
991.68, 1138.34
991.954, 1138.4
992.154, 1138.45
992.355, 1138.49
992.558, 1138.54
992.765, 1138.59
992.976, 1138.63
993.193, 1138.68
993.416, 1138.74
993.646, 1138.79
993.882, 1138.84
994.126, 1138.9
994.378, 1138.96
994.637, 1139.02
994.904, 1139.08
995.179, 1139.14
995.462, 1139.21
995.752, 1139.27
996.05, 1139.34
996.354, 1139.41
997.642, 1139.81
997.942, 1139.93
998.248, 1140.06
998.558, 1140.19
998.873, 1140.32
999.192, 1140.46
999.514, 1140.59
999.839, 1140.73
1000.17, 1140.87
1000.5, 1141
1000.83, 1141.14
1001.16, 1141.28
1001.49, 1141.42
1001.82, 1141.56
1002.15, 1141.7
1002.47, 1141.83
1002.8, 1141.97
1003.12, 1142.11
1003.44, 1142.24
1003.76, 1142.38
1004.07, 1142.51
1004.38, 1142.64
1004.69, 1142.77
1005, 1142.89
1005.29, 1143.02
1005.59, 1143.14
1005.88, 1143.27
1006.17, 1143.39
1006.46, 1143.51
1006.75, 1143.63
1007.03, 1143.75

waypoints
x, y
991.68, 1138.34
991.954, 1138.4
992.154, 1138.45
992.355, 1138.49
992.558, 1138.54
992.765, 1138.59
992.976, 1138.63
993.193, 1138.68
993.416, 1138.74
993.646, 1138.79
993.882, 1138.84
994.126, 1138.9
994.378, 1138.96
994.637, 1139.02
994.904, 1139.08
995.179, 1139.14
995.462, 1139.21
995.752, 1139.27
996.05, 1139.34
996.354, 1139.41
997.642, 1139.81
997.942, 1139.93
998.248, 1140.06
998.558, 1140.19
998.873, 1140.32
999.192, 1140.46
999.514, 1140.59
999.839, 1140.73
1000.17, 1140.87
1000.5, 1141
1000.83, 1141.14
1001.16, 1141.28
1001.49, 1141.42
1001.82, 1141.56
1002.15, 1141.7
1002.47, 1141.83
1002.8, 1141.97
1003.12, 1142.11
1003.44, 1142.24
1003.76, 1142.38
1004.07, 1142.51
1004.38, 1142.64
1004.69, 1142.77
1005, 1142.89
1005.29, 1143.02
1005.59, 1143.14
1005.88, 1143.27
1006.17, 1143.39
1006.46, 1143.51
1006.75, 1143.63
1007.03, 1143.75

waypoints
x, y
992.558, 1138.54
992.765, 1138.59
992.976, 1138.63
993.193, 1138.68
993.416, 1138.74
993.646, 1138.79
993.882, 1138.84
994.126, 1138.9
994.378, 1138.96
994.637, 1139.02
994.904, 1139.08
995.179, 1139.14
995.462, 1139.21
995.752, 1139.27
996.05, 1139.34
996.354, 1139.41
997.642, 1139.81
997.942, 1139.93
998.248, 1140.06
998.558, 1140.19
998.873, 1140.32
999.192, 1140.46
999.514, 1140.59
999.839, 1140.73
1000.17, 1140.87
1000.5, 1141
1000.83, 1141.14
1001.16, 1141.28
1001.49, 1141.42
1001.82, 1141.56
1002.15, 1141.7
1002.47, 1141.83
1002.8, 1141.97
1003.12, 1142.11
1003.44, 1142.24
1003.76, 1142.38
1004.07, 1142.51
1004.38, 1142.64
1004.69, 1142.77
1005, 1142.89
1005.29, 1143.02
1005.59, 1143.14
1005.88, 1143.27
1006.17, 1143.39
1006.46, 1143.51
1006.75, 1143.63
1007.03, 1143.75
1007.22, 1143.83
1007.41, 1143.91
1007.61, 1143.99
1007.8, 1144.07
1008.01, 1144.16
1008.22, 1144.25
1008.44, 1144.34
1008.66, 1144.43
1008.9, 1144.53
1009.14, 1144.63
1009.39, 1144.74
1009.65, 1144.85
1009.92, 1144.96
1010.2, 1145.08
1010.49, 1145.2
1010.78, 1145.32
1011.09, 1145.45
1011.4, 1145.58
1011.72, 1145.72
1012.05, 1145.86
1012.39, 1146
1012.73, 1146.14
1013.07, 1146.28
1013.43, 1146.43
1013.78, 1146.58
1014.14, 1146.73
1014.5, 1146.88
1014.87, 1147.04
1015.23, 1147.19
1015.6, 1147.34
1015.96, 1147.5
1016.33, 1147.65
1016.69, 1147.8
1017.06, 1147.96
1017.42, 1148.11
1017.77, 1148.26
1018.13, 1148.41
1018.48, 1148.55
1018.82, 1148.7
1019.16, 1148.84
1019.5, 1148.98
1019.83, 1149.12
1020.16, 1149.26
1020.48, 1149.4
1020.8, 1149.53
1021.12, 1149.66
1021.43, 1149.79
1021.74, 1149.92
1022.05, 1150.05

waypoints
x, y
993.416, 1138.74
993.646, 1138.79
993.882, 1138.84
994.126, 1138.9
994.378, 1138.96
994.637, 1139.02
994.904, 1139.08
995.179, 1139.14
995.462, 1139.21
995.752, 1139.27
996.05, 1139.34
996.354, 1139.41
997.642, 1139.81
997.942, 1139.93
998.248, 1140.06
998.558, 1140.19
998.873, 1140.32
999.192, 1140.46
999.514, 1140.59
999.839, 1140.73
1000.17, 1140.87
1000.5, 1141
1000.83, 1141.14
1001.16, 1141.28
1001.49, 1141.42
1001.82, 1141.56
1002.15, 1141.7
1002.47, 1141.83
1002.8, 1141.97
1003.12, 1142.11
1003.44, 1142.24
1003.76, 1142.38
1004.07, 1142.51
1004.38, 1142.64
1004.69, 1142.77
1005, 1142.89
1005.29, 1143.02
1005.59, 1143.14
1005.88, 1143.27
1006.17, 1143.39
1006.46, 1143.51
1006.75, 1143.63
1007.03, 1143.75
1007.22, 1143.83
1007.41, 1143.91
1007.61, 1143.99
1007.8, 1144.07
1008.01, 1144.16
1008.22, 1144.25
1008.44, 1144.34
1008.66, 1144.43
1008.9, 1144.53
1009.14, 1144.63
1009.39, 1144.74
1009.65, 1144.85
1009.92, 1144.96
1010.2, 1145.08
1010.49, 1145.2
1010.78, 1145.32
1011.09, 1145.45
1011.4, 1145.58
1011.72, 1145.72
1012.05, 1145.86
1012.39, 1146
1012.73, 1146.14
1013.07, 1146.29
1013.43, 1146.43
1013.78, 1146.58
1014.14, 1146.73
1014.5, 1146.88
1014.87, 1147.04
1015.23, 1147.19
1015.6, 1147.34
1015.96, 1147.5
1016.33, 1147.65
1016.69, 1147.8
1017.06, 1147.96
1017.42, 1148.11
1017.77, 1148.26
1018.13, 1148.41
1018.48, 1148.55
1018.82, 1148.7
1019.16, 1148.84
1019.5, 1148.98
1019.83, 1149.12
1020.16, 1149.26
1020.48, 1149.39
1020.8, 1149.53
1021.12, 1149.66
1021.43, 1149.79
1021.74, 1149.92
1022.05, 1150.05

waypoints
x, y
994.378, 1138.96
994.637, 1139.02
994.904, 1139.08
995.179, 1139.14
995.462, 1139.21
995.752, 1139.27
996.05, 1139.34
996.354, 1139.41
997.642, 1139.81
997.942, 1139.93
998.248, 1140.06
998.558, 1140.19
998.873, 1140.32
999.192, 1140.46
999.514, 1140.59
999.839, 1140.73
1000.17, 1140.87
1000.5, 1141
1000.83, 1141.14
1001.16, 1141.28
1001.49, 1141.42
1001.82, 1141.56
1002.15, 1141.7
1002.47, 1141.83
1002.8, 1141.97
1003.12, 1142.11
1003.44, 1142.24
1003.76, 1142.38
1004.07, 1142.51
1004.38, 1142.64
1004.69, 1142.77
1005, 1142.89
1005.29, 1143.02
1005.59, 1143.14
1005.88, 1143.27
1006.17, 1143.39
1006.46, 1143.51
1006.75, 1143.63
1007.03, 1143.75
1007.22, 1143.83
1007.41, 1143.91
1007.61, 1143.99
1007.8, 1144.07
1008.01, 1144.16
1008.22, 1144.25
1008.44, 1144.34
1008.66, 1144.43
1008.9, 1144.53
1009.14, 1144.63
1009.39, 1144.74
1009.65, 1144.85
1009.92, 1144.96
1010.2, 1145.08
1010.49, 1145.2
1010.78, 1145.32
1011.09, 1145.45
1011.4, 1145.58
1011.72, 1145.72
1012.05, 1145.86
1012.39, 1146
1012.73, 1146.14
1013.07, 1146.29
1013.43, 1146.43
1013.78, 1146.58
1014.14, 1146.73
1014.5, 1146.88
1014.87, 1147.04
1015.23, 1147.19
1015.6, 1147.34
1015.96, 1147.5
1016.33, 1147.65
1016.69, 1147.8
1017.06, 1147.96
1017.42, 1148.11
1017.77, 1148.26
1018.13, 1148.41
1018.48, 1148.55
1018.82, 1148.7
1019.16, 1148.84
1019.5, 1148.98
1019.83, 1149.12
1020.16, 1149.26
1020.48, 1149.39
1020.8, 1149.53
1021.12, 1149.66
1021.43, 1149.79
1021.74, 1149.92
1022.05, 1150.05

waypoints
x, y
995.462, 1139.21
995.752, 1139.27
996.05, 1139.34
996.354, 1139.41
997.642, 1139.81
997.942, 1139.93
998.248, 1140.06
998.558, 1140.19
998.873, 1140.32
999.192, 1140.46
999.514, 1140.59
999.839, 1140.73
1000.17, 1140.87
1000.5, 1141
1000.83, 1141.14
1001.16, 1141.28
1001.49, 1141.42
1001.82, 1141.56
1002.15, 1141.7
1002.47, 1141.83
1002.8, 1141.97
1003.12, 1142.11
1003.44, 1142.24
1003.76, 1142.38
1004.07, 1142.51
1004.38, 1142.64
1004.69, 1142.77
1005, 1142.89
1005.29, 1143.02
1005.59, 1143.14
1005.88, 1143.27
1006.17, 1143.39
1006.46, 1143.51
1006.75, 1143.63
1007.03, 1143.75
1007.22, 1143.83
1007.41, 1143.91
1007.61, 1143.99
1007.8, 1144.07
1008.01, 1144.16
1008.22, 1144.25
1008.44, 1144.34
1008.66, 1144.43
1008.9, 1144.53
1009.14, 1144.63
1009.39, 1144.74
1009.65, 1144.85
1009.92, 1144.96
1010.2, 1145.08
1010.49, 1145.2
1010.78, 1145.32
1011.09, 1145.45
1011.4, 1145.58
1011.72, 1145.72
1012.05, 1145.86
1012.39, 1146
1012.73, 1146.14
1013.07, 1146.29
1013.43, 1146.43
1013.78, 1146.58
1014.14, 1146.73
1014.5, 1146.88
1014.87, 1147.04
1015.23, 1147.19
1015.6, 1147.34
1015.96, 1147.5
1016.33, 1147.65
1016.69, 1147.8
1017.06, 1147.96
1017.42, 1148.11
1017.77, 1148.26
1018.13, 1148.41
1018.48, 1148.55
1018.82, 1148.7
1019.16, 1148.84
1019.5, 1148.98
1019.83, 1149.12
1020.16, 1149.26
1020.48, 1149.39
1020.8, 1149.53
1021.12, 1149.66
1021.43, 1149.79
1021.74, 1149.92
1022.05, 1150.05

waypoints
x, y
997.642, 1139.81
997.942, 1139.93
998.248, 1140.06
998.558, 1140.19
998.873, 1140.32
999.192, 1140.46
999.514, 1140.59
999.839, 1140.73
1000.17, 1140.87
1000.5, 1141
1000.83, 1141.14
1001.16, 1141.28
1001.49, 1141.42
1001.82, 1141.56
1002.15, 1141.7
1002.47, 1141.83
1002.8, 1141.97
1003.12, 1142.11
1003.44, 1142.24
1003.76, 1142.38
1004.07, 1142.51
1004.38, 1142.64
1004.69, 1142.77
1005, 1142.89
1005.29, 1143.02
1005.59, 1143.14
1005.88, 1143.27
1006.17, 1143.39
1006.46, 1143.51
1006.75, 1143.63
1007.03, 1143.75
1007.22, 1143.83
1007.41, 1143.91
1007.61, 1143.99
1007.8, 1144.07
1008.01, 1144.16
1008.22, 1144.25
1008.44, 1144.34
1008.66, 1144.43
1008.9, 1144.53
1009.14, 1144.63
1009.39, 1144.74
1009.65, 1144.85
1009.92, 1144.96
1010.2, 1145.08
1010.49, 1145.2
1010.78, 1145.32
1011.09, 1145.45
1011.4, 1145.58
1011.72, 1145.72
1012.05, 1145.86
1012.39, 1146
1012.73, 1146.14
1013.07, 1146.29
1013.43, 1146.43
1013.78, 1146.58
1014.14, 1146.73
1014.5, 1146.88
1014.87, 1147.04
1015.23, 1147.19
1015.6, 1147.34
1015.96, 1147.5
1016.33, 1147.65
1016.69, 1147.8
1017.06, 1147.96
1017.42, 1148.11
1017.77, 1148.26
1018.13, 1148.41
1018.48, 1148.55
1018.82, 1148.7
1019.16, 1148.84
1019.5, 1148.98
1019.83, 1149.12
1020.16, 1149.26
1020.48, 1149.39
1020.8, 1149.53
1021.12, 1149.66
1021.43, 1149.79
1021.74, 1149.92
1022.05, 1150.05

waypoints
x, y
998.873, 1140.32
999.192, 1140.46
999.514, 1140.59
999.839, 1140.73
1000.17, 1140.87
1000.5, 1141
1000.83, 1141.14
1001.16, 1141.28
1001.49, 1141.42
1001.82, 1141.56
1002.15, 1141.7
1002.47, 1141.83
1002.8, 1141.97
1003.12, 1142.11
1003.44, 1142.24
1003.76, 1142.38
1004.07, 1142.51
1004.38, 1142.64
1004.69, 1142.77
1005, 1142.89
1005.29, 1143.02
1005.59, 1143.14
1005.88, 1143.27
1006.17, 1143.39
1006.46, 1143.51
1006.75, 1143.63
1007.03, 1143.75
1007.22, 1143.83
1007.41, 1143.91
1007.61, 1143.99
1007.8, 1144.07
1008.01, 1144.16
1008.22, 1144.25
1008.44, 1144.34
1008.66, 1144.43
1008.9, 1144.53
1009.14, 1144.63
1009.39, 1144.74
1009.65, 1144.85
1009.92, 1144.96
1010.2, 1145.08
1010.49, 1145.2
1010.78, 1145.32
1011.09, 1145.45
1011.4, 1145.58
1011.72, 1145.72
1012.05, 1145.86
1012.39, 1146
1012.73, 1146.14
1013.07, 1146.29
1013.43, 1146.43
1013.78, 1146.58
1014.14, 1146.73
1014.5, 1146.88
1014.87, 1147.04
1015.23, 1147.19
1015.6, 1147.34
1015.96, 1147.5
1016.33, 1147.65
1016.69, 1147.8
1017.06, 1147.96
1017.42, 1148.11
1017.77, 1148.26
1018.13, 1148.41
1018.48, 1148.55
1018.82, 1148.7
1019.16, 1148.84
1019.5, 1148.98
1019.83, 1149.12
1020.16, 1149.26
1020.48, 1149.39
1020.8, 1149.53
1021.12, 1149.66
1021.43, 1149.79
1021.74, 1149.92
1022.05, 1150.05

waypoints
x, y
999.839, 1140.73
1000.17, 1140.87
1000.5, 1141
1000.83, 1141.14
1001.16, 1141.28
1001.49, 1141.42
1001.82, 1141.56
1002.15, 1141.7
1002.47, 1141.83
1002.8, 1141.97
1003.12, 1142.11
1003.44, 1142.24
1003.76, 1142.38
1004.07, 1142.51
1004.38, 1142.64
1004.69, 1142.77
1005, 1142.89
1005.29, 1143.02
1005.59, 1143.14
1005.88, 1143.27
1006.17, 1143.39
1006.46, 1143.51
1006.75, 1143.63
1007.03, 1143.75
1007.22, 1143.83
1007.41, 1143.91
1007.61, 1143.99
1007.8, 1144.07
1008.01, 1144.16
1008.22, 1144.25
1008.44, 1144.34
1008.66, 1144.43
1008.9, 1144.53
1009.14, 1144.63
1009.39, 1144.74
1009.65, 1144.85
1009.92, 1144.96
1010.2, 1145.08
1010.49, 1145.2
1010.78, 1145.32
1011.09, 1145.45
1011.4, 1145.58
1011.72, 1145.72
1012.05, 1145.86
1012.39, 1146
1012.73, 1146.14
1013.07, 1146.29
1013.43, 1146.43
1013.78, 1146.58
1014.14, 1146.73
1014.5, 1146.88
1014.87, 1147.04
1015.23, 1147.19
1015.6, 1147.34
1015.96, 1147.5
1016.33, 1147.65
1016.69, 1147.8
1017.06, 1147.96
1017.42, 1148.11
1017.77, 1148.26
1018.13, 1148.41
1018.48, 1148.55
1018.82, 1148.7
1019.16, 1148.84
1019.5, 1148.98
1019.83, 1149.12
1020.16, 1149.26
1020.48, 1149.39
1020.8, 1149.53
1021.12, 1149.66
1021.43, 1149.79
1021.74, 1149.92
1022.05, 1150.05

waypoints
x, y
1001.16, 1141.28
1001.49, 1141.42
1001.82, 1141.56
1002.15, 1141.7
1002.47, 1141.83
1002.8, 1141.97
1003.12, 1142.11
1003.44, 1142.24
1003.76, 1142.38
1004.07, 1142.51
1004.38, 1142.64
1004.69, 1142.77
1005, 1142.89
1005.29, 1143.02
1005.59, 1143.14
1005.88, 1143.27
1006.17, 1143.39
1006.46, 1143.51
1006.75, 1143.63
1007.03, 1143.75
1007.22, 1143.83
1007.41, 1143.91
1007.61, 1143.99
1007.8, 1144.07
1008.01, 1144.16
1008.22, 1144.25
1008.44, 1144.34
1008.66, 1144.43
1008.9, 1144.53
1009.14, 1144.63
1009.39, 1144.74
1009.65, 1144.85
1009.92, 1144.96
1010.2, 1145.08
1010.49, 1145.2
1010.78, 1145.32
1011.09, 1145.45
1011.4, 1145.58
1011.72, 1145.72
1012.05, 1145.86
1012.39, 1146
1012.73, 1146.14
1013.07, 1146.29
1013.43, 1146.43
1013.78, 1146.58
1014.14, 1146.73
1014.5, 1146.88
1014.87, 1147.04
1015.23, 1147.19
1015.6, 1147.34
1015.96, 1147.5
1016.33, 1147.65
1016.69, 1147.8
1017.06, 1147.96
1017.42, 1148.11
1017.77, 1148.26
1018.13, 1148.41
1018.48, 1148.55
1018.82, 1148.7
1019.16, 1148.84
1019.5, 1148.98
1019.83, 1149.12
1020.16, 1149.26
1020.48, 1149.39
1020.8, 1149.53
1021.12, 1149.66
1021.43, 1149.79
1021.74, 1149.92
1022.05, 1150.05

waypoints
x, y
1002.47, 1141.83
1002.8, 1141.97
1003.12, 1142.11
1003.44, 1142.24
1003.76, 1142.38
1004.07, 1142.51
1004.38, 1142.64
1004.69, 1142.77
1005, 1142.89
1005.29, 1143.02
1005.59, 1143.14
1005.88, 1143.27
1006.17, 1143.39
1006.46, 1143.51
1006.75, 1143.63
1007.03, 1143.75
1007.22, 1143.83
1007.41, 1143.91
1007.61, 1143.99
1007.8, 1144.07
1008.01, 1144.16
1008.22, 1144.25
1008.44, 1144.34
1008.66, 1144.43
1008.9, 1144.53
1009.14, 1144.63
1009.39, 1144.74
1009.65, 1144.85
1009.92, 1144.96
1010.2, 1145.08
1010.49, 1145.2
1010.78, 1145.32
1011.09, 1145.45
1011.4, 1145.58
1011.72, 1145.72
1012.05, 1145.86
1012.39, 1146
1012.73, 1146.14
1013.07, 1146.29
1013.43, 1146.43
1013.78, 1146.58
1014.14, 1146.73
1014.5, 1146.88
1014.87, 1147.04
1015.23, 1147.19
1015.6, 1147.34
1015.96, 1147.5
1016.33, 1147.65
1016.69, 1147.8
1017.06, 1147.96
1017.42, 1148.11
1017.77, 1148.26
1018.13, 1148.41
1018.48, 1148.55
1018.82, 1148.7
1019.16, 1148.84
1019.5, 1148.98
1019.83, 1149.12
1020.16, 1149.26
1020.48, 1149.39
1020.8, 1149.53
1021.12, 1149.66
1021.43, 1149.79
1021.74, 1149.92
1022.05, 1150.05

waypoints
x, y
1003.44, 1142.24
1003.76, 1142.38
1004.07, 1142.51
1004.38, 1142.64
1004.69, 1142.77
1005, 1142.89
1005.29, 1143.02
1005.59, 1143.14
1005.88, 1143.27
1006.17, 1143.39
1006.46, 1143.51
1006.75, 1143.63
1007.03, 1143.75
1007.22, 1143.83
1007.41, 1143.91
1007.61, 1143.99
1007.8, 1144.07
1008.01, 1144.16
1008.22, 1144.25
1008.44, 1144.34
1008.66, 1144.43
1008.9, 1144.53
1009.14, 1144.63
1009.39, 1144.74
1009.65, 1144.85
1009.92, 1144.96
1010.2, 1145.08
1010.49, 1145.2
1010.78, 1145.32
1011.09, 1145.45
1011.4, 1145.58
1011.72, 1145.72
1012.05, 1145.86
1012.39, 1146
1012.73, 1146.14
1013.07, 1146.29
1013.43, 1146.43
1013.78, 1146.58
1014.14, 1146.73
1014.5, 1146.88
1014.87, 1147.04
1015.23, 1147.19
1015.6, 1147.34
1015.96, 1147.5
1016.33, 1147.65
1016.69, 1147.8
1017.06, 1147.96
1017.42, 1148.11
1017.77, 1148.26
1018.13, 1148.41
1018.48, 1148.55
1018.82, 1148.7
1019.16, 1148.84
1019.5, 1148.98
1019.83, 1149.12
1020.16, 1149.26
1020.48, 1149.39
1020.8, 1149.53
1021.12, 1149.66
1021.43, 1149.79
1021.74, 1149.92
1022.05, 1150.05

waypoints
x, y
1004.69, 1142.77
1005, 1142.89
1005.29, 1143.02
1005.59, 1143.14
1005.88, 1143.27
1006.17, 1143.39
1006.46, 1143.51
1006.75, 1143.63
1007.03, 1143.75
1007.22, 1143.83
1007.41, 1143.91
1007.61, 1143.99
1007.8, 1144.07
1008.01, 1144.16
1008.22, 1144.25
1008.44, 1144.34
1008.66, 1144.43
1008.9, 1144.53
1009.14, 1144.63
1009.39, 1144.74
1009.65, 1144.85
1009.92, 1144.96
1010.2, 1145.08
1010.49, 1145.2
1010.78, 1145.32
1011.09, 1145.45
1011.4, 1145.58
1011.72, 1145.72
1012.05, 1145.86
1012.39, 1146
1012.73, 1146.14
1013.07, 1146.29
1013.43, 1146.43
1013.78, 1146.58
1014.14, 1146.73
1014.5, 1146.88
1014.87, 1147.04
1015.23, 1147.19
1015.6, 1147.34
1015.96, 1147.5
1016.33, 1147.65
1016.69, 1147.8
1017.06, 1147.96
1017.42, 1148.11
1017.77, 1148.26
1018.13, 1148.41
1018.48, 1148.55
1018.82, 1148.7
1019.16, 1148.84
1019.5, 1148.98
1019.83, 1149.12
1020.16, 1149.26
1020.48, 1149.39
1020.8, 1149.53
1021.12, 1149.66
1021.43, 1149.79
1021.74, 1149.92
1022.05, 1150.05

waypoints
x, y
1005.88, 1143.27
1006.17, 1143.39
1006.46, 1143.51
1006.75, 1143.63
1007.03, 1143.75
1007.22, 1143.83
1007.41, 1143.91
1007.61, 1143.99
1007.8, 1144.07
1008.01, 1144.16
1008.22, 1144.25
1008.44, 1144.34
1008.66, 1144.43
1008.9, 1144.53
1009.14, 1144.63
1009.39, 1144.74
1009.65, 1144.85
1009.92, 1144.96
1010.2, 1145.08
1010.49, 1145.2
1010.78, 1145.32
1011.09, 1145.45
1011.4, 1145.58
1011.72, 1145.72
1012.05, 1145.86
1012.39, 1146
1012.73, 1146.14
1013.07, 1146.29
1013.43, 1146.43
1013.78, 1146.58
1014.14, 1146.73
1014.5, 1146.88
1014.87, 1147.04
1015.23, 1147.19
1015.6, 1147.34
1015.96, 1147.5
1016.33, 1147.65
1016.69, 1147.8
1017.06, 1147.96
1017.42, 1148.11
1017.77, 1148.26
1018.13, 1148.41
1018.48, 1148.55
1018.82, 1148.7
1019.16, 1148.84
1019.5, 1148.98
1019.83, 1149.12
1020.16, 1149.26
1020.48, 1149.39
1020.8, 1149.53
1021.12, 1149.66
1021.43, 1149.79
1021.74, 1149.92
1022.05, 1150.05

waypoints
x, y
1007.03, 1143.75
1007.22, 1143.83
1007.41, 1143.91
1007.61, 1143.99
1007.8, 1144.07
1008.01, 1144.16
1008.22, 1144.25
1008.44, 1144.34
1008.66, 1144.43
1008.9, 1144.53
1009.14, 1144.63
1009.39, 1144.74
1009.65, 1144.85
1009.92, 1144.96
1010.2, 1145.08
1010.49, 1145.2
1010.78, 1145.32
1011.09, 1145.45
1011.4, 1145.58
1011.72, 1145.72
1012.05, 1145.86
1012.39, 1146
1012.73, 1146.14
1013.07, 1146.29
1013.43, 1146.43
1013.78, 1146.58
1014.14, 1146.73
1014.5, 1146.88
1014.87, 1147.04
1015.23, 1147.19
1015.6, 1147.34
1015.96, 1147.5
1016.33, 1147.65
1016.69, 1147.8
1017.06, 1147.96
1017.42, 1148.11
1017.77, 1148.26
1018.13, 1148.41
1018.48, 1148.55
1018.82, 1148.7
1019.16, 1148.84
1019.5, 1148.98
1019.83, 1149.12
1020.16, 1149.26
1020.48, 1149.39
1020.8, 1149.53
1021.12, 1149.66
1021.43, 1149.79
1021.74, 1149.92
1022.05, 1150.05

waypoints
x, y
1007.61, 1143.99
1007.8, 1144.07
1008.01, 1144.16
1008.22, 1144.25
1008.44, 1144.34
1008.66, 1144.43
1008.9, 1144.53
1009.14, 1144.63
1009.39, 1144.74
1009.65, 1144.85
1009.92, 1144.96
1010.2, 1145.08
1010.49, 1145.2
1010.78, 1145.32
1011.09, 1145.45
1011.4, 1145.58
1011.72, 1145.72
1012.05, 1145.86
1012.39, 1146
1012.73, 1146.14
1013.07, 1146.29
1013.43, 1146.43
1013.78, 1146.58
1014.14, 1146.73
1014.5, 1146.88
1014.87, 1147.04
1015.23, 1147.19
1015.6, 1147.34
1015.96, 1147.5
1016.33, 1147.65
1016.69, 1147.8
1017.06, 1147.96
1017.42, 1148.11
1017.77, 1148.26
1018.13, 1148.41
1018.48, 1148.55
1018.82, 1148.7
1019.16, 1148.84
1019.5, 1148.98
1019.83, 1149.12
1020.16, 1149.26
1020.48, 1149.39
1020.8, 1149.53
1021.12, 1149.66
1021.43, 1149.79
1021.74, 1149.92
1022.05, 1150.05
1022.24, 1150.13
1022.44, 1150.21
1022.63, 1150.3
1022.84, 1150.38
1023.04, 1150.47
1023.26, 1150.56
1023.49, 1150.66
1023.72, 1150.75
1023.96, 1150.86
1024.22, 1150.96
1024.48, 1151.07
1024.76, 1151.19
1025.04, 1151.31
1025.34, 1151.43
1025.65, 1151.56
1025.97, 1151.7
1026.3, 1151.84
1026.64, 1151.98
1026.98, 1152.12
1027.34, 1152.27
1027.65, 1152.4
1028.03, 1152.55
1028.41, 1152.71
1028.79, 1152.87
1029.18, 1153.03
1029.58, 1153.19
1029.97, 1153.35
1030.37, 1153.51
1030.78, 1153.68
1031.18, 1153.84
1031.58, 1154.01
1031.99, 1154.17
1032.39, 1154.33
1032.78, 1154.5
1033.18, 1154.66
1033.57, 1154.82
1033.96, 1154.98
1034.34, 1155.13
1034.72, 1155.29
1035.1, 1155.44
1035.46, 1155.59
1035.83, 1155.74
1036.18, 1155.88
1036.54, 1156.03
1036.88, 1156.17
1037.23, 1156.31
1037.57, 1156.45
1037.9, 1156.59
1038.23, 1156.72

waypoints
x, y
1008.44, 1144.34
1008.66, 1144.43
1008.9, 1144.53
1009.14, 1144.63
1009.39, 1144.74
1009.65, 1144.85
1009.92, 1144.96
1010.2, 1145.08
1010.49, 1145.2
1010.78, 1145.32
1011.09, 1145.45
1011.4, 1145.58
1011.72, 1145.72
1012.05, 1145.86
1012.39, 1146
1012.73, 1146.14
1013.07, 1146.29
1013.43, 1146.43
1013.78, 1146.58
1014.14, 1146.73
1014.5, 1146.88
1014.87, 1147.04
1015.23, 1147.19
1015.6, 1147.34
1015.96, 1147.5
1016.33, 1147.65
1016.69, 1147.8
1017.06, 1147.96
1017.42, 1148.11
1017.77, 1148.26
1018.13, 1148.41
1018.48, 1148.55
1018.82, 1148.7
1019.16, 1148.84
1019.5, 1148.98
1019.83, 1149.12
1020.16, 1149.26
1020.48, 1149.39
1020.8, 1149.53
1021.12, 1149.66
1021.43, 1149.79
1021.74, 1149.92
1022.05, 1150.05
1022.24, 1150.13
1022.43, 1150.21
1022.63, 1150.3
1022.84, 1150.38
1023.04, 1150.47
1023.26, 1150.56
1023.49, 1150.66
1023.72, 1150.75
1023.96, 1150.86
1024.22, 1150.96
1024.48, 1151.07
1024.76, 1151.19
1025.05, 1151.31
1025.34, 1151.43
1025.65, 1151.56
1025.97, 1151.7
1026.3, 1151.84
1026.64, 1151.98
1026.98, 1152.12
1027.34, 1152.27
1027.65, 1152.4
1028.03, 1152.55
1028.4, 1152.71
1028.79, 1152.87
1029.18, 1153.03
1029.58, 1153.19
1029.97, 1153.35
1030.38, 1153.51
1030.78, 1153.68
1031.18, 1153.84
1031.58, 1154.01
1031.99, 1154.17
1032.39, 1154.33
1032.79, 1154.5
1033.18, 1154.66
1033.57, 1154.82
1033.96, 1154.98
1034.34, 1155.13
1034.72, 1155.29
1035.1, 1155.44
1035.46, 1155.59
1035.83, 1155.74
1036.18, 1155.88
1036.54, 1156.03
1036.88, 1156.17
1037.23, 1156.31
1037.57, 1156.45
1037.9, 1156.59
1038.23, 1156.72

waypoints
x, y
1009.14, 1144.63
1009.39, 1144.74
1009.65, 1144.85
1009.92, 1144.96
1010.2, 1145.08
1010.49, 1145.2
1010.78, 1145.32
1011.09, 1145.45
1011.4, 1145.58
1011.72, 1145.72
1012.05, 1145.86
1012.39, 1146
1012.73, 1146.14
1013.07, 1146.29
1013.43, 1146.43
1013.78, 1146.58
1014.14, 1146.73
1014.5, 1146.88
1014.87, 1147.04
1015.23, 1147.19
1015.6, 1147.34
1015.96, 1147.5
1016.33, 1147.65
1016.69, 1147.8
1017.06, 1147.96
1017.42, 1148.11
1017.77, 1148.26
1018.13, 1148.41
1018.48, 1148.55
1018.82, 1148.7
1019.16, 1148.84
1019.5, 1148.98
1019.83, 1149.12
1020.16, 1149.26
1020.48, 1149.39
1020.8, 1149.53
1021.12, 1149.66
1021.43, 1149.79
1021.74, 1149.92
1022.05, 1150.05
1022.24, 1150.13
1022.43, 1150.21
1022.63, 1150.3
1022.84, 1150.38
1023.04, 1150.47
1023.26, 1150.56
1023.49, 1150.66
1023.72, 1150.75
1023.96, 1150.86
1024.22, 1150.96
1024.48, 1151.07
1024.76, 1151.19
1025.05, 1151.31
1025.34, 1151.43
1025.65, 1151.56
1025.97, 1151.7
1026.3, 1151.84
1026.64, 1151.98
1026.98, 1152.12
1027.34, 1152.27
1027.65, 1152.4
1028.03, 1152.55
1028.4, 1152.71
1028.79, 1152.87
1029.18, 1153.03
1029.58, 1153.19
1029.97, 1153.35
1030.38, 1153.51
1030.78, 1153.68
1031.18, 1153.84
1031.58, 1154.01
1031.99, 1154.17
1032.39, 1154.33
1032.79, 1154.5
1033.18, 1154.66
1033.57, 1154.82
1033.96, 1154.98
1034.34, 1155.13
1034.72, 1155.29
1035.1, 1155.44
1035.46, 1155.59
1035.83, 1155.74
1036.18, 1155.88
1036.54, 1156.03
1036.88, 1156.17
1037.23, 1156.31
1037.57, 1156.45
1037.9, 1156.59
1038.23, 1156.72

waypoints
x, y
1010.2, 1145.08
1010.49, 1145.2
1010.78, 1145.32
1011.09, 1145.45
1011.4, 1145.58
1011.72, 1145.72
1012.05, 1145.86
1012.39, 1146
1012.73, 1146.14
1013.07, 1146.29
1013.43, 1146.43
1013.78, 1146.58
1014.14, 1146.73
1014.5, 1146.88
1014.87, 1147.04
1015.23, 1147.19
1015.6, 1147.34
1015.96, 1147.5
1016.33, 1147.65
1016.69, 1147.8
1017.06, 1147.96
1017.42, 1148.11
1017.77, 1148.26
1018.13, 1148.41
1018.48, 1148.55
1018.82, 1148.7
1019.16, 1148.84
1019.5, 1148.98
1019.83, 1149.12
1020.16, 1149.26
1020.48, 1149.39
1020.8, 1149.53
1021.12, 1149.66
1021.43, 1149.79
1021.74, 1149.92
1022.05, 1150.05
1022.24, 1150.13
1022.43, 1150.21
1022.63, 1150.3
1022.84, 1150.38
1023.04, 1150.47
1023.26, 1150.56
1023.49, 1150.66
1023.72, 1150.75
1023.96, 1150.86
1024.22, 1150.96
1024.48, 1151.07
1024.76, 1151.19
1025.05, 1151.31
1025.34, 1151.43
1025.65, 1151.56
1025.97, 1151.7
1026.3, 1151.84
1026.64, 1151.98
1026.98, 1152.12
1027.34, 1152.27
1027.65, 1152.4
1028.03, 1152.55
1028.4, 1152.71
1028.79, 1152.87
1029.18, 1153.03
1029.58, 1153.19
1029.97, 1153.35
1030.38, 1153.51
1030.78, 1153.68
1031.18, 1153.84
1031.58, 1154.01
1031.99, 1154.17
1032.39, 1154.33
1032.79, 1154.5
1033.18, 1154.66
1033.57, 1154.82
1033.96, 1154.98
1034.34, 1155.13
1034.72, 1155.29
1035.1, 1155.44
1035.46, 1155.59
1035.83, 1155.74
1036.18, 1155.88
1036.54, 1156.03
1036.88, 1156.17
1037.23, 1156.31
1037.57, 1156.45
1037.9, 1156.59
1038.23, 1156.72

waypoints
x, y
1011.4, 1145.58
1011.72, 1145.72
1012.05, 1145.86
1012.39, 1146
1012.73, 1146.14
1013.07, 1146.29
1013.43, 1146.43
1013.78, 1146.58
1014.14, 1146.73
1014.5, 1146.88
1014.87, 1147.04
1015.23, 1147.19
1015.6, 1147.34
1015.96, 1147.5
1016.33, 1147.65
1016.69, 1147.8
1017.06, 1147.96
1017.42, 1148.11
1017.77, 1148.26
1018.13, 1148.41
1018.48, 1148.55
1018.82, 1148.7
1019.16, 1148.84
1019.5, 1148.98
1019.83, 1149.12
1020.16, 1149.26
1020.48, 1149.39
1020.8, 1149.53
1021.12, 1149.66
1021.43, 1149.79
1021.74, 1149.92
1022.05, 1150.05
1022.24, 1150.13
1022.43, 1150.21
1022.63, 1150.3
1022.84, 1150.38
1023.04, 1150.47
1023.26, 1150.56
1023.49, 1150.66
1023.72, 1150.75
1023.96, 1150.86
1024.22, 1150.96
1024.48, 1151.07
1024.76, 1151.19
1025.05, 1151.31
1025.34, 1151.43
1025.65, 1151.56
1025.97, 1151.7
1026.3, 1151.84
1026.64, 1151.98
1026.98, 1152.12
1027.34, 1152.27
1027.65, 1152.4
1028.03, 1152.55
1028.4, 1152.71
1028.79, 1152.87
1029.18, 1153.03
1029.58, 1153.19
1029.97, 1153.35
1030.38, 1153.51
1030.78, 1153.68
1031.18, 1153.84
1031.58, 1154.01
1031.99, 1154.17
1032.39, 1154.33
1032.79, 1154.5
1033.18, 1154.66
1033.57, 1154.82
1033.96, 1154.98
1034.34, 1155.13
1034.72, 1155.29
1035.1, 1155.44
1035.46, 1155.59
1035.83, 1155.74
1036.18, 1155.88
1036.54, 1156.03
1036.88, 1156.17
1037.23, 1156.31
1037.57, 1156.45
1037.9, 1156.59
1038.23, 1156.72

waypoints
x, y
1012.73, 1146.14
1013.07, 1146.29
1013.43, 1146.43
1013.78, 1146.58
1014.14, 1146.73
1014.5, 1146.88
1014.87, 1147.04
1015.23, 1147.19
1015.6, 1147.34
1015.96, 1147.5
1016.33, 1147.65
1016.69, 1147.8
1017.06, 1147.96
1017.42, 1148.11
1017.77, 1148.26
1018.13, 1148.41
1018.48, 1148.55
1018.82, 1148.7
1019.16, 1148.84
1019.5, 1148.98
1019.83, 1149.12
1020.16, 1149.26
1020.48, 1149.39
1020.8, 1149.53
1021.12, 1149.66
1021.43, 1149.79
1021.74, 1149.92
1022.05, 1150.05
1022.24, 1150.13
1022.43, 1150.21
1022.63, 1150.3
1022.84, 1150.38
1023.04, 1150.47
1023.26, 1150.56
1023.49, 1150.66
1023.72, 1150.75
1023.96, 1150.86
1024.22, 1150.96
1024.48, 1151.07
1024.76, 1151.19
1025.05, 1151.31
1025.34, 1151.43
1025.65, 1151.56
1025.97, 1151.7
1026.3, 1151.84
1026.64, 1151.98
1026.98, 1152.12
1027.34, 1152.27
1027.65, 1152.4
1028.03, 1152.55
1028.4, 1152.71
1028.79, 1152.87
1029.18, 1153.03
1029.58, 1153.19
1029.97, 1153.35
1030.38, 1153.51
1030.78, 1153.68
1031.18, 1153.84
1031.58, 1154.01
1031.99, 1154.17
1032.39, 1154.33
1032.79, 1154.5
1033.18, 1154.66
1033.57, 1154.82
1033.96, 1154.98
1034.34, 1155.13
1034.72, 1155.29
1035.1, 1155.44
1035.46, 1155.59
1035.83, 1155.74
1036.18, 1155.88
1036.54, 1156.03
1036.88, 1156.17
1037.23, 1156.31
1037.57, 1156.45
1037.9, 1156.59
1038.23, 1156.72

waypoints
x, y
1014.14, 1146.73
1014.5, 1146.88
1014.87, 1147.04
1015.23, 1147.19
1015.6, 1147.34
1015.96, 1147.5
1016.33, 1147.65
1016.69, 1147.8
1017.06, 1147.96
1017.42, 1148.11
1017.77, 1148.26
1018.13, 1148.41
1018.48, 1148.55
1018.82, 1148.7
1019.16, 1148.84
1019.5, 1148.98
1019.83, 1149.12
1020.16, 1149.26
1020.48, 1149.39
1020.8, 1149.53
1021.12, 1149.66
1021.43, 1149.79
1021.74, 1149.92
1022.05, 1150.05
1022.24, 1150.13
1022.43, 1150.21
1022.63, 1150.3
1022.84, 1150.38
1023.04, 1150.47
1023.26, 1150.56
1023.49, 1150.66
1023.72, 1150.75
1023.96, 1150.86
1024.22, 1150.96
1024.48, 1151.07
1024.76, 1151.19
1025.05, 1151.31
1025.34, 1151.43
1025.65, 1151.56
1025.97, 1151.7
1026.3, 1151.84
1026.64, 1151.98
1026.98, 1152.12
1027.34, 1152.27
1027.65, 1152.4
1028.03, 1152.55
1028.4, 1152.71
1028.79, 1152.87
1029.18, 1153.03
1029.58, 1153.19
1029.97, 1153.35
1030.38, 1153.51
1030.78, 1153.68
1031.18, 1153.84
1031.58, 1154.01
1031.99, 1154.17
1032.39, 1154.33
1032.79, 1154.5
1033.18, 1154.66
1033.57, 1154.82
1033.96, 1154.98
1034.34, 1155.13
1034.72, 1155.29
1035.1, 1155.44
1035.46, 1155.59
1035.83, 1155.74
1036.18, 1155.88
1036.54, 1156.03
1036.88, 1156.17
1037.23, 1156.31
1037.57, 1156.45
1037.9, 1156.59
1038.23, 1156.72

waypoints
x, y
1015.23, 1147.19
1015.6, 1147.34
1015.96, 1147.5
1016.33, 1147.65
1016.69, 1147.8
1017.06, 1147.96
1017.42, 1148.11
1017.77, 1148.26
1018.13, 1148.41
1018.48, 1148.55
1018.82, 1148.7
1019.16, 1148.84
1019.5, 1148.98
1019.83, 1149.12
1020.16, 1149.26
1020.48, 1149.39
1020.8, 1149.53
1021.12, 1149.66
1021.43, 1149.79
1021.74, 1149.92
1022.05, 1150.05
1022.24, 1150.13
1022.43, 1150.21
1022.63, 1150.3
1022.84, 1150.38
1023.04, 1150.47
1023.26, 1150.56
1023.49, 1150.66
1023.72, 1150.75
1023.96, 1150.86
1024.22, 1150.96
1024.48, 1151.07
1024.76, 1151.19
1025.05, 1151.31
1025.34, 1151.43
1025.65, 1151.56
1025.97, 1151.7
1026.3, 1151.84
1026.64, 1151.98
1026.98, 1152.12
1027.34, 1152.27
1027.65, 1152.4
1028.03, 1152.55
1028.4, 1152.71
1028.79, 1152.87
1029.18, 1153.03
1029.58, 1153.19
1029.97, 1153.35
1030.38, 1153.51
1030.78, 1153.68
1031.18, 1153.84
1031.58, 1154.01
1031.99, 1154.17
1032.39, 1154.33
1032.79, 1154.5
1033.18, 1154.66
1033.57, 1154.82
1033.96, 1154.98
1034.34, 1155.13
1034.72, 1155.29
1035.1, 1155.44
1035.46, 1155.59
1035.83, 1155.74
1036.18, 1155.88
1036.54, 1156.03
1036.88, 1156.17
1037.23, 1156.31
1037.57, 1156.45
1037.9, 1156.59
1038.23, 1156.72

waypoints
x, y
1016.69, 1147.8
1017.06, 1147.96
1017.42, 1148.11
1017.77, 1148.26
1018.13, 1148.41
1018.48, 1148.55
1018.82, 1148.7
1019.16, 1148.84
1019.5, 1148.98
1019.83, 1149.12
1020.16, 1149.26
1020.48, 1149.39
1020.8, 1149.53
1021.12, 1149.66
1021.43, 1149.79
1021.74, 1149.92
1022.05, 1150.05
1022.24, 1150.13
1022.43, 1150.21
1022.63, 1150.3
1022.84, 1150.38
1023.04, 1150.47
1023.26, 1150.56
1023.49, 1150.66
1023.72, 1150.75
1023.96, 1150.86
1024.22, 1150.96
1024.48, 1151.07
1024.76, 1151.19
1025.05, 1151.31
1025.34, 1151.43
1025.65, 1151.56
1025.97, 1151.7
1026.3, 1151.84
1026.64, 1151.98
1026.98, 1152.12
1027.34, 1152.27
1027.65, 1152.4
1028.03, 1152.55
1028.4, 1152.71
1028.79, 1152.87
1029.18, 1153.03
1029.58, 1153.19
1029.97, 1153.35
1030.38, 1153.51
1030.78, 1153.68
1031.18, 1153.84
1031.58, 1154.01
1031.99, 1154.17
1032.39, 1154.33
1032.79, 1154.5
1033.18, 1154.66
1033.57, 1154.82
1033.96, 1154.98
1034.34, 1155.13
1034.72, 1155.29
1035.1, 1155.44
1035.46, 1155.59
1035.83, 1155.74
1036.18, 1155.88
1036.54, 1156.03
1036.88, 1156.17
1037.23, 1156.31
1037.57, 1156.45
1037.9, 1156.59
1038.23, 1156.72

waypoints
x, y
1018.13, 1148.41
1018.48, 1148.55
1018.82, 1148.7
1019.16, 1148.84
1019.5, 1148.98
1019.83, 1149.12
1020.16, 1149.26
1020.48, 1149.39
1020.8, 1149.53
1021.12, 1149.66
1021.43, 1149.79
1021.74, 1149.92
1022.05, 1150.05
1022.24, 1150.13
1022.43, 1150.21
1022.63, 1150.3
1022.84, 1150.38
1023.04, 1150.47
1023.26, 1150.56
1023.49, 1150.66
1023.72, 1150.75
1023.96, 1150.86
1024.22, 1150.96
1024.48, 1151.07
1024.76, 1151.19
1025.05, 1151.31
1025.34, 1151.43
1025.65, 1151.56
1025.97, 1151.7
1026.3, 1151.84
1026.64, 1151.98
1026.98, 1152.12
1027.34, 1152.27
1027.65, 1152.4
1028.03, 1152.55
1028.4, 1152.71
1028.79, 1152.87
1029.18, 1153.03
1029.58, 1153.19
1029.97, 1153.35
1030.38, 1153.51
1030.78, 1153.68
1031.18, 1153.84
1031.58, 1154.01
1031.99, 1154.17
1032.39, 1154.33
1032.79, 1154.5
1033.18, 1154.66
1033.57, 1154.82
1033.96, 1154.98
1034.34, 1155.13
1034.72, 1155.29
1035.1, 1155.44
1035.46, 1155.59
1035.83, 1155.74
1036.18, 1155.88
1036.54, 1156.03
1036.88, 1156.17
1037.23, 1156.31
1037.57, 1156.45
1037.9, 1156.59
1038.23, 1156.72

waypoints
x, y
1019.5, 1148.98
1019.83, 1149.12
1020.16, 1149.26
1020.48, 1149.39
1020.8, 1149.53
1021.12, 1149.66
1021.43, 1149.79
1021.74, 1149.92
1022.05, 1150.05
1022.24, 1150.13
1022.43, 1150.21
1022.63, 1150.3
1022.84, 1150.38
1023.04, 1150.47
1023.26, 1150.56
1023.49, 1150.66
1023.72, 1150.75
1023.96, 1150.86
1024.22, 1150.96
1024.48, 1151.07
1024.76, 1151.19
1025.05, 1151.31
1025.34, 1151.43
1025.65, 1151.56
1025.97, 1151.7
1026.3, 1151.84
1026.64, 1151.98
1026.98, 1152.12
1027.34, 1152.27
1027.65, 1152.4
1028.03, 1152.55
1028.4, 1152.71
1028.79, 1152.87
1029.18, 1153.03
1029.58, 1153.19
1029.97, 1153.35
1030.38, 1153.51
1030.78, 1153.68
1031.18, 1153.84
1031.58, 1154.01
1031.99, 1154.17
1032.39, 1154.33
1032.79, 1154.5
1033.18, 1154.66
1033.57, 1154.82
1033.96, 1154.98
1034.34, 1155.13
1034.72, 1155.29
1035.1, 1155.44
1035.46, 1155.59
1035.83, 1155.74
1036.18, 1155.88
1036.54, 1156.03
1036.88, 1156.17
1037.23, 1156.31
1037.57, 1156.45
1037.9, 1156.59
1038.23, 1156.72

waypoints
x, y
1020.48, 1149.39
1020.8, 1149.53
1021.12, 1149.66
1021.43, 1149.79
1021.74, 1149.92
1022.05, 1150.05
1022.24, 1150.13
1022.43, 1150.21
1022.63, 1150.3
1022.84, 1150.38
1023.04, 1150.47
1023.26, 1150.56
1023.49, 1150.66
1023.72, 1150.75
1023.96, 1150.86
1024.22, 1150.96
1024.48, 1151.07
1024.76, 1151.19
1025.05, 1151.31
1025.34, 1151.43
1025.65, 1151.56
1025.97, 1151.7
1026.3, 1151.84
1026.64, 1151.98
1026.98, 1152.12
1027.34, 1152.27
1027.65, 1152.4
1028.03, 1152.55
1028.4, 1152.71
1028.79, 1152.87
1029.18, 1153.03
1029.58, 1153.19
1029.97, 1153.35
1030.38, 1153.51
1030.78, 1153.68
1031.18, 1153.84
1031.58, 1154.01
1031.99, 1154.17
1032.39, 1154.33
1032.79, 1154.5
1033.18, 1154.66
1033.57, 1154.82
1033.96, 1154.98
1034.34, 1155.13
1034.72, 1155.29
1035.1, 1155.44
1035.46, 1155.59
1035.83, 1155.74
1036.18, 1155.88
1036.54, 1156.03
1036.88, 1156.17
1037.23, 1156.31
1037.57, 1156.45
1037.9, 1156.59
1038.23, 1156.72

waypoints
x, y
1021.74, 1149.92
1022.05, 1150.05
1022.24, 1150.13
1022.43, 1150.21
1022.63, 1150.3
1022.84, 1150.38
1023.04, 1150.47
1023.26, 1150.56
1023.49, 1150.66
1023.72, 1150.75
1023.96, 1150.86
1024.22, 1150.96
1024.48, 1151.07
1024.76, 1151.19
1025.05, 1151.31
1025.34, 1151.43
1025.65, 1151.56
1025.97, 1151.7
1026.3, 1151.84
1026.64, 1151.98
1026.98, 1152.12
1027.34, 1152.27
1027.65, 1152.4
1028.03, 1152.55
1028.4, 1152.71
1028.79, 1152.87
1029.18, 1153.03
1029.58, 1153.19
1029.97, 1153.35
1030.38, 1153.51
1030.78, 1153.68
1031.18, 1153.84
1031.58, 1154.01
1031.99, 1154.17
1032.39, 1154.33
1032.79, 1154.5
1033.18, 1154.66
1033.57, 1154.82
1033.96, 1154.98
1034.34, 1155.13
1034.72, 1155.29
1035.1, 1155.44
1035.46, 1155.59
1035.83, 1155.74
1036.18, 1155.88
1036.54, 1156.03
1036.88, 1156.17
1037.23, 1156.31
1037.57, 1156.45
1037.9, 1156.59
1038.23, 1156.72

waypoints
x, y
1022.63, 1150.3
1022.84, 1150.38
1023.04, 1150.47
1023.26, 1150.56
1023.49, 1150.66
1023.72, 1150.75
1023.96, 1150.86
1024.22, 1150.96
1024.48, 1151.07
1024.76, 1151.19
1025.05, 1151.31
1025.34, 1151.43
1025.65, 1151.56
1025.97, 1151.7
1026.3, 1151.84
1026.64, 1151.98
1026.98, 1152.12
1027.34, 1152.27
1027.65, 1152.4
1028.03, 1152.55
1028.4, 1152.71
1028.79, 1152.87
1029.18, 1153.03
1029.58, 1153.19
1029.97, 1153.35
1030.38, 1153.51
1030.78, 1153.68
1031.18, 1153.84
1031.58, 1154.01
1031.99, 1154.17
1032.39, 1154.33
1032.79, 1154.5
1033.18, 1154.66
1033.57, 1154.82
1033.96, 1154.98
1034.34, 1155.13
1034.72, 1155.29
1035.1, 1155.44
1035.46, 1155.59
1035.83, 1155.74
1036.18, 1155.88
1036.54, 1156.03
1036.88, 1156.17
1037.23, 1156.31
1037.57, 1156.45
1037.9, 1156.59
1038.23, 1156.72
1038.43, 1156.8
1038.63, 1156.88
1038.83, 1156.96
1039.04, 1157.05
1039.25, 1157.14
1039.47, 1157.23
1039.71, 1157.32
1039.95, 1157.42
1040.2, 1157.53
1040.47, 1157.63
1040.75, 1157.75
1041.04, 1157.87
1041.35, 1157.99
1041.67, 1158.12
1042, 1158.26
1042.34, 1158.4
1042.69, 1158.54
1043.06, 1158.69
1043.43, 1158.84
1043.82, 1159
1044.22, 1159.16
1044.62, 1159.33
1045.03, 1159.5
1045.45, 1159.67
1045.87, 1159.84
1046.3, 1160.02
1046.73, 1160.19
1047.17, 1160.37
1047.61, 1160.55
1048.05, 1160.73
1048.48, 1160.91
1048.92, 1161.08
1049.36, 1161.26
1049.79, 1161.44
1050.22, 1161.62
1050.65, 1161.79
1051.07, 1161.96
1051.48, 1162.13
1051.89, 1162.3
1052.3, 1162.46
1052.7, 1162.63
1053.09, 1162.79
1053.47, 1162.94
1053.85, 1163.1
1054.23, 1163.25
1054.6, 1163.4
1054.96, 1163.55
1055.32, 1163.7
1055.68, 1163.84

waypoints
x, y
1023.49, 1150.66
1023.72, 1150.75
1023.96, 1150.86
1024.22, 1150.96
1024.48, 1151.07
1024.76, 1151.19
1025.05, 1151.31
1025.34, 1151.43
1025.65, 1151.56
1025.97, 1151.7
1026.3, 1151.84
1026.64, 1151.98
1026.98, 1152.12
1027.34, 1152.27
1027.65, 1152.4
1028.03, 1152.55
1028.4, 1152.71
1028.79, 1152.87
1029.18, 1153.03
1029.58, 1153.19
1029.97, 1153.35
1030.38, 1153.51
1030.78, 1153.68
1031.18, 1153.84
1031.58, 1154.01
1031.99, 1154.17
1032.39, 1154.33
1032.79, 1154.5
1033.18, 1154.66
1033.57, 1154.82
1033.96, 1154.98
1034.34, 1155.13
1034.72, 1155.29
1035.1, 1155.44
1035.46, 1155.59
1035.83, 1155.74
1036.18, 1155.88
1036.54, 1156.03
1036.88, 1156.17
1037.23, 1156.31
1037.57, 1156.45
1037.9, 1156.59
1038.23, 1156.72
1038.43, 1156.8
1038.63, 1156.88
1038.83, 1156.96
1039.04, 1157.05
1039.25, 1157.14
1039.47, 1157.23
1039.71, 1157.32
1039.95, 1157.42
1040.2, 1157.53
1040.47, 1157.63
1040.75, 1157.75
1041.04, 1157.87
1041.35, 1157.99
1041.67, 1158.12
1042, 1158.26
1042.34, 1158.4
1042.69, 1158.54
1043.06, 1158.69
1043.43, 1158.84
1043.82, 1159
1044.22, 1159.16
1044.62, 1159.33
1045.03, 1159.5
1045.45, 1159.67
1045.87, 1159.84
1046.3, 1160.02
1046.73, 1160.19
1047.17, 1160.37
1047.61, 1160.55
1048.05, 1160.73
1048.48, 1160.91
1048.92, 1161.09
1049.36, 1161.26
1049.79, 1161.44
1050.22, 1161.62
1050.65, 1161.79
1051.07, 1161.96
1051.48, 1162.13
1051.89, 1162.3
1052.3, 1162.46
1052.7, 1162.63
1053.09, 1162.79
1053.47, 1162.94
1053.85, 1163.1
1054.23, 1163.25
1054.6, 1163.4
1054.96, 1163.55
1055.32, 1163.7
1055.68, 1163.84

waypoints
x, y
1024.48, 1151.07
1024.76, 1151.19
1025.05, 1151.31
1025.34, 1151.43
1025.65, 1151.56
1025.97, 1151.7
1026.3, 1151.84
1026.64, 1151.98
1026.98, 1152.12
1027.34, 1152.27
1027.65, 1152.4
1028.03, 1152.55
1028.4, 1152.71
1028.79, 1152.87
1029.18, 1153.03
1029.58, 1153.19
1029.97, 1153.35
1030.38, 1153.51
1030.78, 1153.68
1031.18, 1153.84
1031.58, 1154.01
1031.99, 1154.17
1032.39, 1154.33
1032.79, 1154.5
1033.18, 1154.66
1033.57, 1154.82
1033.96, 1154.98
1034.34, 1155.13
1034.72, 1155.29
1035.1, 1155.44
1035.46, 1155.59
1035.83, 1155.74
1036.18, 1155.88
1036.54, 1156.03
1036.88, 1156.17
1037.23, 1156.31
1037.57, 1156.45
1037.9, 1156.59
1038.23, 1156.72
1038.43, 1156.8
1038.63, 1156.88
1038.83, 1156.96
1039.04, 1157.05
1039.25, 1157.14
1039.47, 1157.23
1039.71, 1157.32
1039.95, 1157.42
1040.2, 1157.53
1040.47, 1157.63
1040.75, 1157.75
1041.04, 1157.87
1041.35, 1157.99
1041.67, 1158.12
1042, 1158.26
1042.34, 1158.4
1042.69, 1158.54
1043.06, 1158.69
1043.43, 1158.84
1043.82, 1159
1044.22, 1159.16
1044.62, 1159.33
1045.03, 1159.5
1045.45, 1159.67
1045.87, 1159.84
1046.3, 1160.02
1046.73, 1160.19
1047.17, 1160.37
1047.61, 1160.55
1048.05, 1160.73
1048.48, 1160.91
1048.92, 1161.09
1049.36, 1161.26
1049.79, 1161.44
1050.22, 1161.62
1050.65, 1161.79
1051.07, 1161.96
1051.48, 1162.13
1051.89, 1162.3
1052.3, 1162.46
1052.7, 1162.63
1053.09, 1162.79
1053.47, 1162.94
1053.85, 1163.1
1054.23, 1163.25
1054.6, 1163.4
1054.96, 1163.55
1055.32, 1163.7
1055.68, 1163.84

waypoints
x, y
1025.65, 1151.56
1025.97, 1151.7
1026.3, 1151.84
1026.64, 1151.98
1026.98, 1152.12
1027.34, 1152.27
1027.65, 1152.4
1028.03, 1152.55
1028.4, 1152.71
1028.79, 1152.87
1029.18, 1153.03
1029.58, 1153.19
1029.97, 1153.35
1030.38, 1153.51
1030.78, 1153.68
1031.18, 1153.84
1031.58, 1154.01
1031.99, 1154.17
1032.39, 1154.33
1032.79, 1154.5
1033.18, 1154.66
1033.57, 1154.82
1033.96, 1154.98
1034.34, 1155.13
1034.72, 1155.29
1035.1, 1155.44
1035.46, 1155.59
1035.83, 1155.74
1036.18, 1155.88
1036.54, 1156.03
1036.88, 1156.17
1037.23, 1156.31
1037.57, 1156.45
1037.9, 1156.59
1038.23, 1156.72
1038.43, 1156.8
1038.63, 1156.88
1038.83, 1156.96
1039.04, 1157.05
1039.25, 1157.14
1039.47, 1157.23
1039.71, 1157.32
1039.95, 1157.42
1040.2, 1157.53
1040.47, 1157.63
1040.75, 1157.75
1041.04, 1157.87
1041.35, 1157.99
1041.67, 1158.12
1042, 1158.26
1042.34, 1158.4
1042.69, 1158.54
1043.06, 1158.69
1043.43, 1158.84
1043.82, 1159
1044.22, 1159.16
1044.62, 1159.33
1045.03, 1159.5
1045.45, 1159.67
1045.87, 1159.84
1046.3, 1160.02
1046.73, 1160.19
1047.17, 1160.37
1047.61, 1160.55
1048.05, 1160.73
1048.48, 1160.91
1048.92, 1161.09
1049.36, 1161.26
1049.79, 1161.44
1050.22, 1161.62
1050.65, 1161.79
1051.07, 1161.96
1051.48, 1162.13
1051.89, 1162.3
1052.3, 1162.46
1052.7, 1162.63
1053.09, 1162.79
1053.47, 1162.94
1053.85, 1163.1
1054.23, 1163.25
1054.6, 1163.4
1054.96, 1163.55
1055.32, 1163.7
1055.68, 1163.84

waypoints
x, y
1026.98, 1152.12
1027.34, 1152.27
1027.65, 1152.4
1028.03, 1152.55
1028.4, 1152.71
1028.79, 1152.87
1029.18, 1153.03
1029.58, 1153.19
1029.97, 1153.35
1030.38, 1153.51
1030.78, 1153.68
1031.18, 1153.84
1031.58, 1154.01
1031.99, 1154.17
1032.39, 1154.33
1032.79, 1154.5
1033.18, 1154.66
1033.57, 1154.82
1033.96, 1154.98
1034.34, 1155.13
1034.72, 1155.29
1035.1, 1155.44
1035.46, 1155.59
1035.83, 1155.74
1036.18, 1155.88
1036.54, 1156.03
1036.88, 1156.17
1037.23, 1156.31
1037.57, 1156.45
1037.9, 1156.59
1038.23, 1156.72
1038.43, 1156.8
1038.63, 1156.88
1038.83, 1156.96
1039.04, 1157.05
1039.25, 1157.14
1039.47, 1157.23
1039.71, 1157.32
1039.95, 1157.42
1040.2, 1157.53
1040.47, 1157.63
1040.75, 1157.75
1041.04, 1157.87
1041.35, 1157.99
1041.67, 1158.12
1042, 1158.26
1042.34, 1158.4
1042.69, 1158.54
1043.06, 1158.69
1043.43, 1158.84
1043.82, 1159
1044.22, 1159.16
1044.62, 1159.33
1045.03, 1159.5
1045.45, 1159.67
1045.87, 1159.84
1046.3, 1160.02
1046.73, 1160.19
1047.17, 1160.37
1047.61, 1160.55
1048.05, 1160.73
1048.48, 1160.91
1048.92, 1161.09
1049.36, 1161.26
1049.79, 1161.44
1050.22, 1161.62
1050.65, 1161.79
1051.07, 1161.96
1051.48, 1162.13
1051.89, 1162.3
1052.3, 1162.46
1052.7, 1162.63
1053.09, 1162.79
1053.47, 1162.94
1053.85, 1163.1
1054.23, 1163.25
1054.6, 1163.4
1054.96, 1163.55
1055.32, 1163.7
1055.68, 1163.84

waypoints
x, y
1028.4, 1152.71
1028.79, 1152.87
1029.18, 1153.03
1029.58, 1153.19
1029.97, 1153.35
1030.38, 1153.51
1030.78, 1153.68
1031.18, 1153.84
1031.58, 1154.01
1031.99, 1154.17
1032.39, 1154.33
1032.79, 1154.5
1033.18, 1154.66
1033.57, 1154.82
1033.96, 1154.98
1034.34, 1155.13
1034.72, 1155.29
1035.1, 1155.44
1035.46, 1155.59
1035.83, 1155.74
1036.18, 1155.88
1036.54, 1156.03
1036.88, 1156.17
1037.23, 1156.31
1037.57, 1156.45
1037.9, 1156.59
1038.23, 1156.72
1038.43, 1156.8
1038.63, 1156.88
1038.83, 1156.96
1039.04, 1157.05
1039.25, 1157.14
1039.47, 1157.23
1039.71, 1157.32
1039.95, 1157.42
1040.2, 1157.53
1040.47, 1157.63
1040.75, 1157.75
1041.04, 1157.87
1041.35, 1157.99
1041.67, 1158.12
1042, 1158.26
1042.34, 1158.4
1042.69, 1158.54
1043.06, 1158.69
1043.43, 1158.84
1043.82, 1159
1044.22, 1159.16
1044.62, 1159.33
1045.03, 1159.5
1045.45, 1159.67
1045.87, 1159.84
1046.3, 1160.02
1046.73, 1160.19
1047.17, 1160.37
1047.61, 1160.55
1048.05, 1160.73
1048.48, 1160.91
1048.92, 1161.09
1049.36, 1161.26
1049.79, 1161.44
1050.22, 1161.62
1050.65, 1161.79
1051.07, 1161.96
1051.48, 1162.13
1051.89, 1162.3
1052.3, 1162.46
1052.7, 1162.63
1053.09, 1162.79
1053.47, 1162.94
1053.85, 1163.1
1054.23, 1163.25
1054.6, 1163.4
1054.96, 1163.55
1055.32, 1163.7
1055.68, 1163.84

waypoints
x, y
1029.97, 1153.35
1030.38, 1153.51
1030.78, 1153.68
1031.18, 1153.84
1031.58, 1154.01
1031.99, 1154.17
1032.39, 1154.33
1032.79, 1154.5
1033.18, 1154.66
1033.57, 1154.82
1033.96, 1154.98
1034.34, 1155.13
1034.72, 1155.29
1035.1, 1155.44
1035.46, 1155.59
1035.83, 1155.74
1036.18, 1155.88
1036.54, 1156.03
1036.88, 1156.17
1037.23, 1156.31
1037.57, 1156.45
1037.9, 1156.59
1038.23, 1156.72
1038.43, 1156.8
1038.63, 1156.88
1038.83, 1156.96
1039.04, 1157.05
1039.25, 1157.14
1039.47, 1157.23
1039.71, 1157.32
1039.95, 1157.42
1040.2, 1157.53
1040.47, 1157.63
1040.75, 1157.75
1041.04, 1157.87
1041.35, 1157.99
1041.67, 1158.12
1042, 1158.26
1042.34, 1158.4
1042.69, 1158.54
1043.06, 1158.69
1043.43, 1158.84
1043.82, 1159
1044.22, 1159.16
1044.62, 1159.33
1045.03, 1159.5
1045.45, 1159.67
1045.87, 1159.84
1046.3, 1160.02
1046.73, 1160.19
1047.17, 1160.37
1047.61, 1160.55
1048.05, 1160.73
1048.48, 1160.91
1048.92, 1161.09
1049.36, 1161.26
1049.79, 1161.44
1050.22, 1161.62
1050.65, 1161.79
1051.07, 1161.96
1051.48, 1162.13
1051.89, 1162.3
1052.3, 1162.46
1052.7, 1162.63
1053.09, 1162.79
1053.47, 1162.94
1053.85, 1163.1
1054.23, 1163.25
1054.6, 1163.4
1054.96, 1163.55
1055.32, 1163.7
1055.68, 1163.84

waypoints
x, y
1031.58, 1154.01
1031.99, 1154.17
1032.39, 1154.33
1032.79, 1154.5
1033.18, 1154.66
1033.57, 1154.82
1033.96, 1154.98
1034.34, 1155.13
1034.72, 1155.29
1035.1, 1155.44
1035.46, 1155.59
1035.83, 1155.74
1036.18, 1155.88
1036.54, 1156.03
1036.88, 1156.17
1037.23, 1156.31
1037.57, 1156.45
1037.9, 1156.59
1038.23, 1156.72
1038.43, 1156.8
1038.63, 1156.88
1038.83, 1156.96
1039.04, 1157.05
1039.25, 1157.14
1039.47, 1157.23
1039.71, 1157.32
1039.95, 1157.42
1040.2, 1157.53
1040.47, 1157.63
1040.75, 1157.75
1041.04, 1157.87
1041.35, 1157.99
1041.67, 1158.12
1042, 1158.26
1042.34, 1158.4
1042.69, 1158.54
1043.06, 1158.69
1043.43, 1158.84
1043.82, 1159
1044.22, 1159.16
1044.62, 1159.33
1045.03, 1159.5
1045.45, 1159.67
1045.87, 1159.84
1046.3, 1160.02
1046.73, 1160.19
1047.17, 1160.37
1047.61, 1160.55
1048.05, 1160.73
1048.48, 1160.91
1048.92, 1161.09
1049.36, 1161.26
1049.79, 1161.44
1050.22, 1161.62
1050.65, 1161.79
1051.07, 1161.96
1051.48, 1162.13
1051.89, 1162.3
1052.3, 1162.46
1052.7, 1162.63
1053.09, 1162.79
1053.47, 1162.94
1053.85, 1163.1
1054.23, 1163.25
1054.6, 1163.4
1054.96, 1163.55
1055.32, 1163.7
1055.68, 1163.84

waypoints
x, y
1032.79, 1154.5
1033.18, 1154.66
1033.57, 1154.82
1033.96, 1154.98
1034.34, 1155.13
1034.72, 1155.29
1035.1, 1155.44
1035.46, 1155.59
1035.83, 1155.74
1036.18, 1155.88
1036.54, 1156.03
1036.88, 1156.17
1037.23, 1156.31
1037.57, 1156.45
1037.9, 1156.59
1038.23, 1156.72
1038.43, 1156.8
1038.63, 1156.88
1038.83, 1156.96
1039.04, 1157.05
1039.25, 1157.14
1039.47, 1157.23
1039.71, 1157.32
1039.95, 1157.42
1040.2, 1157.53
1040.47, 1157.63
1040.75, 1157.75
1041.04, 1157.87
1041.35, 1157.99
1041.67, 1158.12
1042, 1158.26
1042.34, 1158.4
1042.69, 1158.54
1043.06, 1158.69
1043.43, 1158.84
1043.82, 1159
1044.22, 1159.16
1044.62, 1159.33
1045.03, 1159.5
1045.45, 1159.67
1045.87, 1159.84
1046.3, 1160.02
1046.73, 1160.19
1047.17, 1160.37
1047.61, 1160.55
1048.05, 1160.73
1048.48, 1160.91
1048.92, 1161.09
1049.36, 1161.26
1049.79, 1161.44
1050.22, 1161.62
1050.65, 1161.79
1051.07, 1161.96
1051.48, 1162.13
1051.89, 1162.3
1052.3, 1162.46
1052.7, 1162.63
1053.09, 1162.79
1053.47, 1162.94
1053.85, 1163.1
1054.23, 1163.25
1054.6, 1163.4
1054.96, 1163.55
1055.32, 1163.7
1055.68, 1163.84

waypoints
x, y
1034.34, 1155.13
1034.72, 1155.29
1035.1, 1155.44
1035.46, 1155.59
1035.83, 1155.74
1036.18, 1155.88
1036.54, 1156.03
1036.88, 1156.17
1037.23, 1156.31
1037.57, 1156.45
1037.9, 1156.59
1038.23, 1156.72
1038.43, 1156.8
1038.63, 1156.88
1038.83, 1156.96
1039.04, 1157.05
1039.25, 1157.14
1039.47, 1157.23
1039.71, 1157.32
1039.95, 1157.42
1040.2, 1157.53
1040.47, 1157.63
1040.75, 1157.75
1041.04, 1157.87
1041.35, 1157.99
1041.67, 1158.12
1042, 1158.26
1042.34, 1158.4
1042.69, 1158.54
1043.06, 1158.69
1043.43, 1158.84
1043.82, 1159
1044.22, 1159.16
1044.62, 1159.33
1045.03, 1159.5
1045.45, 1159.67
1045.87, 1159.84
1046.3, 1160.02
1046.73, 1160.19
1047.17, 1160.37
1047.61, 1160.55
1048.05, 1160.73
1048.48, 1160.91
1048.92, 1161.09
1049.36, 1161.26
1049.79, 1161.44
1050.22, 1161.62
1050.65, 1161.79
1051.07, 1161.96
1051.48, 1162.13
1051.89, 1162.3
1052.3, 1162.46
1052.7, 1162.63
1053.09, 1162.79
1053.47, 1162.94
1053.85, 1163.1
1054.23, 1163.25
1054.6, 1163.4
1054.96, 1163.55
1055.32, 1163.7
1055.68, 1163.84

waypoints
x, y
1035.83, 1155.74
1036.18, 1155.88
1036.54, 1156.03
1036.88, 1156.17
1037.23, 1156.31
1037.57, 1156.45
1037.9, 1156.59
1038.23, 1156.72
1038.43, 1156.8
1038.63, 1156.88
1038.83, 1156.96
1039.04, 1157.05
1039.25, 1157.14
1039.47, 1157.23
1039.71, 1157.32
1039.95, 1157.42
1040.2, 1157.53
1040.47, 1157.63
1040.75, 1157.75
1041.04, 1157.87
1041.35, 1157.99
1041.67, 1158.12
1042, 1158.26
1042.34, 1158.4
1042.69, 1158.54
1043.06, 1158.69
1043.43, 1158.84
1043.82, 1159
1044.22, 1159.16
1044.62, 1159.33
1045.03, 1159.5
1045.45, 1159.67
1045.87, 1159.84
1046.3, 1160.02
1046.73, 1160.19
1047.17, 1160.37
1047.61, 1160.55
1048.05, 1160.73
1048.48, 1160.91
1048.92, 1161.09
1049.36, 1161.26
1049.79, 1161.44
1050.22, 1161.62
1050.65, 1161.79
1051.07, 1161.96
1051.48, 1162.13
1051.89, 1162.3
1052.3, 1162.46
1052.7, 1162.63
1053.09, 1162.79
1053.47, 1162.94
1053.85, 1163.1
1054.23, 1163.25
1054.6, 1163.4
1054.96, 1163.55
1055.32, 1163.7
1055.68, 1163.84

waypoints
x, y
1037.23, 1156.31
1037.57, 1156.45
1037.9, 1156.59
1038.23, 1156.72
1038.43, 1156.8
1038.63, 1156.88
1038.83, 1156.96
1039.04, 1157.05
1039.25, 1157.14
1039.47, 1157.23
1039.71, 1157.32
1039.95, 1157.42
1040.2, 1157.53
1040.47, 1157.63
1040.75, 1157.75
1041.04, 1157.87
1041.35, 1157.99
1041.67, 1158.12
1042, 1158.26
1042.34, 1158.4
1042.69, 1158.54
1043.06, 1158.69
1043.43, 1158.84
1043.82, 1159
1044.22, 1159.16
1044.62, 1159.33
1045.03, 1159.5
1045.45, 1159.67
1045.87, 1159.84
1046.3, 1160.02
1046.73, 1160.19
1047.17, 1160.37
1047.61, 1160.55
1048.05, 1160.73
1048.48, 1160.91
1048.92, 1161.09
1049.36, 1161.26
1049.79, 1161.44
1050.22, 1161.62
1050.65, 1161.79
1051.07, 1161.96
1051.48, 1162.13
1051.89, 1162.3
1052.3, 1162.46
1052.7, 1162.63
1053.09, 1162.79
1053.47, 1162.94
1053.85, 1163.1
1054.23, 1163.25
1054.6, 1163.4
1054.96, 1163.55
1055.32, 1163.7
1055.68, 1163.84

waypoints
x, y
1038.43, 1156.8
1038.63, 1156.88
1038.83, 1156.96
1039.04, 1157.05
1039.25, 1157.14
1039.47, 1157.23
1039.71, 1157.32
1039.95, 1157.42
1040.2, 1157.53
1040.47, 1157.63
1040.75, 1157.75
1041.04, 1157.87
1041.35, 1157.99
1041.67, 1158.12
1042, 1158.26
1042.34, 1158.4
1042.69, 1158.54
1043.06, 1158.69
1043.43, 1158.84
1043.82, 1159
1044.22, 1159.16
1044.62, 1159.33
1045.03, 1159.5
1045.45, 1159.67
1045.87, 1159.84
1046.3, 1160.02
1046.73, 1160.19
1047.17, 1160.37
1047.61, 1160.55
1048.05, 1160.73
1048.48, 1160.91
1048.92, 1161.09
1049.36, 1161.26
1049.79, 1161.44
1050.22, 1161.62
1050.65, 1161.79
1051.07, 1161.96
1051.48, 1162.13
1051.89, 1162.3
1052.3, 1162.46
1052.7, 1162.63
1053.09, 1162.79
1053.47, 1162.94
1053.85, 1163.1
1054.23, 1163.25
1054.6, 1163.4
1054.96, 1163.55
1055.32, 1163.7
1055.68, 1163.84
1056.01, 1163.98
1056.34, 1164.12
1056.68, 1164.25
1057.06, 1164.41
1057.4, 1164.55
1057.74, 1164.69
1058.08, 1164.84
1058.43, 1164.98
1058.78, 1165.13
1059.13, 1165.27
1059.48, 1165.42
1059.84, 1165.57
1060.21, 1165.73
1060.57, 1165.88
1060.94, 1166.03
1061.31, 1166.19
1061.69, 1166.35
1062.07, 1166.51
1062.45, 1166.67
1062.84, 1166.83
1063.23, 1166.99
1063.62, 1167.15
1064.01, 1167.32
1064.4, 1167.48
1064.8, 1167.65
1065.2, 1167.81
1065.59, 1167.98
1065.99, 1168.15
1066.39, 1168.31
1066.79, 1168.48
1067.19, 1168.65
1067.59, 1168.81
1067.99, 1168.98
1068.39, 1169.15
1068.79, 1169.31
1069.18, 1169.48
1069.58, 1169.65
1069.97, 1169.81
1070.37, 1169.97
1070.76, 1170.14
1071.14, 1170.3
1071.53, 1170.46
1071.92, 1170.62
1072.3, 1170.78
1072.68, 1170.94
1073.06, 1171.1
1073.44, 1171.26
1073.82, 1171.42
1074.2, 1171.58

waypoints
x, y
1039.25, 1157.14
1039.47, 1157.23
1039.71, 1157.32
1039.95, 1157.42
1040.2, 1157.53
1040.47, 1157.63
1040.75, 1157.75
1041.04, 1157.87
1041.35, 1157.99
1041.67, 1158.12
1042, 1158.26
1042.34, 1158.4
1042.69, 1158.54
1043.06, 1158.69
1043.43, 1158.84
1043.82, 1159
1044.22, 1159.16
1044.62, 1159.33
1045.03, 1159.5
1045.45, 1159.67
1045.87, 1159.84
1046.3, 1160.02
1046.73, 1160.19
1047.17, 1160.37
1047.61, 1160.55
1048.05, 1160.73
1048.48, 1160.91
1048.92, 1161.09
1049.36, 1161.26
1049.79, 1161.44
1050.22, 1161.62
1050.65, 1161.79
1051.07, 1161.96
1051.48, 1162.13
1051.89, 1162.3
1052.3, 1162.46
1052.7, 1162.63
1053.09, 1162.79
1053.47, 1162.94
1053.85, 1163.1
1054.23, 1163.25
1054.6, 1163.4
1054.96, 1163.55
1055.32, 1163.7
1055.68, 1163.84
1056.01, 1163.98
1056.34, 1164.12
1056.68, 1164.25
1057.06, 1164.41
1057.4, 1164.55
1057.74, 1164.69
1058.08, 1164.84
1058.43, 1164.98
1058.78, 1165.13
1059.13, 1165.28
1059.48, 1165.42
1059.84, 1165.57
1060.2, 1165.72
1060.57, 1165.88
1060.94, 1166.03
1061.31, 1166.19
1061.69, 1166.35
1062.07, 1166.51
1062.45, 1166.66
1062.84, 1166.83
1063.23, 1166.99
1063.62, 1167.15
1064.01, 1167.32
1064.4, 1167.48
1064.8, 1167.65
1065.2, 1167.81
1065.6, 1167.98
1065.99, 1168.15
1066.39, 1168.31
1066.79, 1168.48
1067.19, 1168.65
1067.59, 1168.81
1067.99, 1168.98
1068.39, 1169.15
1068.79, 1169.31
1069.18, 1169.48
1069.58, 1169.64
1069.97, 1169.81
1070.37, 1169.97
1070.76, 1170.14
1071.14, 1170.3
1071.53, 1170.46
1071.92, 1170.62
1072.3, 1170.78
1072.68, 1170.94
1073.06, 1171.1
1073.44, 1171.26
1073.82, 1171.42
1074.2, 1171.58

waypoints
x, y
1040.2, 1157.53
1040.47, 1157.63
1040.75, 1157.75
1041.04, 1157.87
1041.35, 1157.99
1041.67, 1158.12
1042, 1158.26
1042.34, 1158.4
1042.69, 1158.54
1043.06, 1158.69
1043.43, 1158.84
1043.82, 1159
1044.22, 1159.16
1044.62, 1159.33
1045.03, 1159.5
1045.45, 1159.67
1045.87, 1159.84
1046.3, 1160.02
1046.73, 1160.19
1047.17, 1160.37
1047.61, 1160.55
1048.05, 1160.73
1048.48, 1160.91
1048.92, 1161.09
1049.36, 1161.26
1049.79, 1161.44
1050.22, 1161.62
1050.65, 1161.79
1051.07, 1161.96
1051.48, 1162.13
1051.89, 1162.3
1052.3, 1162.46
1052.7, 1162.63
1053.09, 1162.79
1053.47, 1162.94
1053.85, 1163.1
1054.23, 1163.25
1054.6, 1163.4
1054.96, 1163.55
1055.32, 1163.7
1055.68, 1163.84
1056.01, 1163.98
1056.34, 1164.12
1056.68, 1164.25
1057.06, 1164.41
1057.4, 1164.55
1057.74, 1164.69
1058.08, 1164.84
1058.43, 1164.98
1058.78, 1165.13
1059.13, 1165.28
1059.48, 1165.42
1059.84, 1165.57
1060.2, 1165.72
1060.57, 1165.88
1060.94, 1166.03
1061.31, 1166.19
1061.69, 1166.35
1062.07, 1166.51
1062.45, 1166.66
1062.84, 1166.83
1063.23, 1166.99
1063.62, 1167.15
1064.01, 1167.32
1064.4, 1167.48
1064.8, 1167.65
1065.2, 1167.81
1065.6, 1167.98
1065.99, 1168.15
1066.39, 1168.31
1066.79, 1168.48
1067.19, 1168.65
1067.59, 1168.81
1067.99, 1168.98
1068.39, 1169.15
1068.79, 1169.31
1069.18, 1169.48
1069.58, 1169.64
1069.97, 1169.81
1070.37, 1169.97
1070.76, 1170.14
1071.14, 1170.3
1071.53, 1170.46
1071.92, 1170.62
1072.3, 1170.78
1072.68, 1170.94
1073.06, 1171.1
1073.44, 1171.26
1073.82, 1171.42
1074.2, 1171.58

waypoints
x, y
1041.35, 1157.99
1041.67, 1158.12
1042, 1158.26
1042.34, 1158.4
1042.69, 1158.54
1043.06, 1158.69
1043.43, 1158.84
1043.82, 1159
1044.22, 1159.16
1044.62, 1159.33
1045.03, 1159.5
1045.45, 1159.67
1045.87, 1159.84
1046.3, 1160.02
1046.73, 1160.19
1047.17, 1160.37
1047.61, 1160.55
1048.05, 1160.73
1048.48, 1160.91
1048.92, 1161.09
1049.36, 1161.26
1049.79, 1161.44
1050.22, 1161.62
1050.65, 1161.79
1051.07, 1161.96
1051.48, 1162.13
1051.89, 1162.3
1052.3, 1162.46
1052.7, 1162.63
1053.09, 1162.79
1053.47, 1162.94
1053.85, 1163.1
1054.23, 1163.25
1054.6, 1163.4
1054.96, 1163.55
1055.32, 1163.7
1055.68, 1163.84
1056.01, 1163.98
1056.34, 1164.12
1056.68, 1164.25
1057.06, 1164.41
1057.4, 1164.55
1057.74, 1164.69
1058.08, 1164.84
1058.43, 1164.98
1058.78, 1165.13
1059.13, 1165.28
1059.48, 1165.42
1059.84, 1165.57
1060.2, 1165.72
1060.57, 1165.88
1060.94, 1166.03
1061.31, 1166.19
1061.69, 1166.35
1062.07, 1166.51
1062.45, 1166.66
1062.84, 1166.83
1063.23, 1166.99
1063.62, 1167.15
1064.01, 1167.32
1064.4, 1167.48
1064.8, 1167.65
1065.2, 1167.81
1065.6, 1167.98
1065.99, 1168.15
1066.39, 1168.31
1066.79, 1168.48
1067.19, 1168.65
1067.59, 1168.81
1067.99, 1168.98
1068.39, 1169.15
1068.79, 1169.31
1069.18, 1169.48
1069.58, 1169.64
1069.97, 1169.81
1070.37, 1169.97
1070.76, 1170.14
1071.14, 1170.3
1071.53, 1170.46
1071.92, 1170.62
1072.3, 1170.78
1072.68, 1170.94
1073.06, 1171.1
1073.44, 1171.26
1073.82, 1171.42
1074.2, 1171.58

waypoints
x, y
1042.69, 1158.54
1043.06, 1158.69
1043.43, 1158.84
1043.82, 1159
1044.22, 1159.16
1044.62, 1159.33
1045.03, 1159.5
1045.45, 1159.67
1045.87, 1159.84
1046.3, 1160.02
1046.73, 1160.19
1047.17, 1160.37
1047.61, 1160.55
1048.05, 1160.73
1048.48, 1160.91
1048.92, 1161.09
1049.36, 1161.26
1049.79, 1161.44
1050.22, 1161.62
1050.65, 1161.79
1051.07, 1161.96
1051.48, 1162.13
1051.89, 1162.3
1052.3, 1162.46
1052.7, 1162.63
1053.09, 1162.79
1053.47, 1162.94
1053.85, 1163.1
1054.23, 1163.25
1054.6, 1163.4
1054.96, 1163.55
1055.32, 1163.7
1055.68, 1163.84
1056.01, 1163.98
1056.34, 1164.12
1056.68, 1164.25
1057.06, 1164.41
1057.4, 1164.55
1057.74, 1164.69
1058.08, 1164.84
1058.43, 1164.98
1058.78, 1165.13
1059.13, 1165.28
1059.48, 1165.42
1059.84, 1165.57
1060.2, 1165.72
1060.57, 1165.88
1060.94, 1166.03
1061.31, 1166.19
1061.69, 1166.35
1062.07, 1166.51
1062.45, 1166.66
1062.84, 1166.83
1063.23, 1166.99
1063.62, 1167.15
1064.01, 1167.32
1064.4, 1167.48
1064.8, 1167.65
1065.2, 1167.81
1065.6, 1167.98
1065.99, 1168.15
1066.39, 1168.31
1066.79, 1168.48
1067.19, 1168.65
1067.59, 1168.81
1067.99, 1168.98
1068.39, 1169.15
1068.79, 1169.31
1069.18, 1169.48
1069.58, 1169.64
1069.97, 1169.81
1070.37, 1169.97
1070.76, 1170.14
1071.14, 1170.3
1071.53, 1170.46
1071.92, 1170.62
1072.3, 1170.78
1072.68, 1170.94
1073.06, 1171.1
1073.44, 1171.26
1073.82, 1171.42
1074.2, 1171.58

waypoints
x, y
1044.22, 1159.16
1044.62, 1159.33
1045.03, 1159.5
1045.45, 1159.67
1045.87, 1159.84
1046.3, 1160.02
1046.73, 1160.19
1047.17, 1160.37
1047.61, 1160.55
1048.05, 1160.73
1048.48, 1160.91
1048.92, 1161.09
1049.36, 1161.26
1049.79, 1161.44
1050.22, 1161.62
1050.65, 1161.79
1051.07, 1161.96
1051.48, 1162.13
1051.89, 1162.3
1052.3, 1162.46
1052.7, 1162.63
1053.09, 1162.79
1053.47, 1162.94
1053.85, 1163.1
1054.23, 1163.25
1054.6, 1163.4
1054.96, 1163.55
1055.32, 1163.7
1055.68, 1163.84
1056.01, 1163.98
1056.34, 1164.12
1056.68, 1164.25
1057.06, 1164.41
1057.4, 1164.55
1057.74, 1164.69
1058.08, 1164.84
1058.43, 1164.98
1058.78, 1165.13
1059.13, 1165.28
1059.48, 1165.42
1059.84, 1165.57
1060.2, 1165.72
1060.57, 1165.88
1060.94, 1166.03
1061.31, 1166.19
1061.69, 1166.35
1062.07, 1166.51
1062.45, 1166.66
1062.84, 1166.83
1063.23, 1166.99
1063.62, 1167.15
1064.01, 1167.32
1064.4, 1167.48
1064.8, 1167.65
1065.2, 1167.81
1065.6, 1167.98
1065.99, 1168.15
1066.39, 1168.31
1066.79, 1168.48
1067.19, 1168.65
1067.59, 1168.81
1067.99, 1168.98
1068.39, 1169.15
1068.79, 1169.31
1069.18, 1169.48
1069.58, 1169.64
1069.97, 1169.81
1070.37, 1169.97
1070.76, 1170.14
1071.14, 1170.3
1071.53, 1170.46
1071.92, 1170.62
1072.3, 1170.78
1072.68, 1170.94
1073.06, 1171.1
1073.44, 1171.26
1073.82, 1171.42
1074.2, 1171.58

waypoints
x, y
1045.87, 1159.84
1046.3, 1160.02
1046.73, 1160.19
1047.17, 1160.37
1047.61, 1160.55
1048.05, 1160.73
1048.48, 1160.91
1048.92, 1161.09
1049.36, 1161.26
1049.79, 1161.44
1050.22, 1161.62
1050.65, 1161.79
1051.07, 1161.96
1051.48, 1162.13
1051.89, 1162.3
1052.3, 1162.46
1052.7, 1162.63
1053.09, 1162.79
1053.47, 1162.94
1053.85, 1163.1
1054.23, 1163.25
1054.6, 1163.4
1054.96, 1163.55
1055.32, 1163.7
1055.68, 1163.84
1056.01, 1163.98
1056.34, 1164.12
1056.68, 1164.25
1057.06, 1164.41
1057.4, 1164.55
1057.74, 1164.69
1058.08, 1164.84
1058.43, 1164.98
1058.78, 1165.13
1059.13, 1165.28
1059.48, 1165.42
1059.84, 1165.57
1060.2, 1165.72
1060.57, 1165.88
1060.94, 1166.03
1061.31, 1166.19
1061.69, 1166.35
1062.07, 1166.51
1062.45, 1166.66
1062.84, 1166.83
1063.23, 1166.99
1063.62, 1167.15
1064.01, 1167.32
1064.4, 1167.48
1064.8, 1167.65
1065.2, 1167.81
1065.6, 1167.98
1065.99, 1168.15
1066.39, 1168.31
1066.79, 1168.48
1067.19, 1168.65
1067.59, 1168.81
1067.99, 1168.98
1068.39, 1169.15
1068.79, 1169.31
1069.18, 1169.48
1069.58, 1169.64
1069.97, 1169.81
1070.37, 1169.97
1070.76, 1170.14
1071.14, 1170.3
1071.53, 1170.46
1071.92, 1170.62
1072.3, 1170.78
1072.68, 1170.94
1073.06, 1171.1
1073.44, 1171.26
1073.82, 1171.42
1074.2, 1171.58

waypoints
x, y
1047.61, 1160.55
1048.05, 1160.73
1048.48, 1160.91
1048.92, 1161.09
1049.36, 1161.26
1049.79, 1161.44
1050.22, 1161.62
1050.65, 1161.79
1051.07, 1161.96
1051.48, 1162.13
1051.89, 1162.3
1052.3, 1162.46
1052.7, 1162.63
1053.09, 1162.79
1053.47, 1162.94
1053.85, 1163.1
1054.23, 1163.25
1054.6, 1163.4
1054.96, 1163.55
1055.32, 1163.7
1055.68, 1163.84
1056.01, 1163.98
1056.34, 1164.12
1056.68, 1164.25
1057.06, 1164.41
1057.4, 1164.55
1057.74, 1164.69
1058.08, 1164.84
1058.43, 1164.98
1058.78, 1165.13
1059.13, 1165.28
1059.48, 1165.42
1059.84, 1165.57
1060.2, 1165.72
1060.57, 1165.88
1060.94, 1166.03
1061.31, 1166.19
1061.69, 1166.35
1062.07, 1166.51
1062.45, 1166.66
1062.84, 1166.83
1063.23, 1166.99
1063.62, 1167.15
1064.01, 1167.32
1064.4, 1167.48
1064.8, 1167.65
1065.2, 1167.81
1065.6, 1167.98
1065.99, 1168.15
1066.39, 1168.31
1066.79, 1168.48
1067.19, 1168.65
1067.59, 1168.81
1067.99, 1168.98
1068.39, 1169.15
1068.79, 1169.31
1069.18, 1169.48
1069.58, 1169.64
1069.97, 1169.81
1070.37, 1169.97
1070.76, 1170.14
1071.14, 1170.3
1071.53, 1170.46
1071.92, 1170.62
1072.3, 1170.78
1072.68, 1170.94
1073.06, 1171.1
1073.44, 1171.26
1073.82, 1171.42
1074.2, 1171.58

waypoints
x, y
1049.36, 1161.26
1049.79, 1161.44
1050.22, 1161.62
1050.65, 1161.79
1051.07, 1161.96
1051.48, 1162.13
1051.89, 1162.3
1052.3, 1162.46
1052.7, 1162.63
1053.09, 1162.79
1053.47, 1162.94
1053.85, 1163.1
1054.23, 1163.25
1054.6, 1163.4
1054.96, 1163.55
1055.32, 1163.7
1055.68, 1163.84
1056.01, 1163.98
1056.34, 1164.12
1056.68, 1164.25
1057.06, 1164.41
1057.4, 1164.55
1057.74, 1164.69
1058.08, 1164.84
1058.43, 1164.98
1058.78, 1165.13
1059.13, 1165.28
1059.48, 1165.42
1059.84, 1165.57
1060.2, 1165.72
1060.57, 1165.88
1060.94, 1166.03
1061.31, 1166.19
1061.69, 1166.35
1062.07, 1166.51
1062.45, 1166.66
1062.84, 1166.83
1063.23, 1166.99
1063.62, 1167.15
1064.01, 1167.32
1064.4, 1167.48
1064.8, 1167.65
1065.2, 1167.81
1065.6, 1167.98
1065.99, 1168.15
1066.39, 1168.31
1066.79, 1168.48
1067.19, 1168.65
1067.59, 1168.81
1067.99, 1168.98
1068.39, 1169.15
1068.79, 1169.31
1069.18, 1169.48
1069.58, 1169.64
1069.97, 1169.81
1070.37, 1169.97
1070.76, 1170.14
1071.14, 1170.3
1071.53, 1170.46
1071.92, 1170.62
1072.3, 1170.78
1072.68, 1170.94
1073.06, 1171.1
1073.44, 1171.26
1073.82, 1171.42
1074.2, 1171.58

waypoints
x, y
1051.07, 1161.96
1051.48, 1162.13
1051.89, 1162.3
1052.3, 1162.46
1052.7, 1162.63
1053.09, 1162.79
1053.47, 1162.94
1053.85, 1163.1
1054.23, 1163.25
1054.6, 1163.4
1054.96, 1163.55
1055.32, 1163.7
1055.68, 1163.84
1056.01, 1163.98
1056.34, 1164.12
1056.68, 1164.25
1057.06, 1164.41
1057.4, 1164.55
1057.74, 1164.69
1058.08, 1164.84
1058.43, 1164.98
1058.78, 1165.13
1059.13, 1165.28
1059.48, 1165.42
1059.84, 1165.57
1060.2, 1165.72
1060.57, 1165.88
1060.94, 1166.03
1061.31, 1166.19
1061.69, 1166.35
1062.07, 1166.51
1062.45, 1166.66
1062.84, 1166.83
1063.23, 1166.99
1063.62, 1167.15
1064.01, 1167.32
1064.4, 1167.48
1064.8, 1167.65
1065.2, 1167.81
1065.6, 1167.98
1065.99, 1168.15
1066.39, 1168.31
1066.79, 1168.48
1067.19, 1168.65
1067.59, 1168.81
1067.99, 1168.98
1068.39, 1169.15
1068.79, 1169.31
1069.18, 1169.48
1069.58, 1169.64
1069.97, 1169.81
1070.37, 1169.97
1070.76, 1170.14
1071.14, 1170.3
1071.53, 1170.46
1071.92, 1170.62
1072.3, 1170.78
1072.68, 1170.94
1073.06, 1171.1
1073.44, 1171.26
1073.82, 1171.42
1074.2, 1171.58

waypoints
x, y
1052.7, 1162.63
1053.09, 1162.79
1053.47, 1162.94
1053.85, 1163.1
1054.23, 1163.25
1054.6, 1163.4
1054.96, 1163.55
1055.32, 1163.7
1055.68, 1163.84
1056.01, 1163.98
1056.34, 1164.12
1056.68, 1164.25
1057.06, 1164.41
1057.4, 1164.55
1057.74, 1164.69
1058.08, 1164.84
1058.43, 1164.98
1058.78, 1165.13
1059.13, 1165.28
1059.48, 1165.42
1059.84, 1165.57
1060.2, 1165.72
1060.57, 1165.88
1060.94, 1166.03
1061.31, 1166.19
1061.69, 1166.35
1062.07, 1166.51
1062.45, 1166.66
1062.84, 1166.83
1063.23, 1166.99
1063.62, 1167.15
1064.01, 1167.32
1064.4, 1167.48
1064.8, 1167.65
1065.2, 1167.81
1065.6, 1167.98
1065.99, 1168.15
1066.39, 1168.31
1066.79, 1168.48
1067.19, 1168.65
1067.59, 1168.81
1067.99, 1168.98
1068.39, 1169.15
1068.79, 1169.31
1069.18, 1169.48
1069.58, 1169.64
1069.97, 1169.81
1070.37, 1169.97
1070.76, 1170.14
1071.14, 1170.3
1071.53, 1170.46
1071.92, 1170.62
1072.3, 1170.78
1072.68, 1170.94
1073.06, 1171.1
1073.44, 1171.26
1073.82, 1171.42
1074.2, 1171.58

waypoints
x, y
1054.23, 1163.25
1054.6, 1163.4
1054.96, 1163.55
1055.32, 1163.7
1055.68, 1163.84
1056.01, 1163.98
1056.34, 1164.12
1056.68, 1164.25
1057.06, 1164.41
1057.4, 1164.55
1057.74, 1164.69
1058.08, 1164.84
1058.43, 1164.98
1058.78, 1165.13
1059.13, 1165.28
1059.48, 1165.42
1059.84, 1165.57
1060.2, 1165.72
1060.57, 1165.88
1060.94, 1166.03
1061.31, 1166.19
1061.69, 1166.35
1062.07, 1166.51
1062.45, 1166.66
1062.84, 1166.83
1063.23, 1166.99
1063.62, 1167.15
1064.01, 1167.32
1064.4, 1167.48
1064.8, 1167.65
1065.2, 1167.81
1065.6, 1167.98
1065.99, 1168.15
1066.39, 1168.31
1066.79, 1168.48
1067.19, 1168.65
1067.59, 1168.81
1067.99, 1168.98
1068.39, 1169.15
1068.79, 1169.31
1069.18, 1169.48
1069.58, 1169.64
1069.97, 1169.81
1070.37, 1169.97
1070.76, 1170.14
1071.14, 1170.3
1071.53, 1170.46
1071.92, 1170.62
1072.3, 1170.78
1072.68, 1170.94
1073.06, 1171.1
1073.44, 1171.26
1073.82, 1171.42
1074.2, 1171.58

waypoints
x, y
1055.68, 1163.84
1056.01, 1163.98
1056.34, 1164.12
1056.68, 1164.25
1057.06, 1164.41
1057.4, 1164.55
1057.74, 1164.69
1058.08, 1164.84
1058.43, 1164.98
1058.78, 1165.13
1059.13, 1165.28
1059.48, 1165.42
1059.84, 1165.57
1060.2, 1165.72
1060.57, 1165.88
1060.94, 1166.03
1061.31, 1166.19
1061.69, 1166.35
1062.07, 1166.51
1062.45, 1166.66
1062.84, 1166.83
1063.23, 1166.99
1063.62, 1167.15
1064.01, 1167.32
1064.4, 1167.48
1064.8, 1167.65
1065.2, 1167.81
1065.6, 1167.98
1065.99, 1168.15
1066.39, 1168.31
1066.79, 1168.48
1067.19, 1168.65
1067.59, 1168.81
1067.99, 1168.98
1068.39, 1169.15
1068.79, 1169.31
1069.18, 1169.48
1069.58, 1169.64
1069.97, 1169.81
1070.37, 1169.97
1070.76, 1170.14
1071.14, 1170.3
1071.53, 1170.46
1071.92, 1170.62
1072.3, 1170.78
1072.68, 1170.94
1073.06, 1171.1
1073.44, 1171.26
1073.82, 1171.42
1074.2, 1171.58

waypoints
x, y
1057.06, 1164.41
1057.4, 1164.55
1057.74, 1164.69
1058.08, 1164.84
1058.43, 1164.98
1058.78, 1165.13
1059.13, 1165.28
1059.48, 1165.42
1059.84, 1165.57
1060.2, 1165.72
1060.57, 1165.88
1060.94, 1166.03
1061.31, 1166.19
1061.69, 1166.35
1062.07, 1166.51
1062.45, 1166.66
1062.84, 1166.83
1063.23, 1166.99
1063.62, 1167.15
1064.01, 1167.32
1064.4, 1167.48
1064.8, 1167.65
1065.2, 1167.81
1065.6, 1167.98
1065.99, 1168.15
1066.39, 1168.31
1066.79, 1168.48
1067.19, 1168.65
1067.59, 1168.81
1067.99, 1168.98
1068.39, 1169.15
1068.79, 1169.31
1069.18, 1169.48
1069.58, 1169.64
1069.97, 1169.81
1070.37, 1169.97
1070.76, 1170.14
1071.14, 1170.3
1071.53, 1170.46
1071.92, 1170.62
1072.3, 1170.78
1072.68, 1170.94
1073.06, 1171.1
1073.44, 1171.26
1073.82, 1171.42
1074.2, 1171.58
1074.53, 1171.72
1074.87, 1171.86
1075.2, 1172
1075.54, 1172.14
1075.88, 1172.28
1076.23, 1172.43
1076.58, 1172.57
1076.93, 1172.72
1077.29, 1172.87
1077.65, 1173.02
1078.02, 1173.17
1078.39, 1173.33
1078.77, 1173.49
1079.15, 1173.65
1079.54, 1173.81
1079.93, 1173.97
1080.32, 1174.14
1080.72, 1174.31
1081.13, 1174.48
1080.67, 1174.36
1081.11, 1174.47
1081.55, 1174.58
1081.99, 1174.68
1082.43, 1174.8
1082.88, 1174.91
1083.32, 1175.02
1083.77, 1175.13
1084.22, 1175.24
1084.68, 1175.35
1085.13, 1175.47
1085.58, 1175.58
1086.03, 1175.69
1086.48, 1175.8
1086.93, 1175.91
1087.38, 1176.03
1087.83, 1176.14
1088.27, 1176.25
1088.71, 1176.36
1089.15, 1176.47
1089.59, 1176.58
1090.03, 1176.68
1090.46, 1176.79
1090.89, 1176.9
1091.32, 1177.01
1091.74, 1177.11
1092.17, 1177.22
1092.59, 1177.32
1093.01, 1177.43
1093.43, 1177.53

waypoints
x, y
1058.43, 1164.98
1058.78, 1165.13
1059.13, 1165.28
1059.48, 1165.42
1059.84, 1165.57
1060.2, 1165.72
1060.57, 1165.88
1060.94, 1166.03
1061.31, 1166.19
1061.69, 1166.35
1062.07, 1166.51
1062.45, 1166.66
1062.84, 1166.83
1063.23, 1166.99
1063.62, 1167.15
1064.01, 1167.32
1064.4, 1167.48
1064.8, 1167.65
1065.2, 1167.81
1065.6, 1167.98
1065.99, 1168.15
1066.39, 1168.31
1066.79, 1168.48
1067.19, 1168.65
1067.59, 1168.81
1067.99, 1168.98
1068.39, 1169.15
1068.79, 1169.31
1069.18, 1169.48
1069.58, 1169.64
1069.97, 1169.81
1070.37, 1169.97
1070.76, 1170.14
1071.14, 1170.3
1071.53, 1170.46
1071.92, 1170.62
1072.3, 1170.78
1072.68, 1170.94
1073.06, 1171.1
1073.44, 1171.26
1073.82, 1171.42
1074.2, 1171.58
1074.53, 1171.72
1074.87, 1171.86
1075.2, 1172
1075.54, 1172.14
1075.88, 1172.28
1076.23, 1172.42
1076.58, 1172.57
1076.93, 1172.72
1077.29, 1172.87
1077.65, 1173.02
1078.02, 1173.17
1078.39, 1173.33
1078.77, 1173.49
1079.15, 1173.65
1079.54, 1173.81
1079.93, 1173.97
1080.32, 1174.14
1080.72, 1174.31
1081.13, 1174.47
1080.67, 1174.36
1081.11, 1174.47
1081.55, 1174.58
1081.99, 1174.68
1082.43, 1174.8
1082.88, 1174.91
1083.32, 1175.02
1083.77, 1175.13
1084.22, 1175.24
1084.68, 1175.35
1085.13, 1175.47
1085.58, 1175.58
1086.03, 1175.69
1086.48, 1175.8
1086.93, 1175.91
1087.38, 1176.03
1087.83, 1176.14
1088.27, 1176.25
1088.71, 1176.36
1089.15, 1176.47
1089.59, 1176.58
1090.03, 1176.68
1090.46, 1176.79
1090.89, 1176.9
1091.32, 1177.01
1091.74, 1177.11
1092.17, 1177.22
1092.59, 1177.32
1093.01, 1177.43
1093.42, 1177.53

waypoints
x, y
1059.84, 1165.57
1060.2, 1165.72
1060.57, 1165.88
1060.94, 1166.03
1061.31, 1166.19
1061.69, 1166.35
1062.07, 1166.51
1062.45, 1166.66
1062.84, 1166.83
1063.23, 1166.99
1063.62, 1167.15
1064.01, 1167.32
1064.4, 1167.48
1064.8, 1167.65
1065.2, 1167.81
1065.6, 1167.98
1065.99, 1168.15
1066.39, 1168.31
1066.79, 1168.48
1067.19, 1168.65
1067.59, 1168.81
1067.99, 1168.98
1068.39, 1169.15
1068.79, 1169.31
1069.18, 1169.48
1069.58, 1169.64
1069.97, 1169.81
1070.37, 1169.97
1070.76, 1170.14
1071.14, 1170.3
1071.53, 1170.46
1071.92, 1170.62
1072.3, 1170.78
1072.68, 1170.94
1073.06, 1171.1
1073.44, 1171.26
1073.82, 1171.42
1074.2, 1171.58
1074.53, 1171.72
1074.87, 1171.86
1075.2, 1172
1075.54, 1172.14
1075.88, 1172.28
1076.23, 1172.42
1076.58, 1172.57
1076.93, 1172.72
1077.29, 1172.87
1077.65, 1173.02
1078.02, 1173.17
1078.39, 1173.33
1078.77, 1173.49
1079.15, 1173.65
1079.54, 1173.81
1079.93, 1173.97
1080.32, 1174.14
1080.72, 1174.31
1081.13, 1174.47
1080.67, 1174.36
1081.11, 1174.47
1081.55, 1174.58
1081.99, 1174.68
1082.43, 1174.8
1082.88, 1174.91
1083.32, 1175.02
1083.77, 1175.13
1084.22, 1175.24
1084.68, 1175.35
1085.13, 1175.47
1085.58, 1175.58
1086.03, 1175.69
1086.48, 1175.8
1086.93, 1175.91
1087.38, 1176.03
1087.83, 1176.14
1088.27, 1176.25
1088.71, 1176.36
1089.15, 1176.47
1089.59, 1176.58
1090.03, 1176.68
1090.46, 1176.79
1090.89, 1176.9
1091.32, 1177.01
1091.74, 1177.11
1092.17, 1177.22
1092.59, 1177.32
1093.01, 1177.43
1093.42, 1177.53

waypoints
x, y
1060.94, 1166.03
1061.31, 1166.19
1061.69, 1166.35
1062.07, 1166.51
1062.45, 1166.66
1062.84, 1166.83
1063.23, 1166.99
1063.62, 1167.15
1064.01, 1167.32
1064.4, 1167.48
1064.8, 1167.65
1065.2, 1167.81
1065.6, 1167.98
1065.99, 1168.15
1066.39, 1168.31
1066.79, 1168.48
1067.19, 1168.65
1067.59, 1168.81
1067.99, 1168.98
1068.39, 1169.15
1068.79, 1169.31
1069.18, 1169.48
1069.58, 1169.64
1069.97, 1169.81
1070.37, 1169.97
1070.76, 1170.14
1071.14, 1170.3
1071.53, 1170.46
1071.92, 1170.62
1072.3, 1170.78
1072.68, 1170.94
1073.06, 1171.1
1073.44, 1171.26
1073.82, 1171.42
1074.2, 1171.58
1074.53, 1171.72
1074.87, 1171.86
1075.2, 1172
1075.54, 1172.14
1075.88, 1172.28
1076.23, 1172.42
1076.58, 1172.57
1076.93, 1172.72
1077.29, 1172.87
1077.65, 1173.02
1078.02, 1173.17
1078.39, 1173.33
1078.77, 1173.49
1079.15, 1173.65
1079.54, 1173.81
1079.93, 1173.97
1080.32, 1174.14
1080.72, 1174.31
1081.13, 1174.47
1080.67, 1174.36
1081.11, 1174.47
1081.55, 1174.58
1081.99, 1174.68
1082.43, 1174.8
1082.88, 1174.91
1083.32, 1175.02
1083.77, 1175.13
1084.22, 1175.24
1084.68, 1175.35
1085.13, 1175.47
1085.58, 1175.58
1086.03, 1175.69
1086.48, 1175.8
1086.93, 1175.91
1087.38, 1176.03
1087.83, 1176.14
1088.27, 1176.25
1088.71, 1176.36
1089.15, 1176.47
1089.59, 1176.58
1090.03, 1176.68
1090.46, 1176.79
1090.89, 1176.9
1091.32, 1177.01
1091.74, 1177.11
1092.17, 1177.22
1092.59, 1177.32
1093.01, 1177.43
1093.42, 1177.53

waypoints
x, y
1062.45, 1166.66
1062.84, 1166.83
1063.23, 1166.99
1063.62, 1167.15
1064.01, 1167.32
1064.4, 1167.48
1064.8, 1167.65
1065.2, 1167.81
1065.6, 1167.98
1065.99, 1168.15
1066.39, 1168.31
1066.79, 1168.48
1067.19, 1168.65
1067.59, 1168.81
1067.99, 1168.98
1068.39, 1169.15
1068.79, 1169.31
1069.18, 1169.48
1069.58, 1169.64
1069.97, 1169.81
1070.37, 1169.97
1070.76, 1170.14
1071.14, 1170.3
1071.53, 1170.46
1071.92, 1170.62
1072.3, 1170.78
1072.68, 1170.94
1073.06, 1171.1
1073.44, 1171.26
1073.82, 1171.42
1074.2, 1171.58
1074.53, 1171.72
1074.87, 1171.86
1075.2, 1172
1075.54, 1172.14
1075.88, 1172.28
1076.23, 1172.42
1076.58, 1172.57
1076.93, 1172.72
1077.29, 1172.87
1077.65, 1173.02
1078.02, 1173.17
1078.39, 1173.33
1078.77, 1173.49
1079.15, 1173.65
1079.54, 1173.81
1079.93, 1173.97
1080.32, 1174.14
1080.72, 1174.31
1081.13, 1174.47
1080.67, 1174.36
1081.11, 1174.47
1081.55, 1174.58
1081.99, 1174.68
1082.43, 1174.8
1082.88, 1174.91
1083.32, 1175.02
1083.77, 1175.13
1084.22, 1175.24
1084.68, 1175.35
1085.13, 1175.47
1085.58, 1175.58
1086.03, 1175.69
1086.48, 1175.8
1086.93, 1175.91
1087.38, 1176.03
1087.83, 1176.14
1088.27, 1176.25
1088.71, 1176.36
1089.15, 1176.47
1089.59, 1176.58
1090.03, 1176.68
1090.46, 1176.79
1090.89, 1176.9
1091.32, 1177.01
1091.74, 1177.11
1092.17, 1177.22
1092.59, 1177.32
1093.01, 1177.43
1093.42, 1177.53

waypoints
x, y
1064.01, 1167.32
1064.4, 1167.48
1064.8, 1167.65
1065.2, 1167.81
1065.6, 1167.98
1065.99, 1168.15
1066.39, 1168.31
1066.79, 1168.48
1067.19, 1168.65
1067.59, 1168.81
1067.99, 1168.98
1068.39, 1169.15
1068.79, 1169.31
1069.18, 1169.48
1069.58, 1169.64
1069.97, 1169.81
1070.37, 1169.97
1070.76, 1170.14
1071.14, 1170.3
1071.53, 1170.46
1071.92, 1170.62
1072.3, 1170.78
1072.68, 1170.94
1073.06, 1171.1
1073.44, 1171.26
1073.82, 1171.42
1074.2, 1171.58
1074.53, 1171.72
1074.87, 1171.86
1075.2, 1172
1075.54, 1172.14
1075.88, 1172.28
1076.23, 1172.42
1076.58, 1172.57
1076.93, 1172.72
1077.29, 1172.87
1077.65, 1173.02
1078.02, 1173.17
1078.39, 1173.33
1078.77, 1173.49
1079.15, 1173.65
1079.54, 1173.81
1079.93, 1173.97
1080.32, 1174.14
1080.72, 1174.31
1081.13, 1174.47
1080.67, 1174.36
1081.11, 1174.47
1081.55, 1174.58
1081.99, 1174.68
1082.43, 1174.8
1082.88, 1174.91
1083.32, 1175.02
1083.77, 1175.13
1084.22, 1175.24
1084.68, 1175.35
1085.13, 1175.47
1085.58, 1175.58
1086.03, 1175.69
1086.48, 1175.8
1086.93, 1175.91
1087.38, 1176.03
1087.83, 1176.14
1088.27, 1176.25
1088.71, 1176.36
1089.15, 1176.47
1089.59, 1176.58
1090.03, 1176.68
1090.46, 1176.79
1090.89, 1176.9
1091.32, 1177.01
1091.74, 1177.11
1092.17, 1177.22
1092.59, 1177.32
1093.01, 1177.43
1093.42, 1177.53

waypoints
x, y
1065.6, 1167.98
1065.99, 1168.15
1066.39, 1168.31
1066.79, 1168.48
1067.19, 1168.65
1067.59, 1168.81
1067.99, 1168.98
1068.39, 1169.15
1068.79, 1169.31
1069.18, 1169.48
1069.58, 1169.64
1069.97, 1169.81
1070.37, 1169.97
1070.76, 1170.14
1071.14, 1170.3
1071.53, 1170.46
1071.92, 1170.62
1072.3, 1170.78
1072.68, 1170.94
1073.06, 1171.1
1073.44, 1171.26
1073.82, 1171.42
1074.2, 1171.58
1074.53, 1171.72
1074.87, 1171.86
1075.2, 1172
1075.54, 1172.14
1075.88, 1172.28
1076.23, 1172.42
1076.58, 1172.57
1076.93, 1172.72
1077.29, 1172.87
1077.65, 1173.02
1078.02, 1173.17
1078.39, 1173.33
1078.77, 1173.49
1079.15, 1173.65
1079.54, 1173.81
1079.93, 1173.97
1080.32, 1174.14
1080.72, 1174.31
1081.13, 1174.47
1080.67, 1174.36
1081.11, 1174.47
1081.55, 1174.58
1081.99, 1174.68
1082.43, 1174.8
1082.88, 1174.91
1083.32, 1175.02
1083.77, 1175.13
1084.22, 1175.24
1084.68, 1175.35
1085.13, 1175.47
1085.58, 1175.58
1086.03, 1175.69
1086.48, 1175.8
1086.93, 1175.91
1087.38, 1176.03
1087.83, 1176.14
1088.27, 1176.25
1088.71, 1176.36
1089.15, 1176.47
1089.59, 1176.58
1090.03, 1176.68
1090.46, 1176.79
1090.89, 1176.9
1091.32, 1177.01
1091.74, 1177.11
1092.17, 1177.22
1092.59, 1177.32
1093.01, 1177.43
1093.42, 1177.53

waypoints
x, y
1067.19, 1168.65
1067.59, 1168.81
1067.99, 1168.98
1068.39, 1169.15
1068.79, 1169.31
1069.18, 1169.48
1069.58, 1169.64
1069.97, 1169.81
1070.37, 1169.97
1070.76, 1170.14
1071.14, 1170.3
1071.53, 1170.46
1071.92, 1170.62
1072.3, 1170.78
1072.68, 1170.94
1073.06, 1171.1
1073.44, 1171.26
1073.82, 1171.42
1074.2, 1171.58
1074.53, 1171.72
1074.87, 1171.86
1075.2, 1172
1075.54, 1172.14
1075.88, 1172.28
1076.23, 1172.42
1076.58, 1172.57
1076.93, 1172.72
1077.29, 1172.87
1077.65, 1173.02
1078.02, 1173.17
1078.39, 1173.33
1078.77, 1173.49
1079.15, 1173.65
1079.54, 1173.81
1079.93, 1173.97
1080.32, 1174.14
1080.72, 1174.31
1081.13, 1174.47
1080.67, 1174.36
1081.11, 1174.47
1081.55, 1174.58
1081.99, 1174.68
1082.43, 1174.8
1082.88, 1174.91
1083.32, 1175.02
1083.77, 1175.13
1084.22, 1175.24
1084.68, 1175.35
1085.13, 1175.47
1085.58, 1175.58
1086.03, 1175.69
1086.48, 1175.8
1086.93, 1175.91
1087.38, 1176.03
1087.83, 1176.14
1088.27, 1176.25
1088.71, 1176.36
1089.15, 1176.47
1089.59, 1176.58
1090.03, 1176.68
1090.46, 1176.79
1090.89, 1176.9
1091.32, 1177.01
1091.74, 1177.11
1092.17, 1177.22
1092.59, 1177.32
1093.01, 1177.43
1093.42, 1177.53

waypoints
x, y
1068.39, 1169.15
1068.79, 1169.31
1069.18, 1169.48
1069.58, 1169.64
1069.97, 1169.81
1070.37, 1169.97
1070.76, 1170.14
1071.14, 1170.3
1071.53, 1170.46
1071.92, 1170.62
1072.3, 1170.78
1072.68, 1170.94
1073.06, 1171.1
1073.44, 1171.26
1073.82, 1171.42
1074.2, 1171.58
1074.53, 1171.72
1074.87, 1171.86
1075.2, 1172
1075.54, 1172.14
1075.88, 1172.28
1076.23, 1172.42
1076.58, 1172.57
1076.93, 1172.72
1077.29, 1172.87
1077.65, 1173.02
1078.02, 1173.17
1078.39, 1173.33
1078.77, 1173.49
1079.15, 1173.65
1079.54, 1173.81
1079.93, 1173.97
1080.32, 1174.14
1080.72, 1174.31
1081.13, 1174.47
1080.67, 1174.36
1081.11, 1174.47
1081.55, 1174.58
1081.99, 1174.68
1082.43, 1174.8
1082.88, 1174.91
1083.32, 1175.02
1083.77, 1175.13
1084.22, 1175.24
1084.68, 1175.35
1085.13, 1175.47
1085.58, 1175.58
1086.03, 1175.69
1086.48, 1175.8
1086.93, 1175.91
1087.38, 1176.03
1087.83, 1176.14
1088.27, 1176.25
1088.71, 1176.36
1089.15, 1176.47
1089.59, 1176.58
1090.03, 1176.68
1090.46, 1176.79
1090.89, 1176.9
1091.32, 1177.01
1091.74, 1177.11
1092.17, 1177.22
1092.59, 1177.32
1093.01, 1177.43
1093.42, 1177.53

waypoints
x, y
1069.97, 1169.81
1070.37, 1169.97
1070.76, 1170.14
1071.14, 1170.3
1071.53, 1170.46
1071.92, 1170.62
1072.3, 1170.78
1072.68, 1170.94
1073.06, 1171.1
1073.44, 1171.26
1073.82, 1171.42
1074.2, 1171.58
1074.53, 1171.72
1074.87, 1171.86
1075.2, 1172
1075.54, 1172.14
1075.88, 1172.28
1076.23, 1172.42
1076.58, 1172.57
1076.93, 1172.72
1077.29, 1172.87
1077.65, 1173.02
1078.02, 1173.17
1078.39, 1173.33
1078.77, 1173.49
1079.15, 1173.65
1079.54, 1173.81
1079.93, 1173.97
1080.32, 1174.14
1080.72, 1174.31
1081.13, 1174.47
1080.67, 1174.36
1081.11, 1174.47
1081.55, 1174.58
1081.99, 1174.68
1082.43, 1174.8
1082.88, 1174.91
1083.32, 1175.02
1083.77, 1175.13
1084.22, 1175.24
1084.68, 1175.35
1085.13, 1175.47
1085.58, 1175.58
1086.03, 1175.69
1086.48, 1175.8
1086.93, 1175.91
1087.38, 1176.03
1087.83, 1176.14
1088.27, 1176.25
1088.71, 1176.36
1089.15, 1176.47
1089.59, 1176.58
1090.03, 1176.68
1090.46, 1176.79
1090.89, 1176.9
1091.32, 1177.01
1091.74, 1177.11
1092.17, 1177.22
1092.59, 1177.32
1093.01, 1177.43
1093.42, 1177.53

waypoints
x, y
1071.53, 1170.46
1071.92, 1170.62
1072.3, 1170.78
1072.68, 1170.94
1073.06, 1171.1
1073.44, 1171.26
1073.82, 1171.42
1074.2, 1171.58
1074.53, 1171.72
1074.87, 1171.86
1075.2, 1172
1075.54, 1172.14
1075.88, 1172.28
1076.23, 1172.42
1076.58, 1172.57
1076.93, 1172.72
1077.29, 1172.87
1077.65, 1173.02
1078.02, 1173.17
1078.39, 1173.33
1078.77, 1173.49
1079.15, 1173.65
1079.54, 1173.81
1079.93, 1173.97
1080.32, 1174.14
1080.72, 1174.31
1081.13, 1174.47
1080.67, 1174.36
1081.11, 1174.47
1081.55, 1174.58
1081.99, 1174.68
1082.43, 1174.8
1082.88, 1174.91
1083.32, 1175.02
1083.77, 1175.13
1084.22, 1175.24
1084.68, 1175.35
1085.13, 1175.47
1085.58, 1175.58
1086.03, 1175.69
1086.48, 1175.8
1086.93, 1175.91
1087.38, 1176.03
1087.83, 1176.14
1088.27, 1176.25
1088.71, 1176.36
1089.15, 1176.47
1089.59, 1176.58
1090.03, 1176.68
1090.46, 1176.79
1090.89, 1176.9
1091.32, 1177.01
1091.74, 1177.11
1092.17, 1177.22
1092.59, 1177.32
1093.01, 1177.43
1093.42, 1177.53

waypoints
x, y
1073.06, 1171.1
1073.44, 1171.26
1073.82, 1171.42
1074.2, 1171.58
1074.53, 1171.72
1074.87, 1171.86
1075.2, 1172
1075.54, 1172.14
1075.88, 1172.28
1076.23, 1172.42
1076.58, 1172.57
1076.93, 1172.72
1077.29, 1172.87
1077.65, 1173.02
1078.02, 1173.17
1078.39, 1173.33
1078.77, 1173.49
1079.15, 1173.65
1079.54, 1173.81
1079.93, 1173.97
1080.32, 1174.14
1080.72, 1174.31
1081.13, 1174.47
1080.67, 1174.36
1081.11, 1174.47
1081.55, 1174.58
1081.99, 1174.68
1082.43, 1174.8
1082.88, 1174.91
1083.32, 1175.02
1083.77, 1175.13
1084.22, 1175.24
1084.68, 1175.35
1085.13, 1175.47
1085.58, 1175.58
1086.03, 1175.69
1086.48, 1175.8
1086.93, 1175.91
1087.38, 1176.03
1087.83, 1176.14
1088.27, 1176.25
1088.71, 1176.36
1089.15, 1176.47
1089.59, 1176.58
1090.03, 1176.68
1090.46, 1176.79
1090.89, 1176.9
1091.32, 1177.01
1091.74, 1177.11
1092.17, 1177.22
1092.59, 1177.32
1093.01, 1177.43
1093.42, 1177.53

waypoints
x, y
1074.2, 1171.58
1074.53, 1171.72
1074.87, 1171.86
1075.2, 1172
1075.54, 1172.14
1075.88, 1172.28
1076.23, 1172.42
1076.58, 1172.57
1076.93, 1172.72
1077.29, 1172.87
1077.65, 1173.02
1078.02, 1173.17
1078.39, 1173.33
1078.77, 1173.49
1079.15, 1173.65
1079.54, 1173.81
1079.93, 1173.97
1080.32, 1174.14
1080.72, 1174.31
1081.13, 1174.47
1080.67, 1174.36
1081.11, 1174.47
1081.55, 1174.58
1081.99, 1174.68
1082.43, 1174.8
1082.88, 1174.91
1083.32, 1175.02
1083.77, 1175.13
1084.22, 1175.24
1084.68, 1175.35
1085.13, 1175.47
1085.58, 1175.58
1086.03, 1175.69
1086.48, 1175.8
1086.93, 1175.91
1087.38, 1176.03
1087.83, 1176.14
1088.27, 1176.25
1088.71, 1176.36
1089.15, 1176.47
1089.59, 1176.58
1090.03, 1176.68
1090.46, 1176.79
1090.89, 1176.9
1091.32, 1177.01
1091.74, 1177.11
1092.17, 1177.22
1092.59, 1177.32
1093.01, 1177.43
1093.42, 1177.53

waypoints
x, y
1075.54, 1172.14
1075.88, 1172.28
1076.23, 1172.42
1076.58, 1172.57
1076.93, 1172.72
1077.29, 1172.87
1077.65, 1173.02
1078.02, 1173.17
1078.39, 1173.33
1078.77, 1173.49
1079.15, 1173.65
1079.54, 1173.81
1079.93, 1173.97
1080.32, 1174.14
1080.72, 1174.31
1081.13, 1174.47
1080.67, 1174.36
1081.11, 1174.47
1081.55, 1174.58
1081.99, 1174.68
1082.43, 1174.8
1082.88, 1174.91
1083.32, 1175.02
1083.77, 1175.13
1084.22, 1175.24
1084.68, 1175.35
1085.13, 1175.47
1085.58, 1175.58
1086.03, 1175.69
1086.48, 1175.8
1086.93, 1175.91
1087.38, 1176.03
1087.83, 1176.14
1088.27, 1176.25
1088.71, 1176.36
1089.15, 1176.47
1089.59, 1176.58
1090.03, 1176.68
1090.46, 1176.79
1090.89, 1176.9
1091.32, 1177.01
1091.74, 1177.11
1092.17, 1177.22
1092.59, 1177.32
1093.01, 1177.43
1093.42, 1177.53
1093.78, 1177.62
1094.13, 1177.71
1094.49, 1177.8
1094.85, 1177.88
1095.21, 1177.97
1095.58, 1178.07
1095.95, 1178.16
1096.32, 1178.25
1096.7, 1178.34
1097.08, 1178.44
1097.47, 1178.54
1097.86, 1178.63
1098.26, 1178.73
1098.66, 1178.83
1099.07, 1178.93
1099.48, 1179.04
1099.9, 1179.14
1100.32, 1179.25
1100.75, 1179.35
1101.18, 1179.46
1101.61, 1179.57
1102.05, 1179.67
1102.49, 1179.78
1102.93, 1179.89
1103.37, 1180
1103.15, 1179.95
1103.61, 1180.01
1104.07, 1180.07
1104.53, 1180.13
1104.99, 1180.19
1105.45, 1180.25
1105.91, 1180.31
1106.37, 1180.37
1106.83, 1180.43
1107.28, 1180.49
1107.74, 1180.55
1108.19, 1180.6
1108.64, 1180.66
1109.09, 1180.72
1109.54, 1180.78
1109.98, 1180.84
1110.42, 1180.89
1110.86, 1180.95
1111.3, 1181.01
1111.73, 1181.06
1112.16, 1181.12
1112.6, 1181.18
1113.02, 1181.23
1113.45, 1181.29

waypoints
x, y
1076.93, 1172.72
1077.29, 1172.87
1077.65, 1173.02
1078.02, 1173.17
1078.39, 1173.33
1078.77, 1173.49
1079.15, 1173.65
1079.54, 1173.81
1079.93, 1173.97
1080.32, 1174.14
1080.72, 1174.31
1081.13, 1174.47
1080.67, 1174.36
1081.11, 1174.47
1081.55, 1174.58
1081.99, 1174.68
1082.43, 1174.8
1082.88, 1174.91
1083.32, 1175.02
1083.77, 1175.13
1084.22, 1175.24
1084.68, 1175.35
1085.13, 1175.47
1085.58, 1175.58
1086.03, 1175.69
1086.48, 1175.8
1086.93, 1175.91
1087.38, 1176.03
1087.83, 1176.14
1088.27, 1176.25
1088.71, 1176.36
1089.15, 1176.47
1089.59, 1176.58
1090.03, 1176.68
1090.46, 1176.79
1090.89, 1176.9
1091.32, 1177.01
1091.74, 1177.11
1092.17, 1177.22
1092.59, 1177.32
1093.01, 1177.43
1093.42, 1177.53
1093.78, 1177.62
1094.13, 1177.71
1094.49, 1177.8
1094.85, 1177.88
1095.21, 1177.97
1095.58, 1178.07
1095.95, 1178.16
1096.32, 1178.25
1096.7, 1178.35
1097.08, 1178.44
1097.47, 1178.54
1097.86, 1178.63
1098.26, 1178.73
1098.66, 1178.83
1099.07, 1178.93
1099.48, 1179.04
1099.9, 1179.14
1100.32, 1179.24
1100.75, 1179.35
1101.18, 1179.46
1101.61, 1179.57
1102.05, 1179.67
1102.49, 1179.78
1102.93, 1179.89
1103.37, 1180.01
1103.15, 1179.95
1103.61, 1180.01
1104.07, 1180.07
1104.53, 1180.13
1104.99, 1180.19
1105.45, 1180.25
1105.91, 1180.31
1106.37, 1180.37
1106.83, 1180.43
1107.28, 1180.49
1107.74, 1180.55
1108.19, 1180.6
1108.64, 1180.66
1109.09, 1180.72
1109.54, 1180.78
1109.98, 1180.84
1110.42, 1180.89
1110.86, 1180.95
1111.3, 1181.01
1111.73, 1181.06
1112.16, 1181.12
1112.6, 1181.18
1113.02, 1181.23
1113.45, 1181.29

waypoints
x, y
1078.39, 1173.33
1078.77, 1173.49
1079.15, 1173.65
1079.54, 1173.81
1079.93, 1173.97
1080.32, 1174.14
1080.72, 1174.31
1081.13, 1174.47
1080.67, 1174.36
1081.11, 1174.47
1081.55, 1174.58
1081.99, 1174.68
1082.43, 1174.8
1082.88, 1174.91
1083.32, 1175.02
1083.77, 1175.13
1084.22, 1175.24
1084.68, 1175.35
1085.13, 1175.47
1085.58, 1175.58
1086.03, 1175.69
1086.48, 1175.8
1086.93, 1175.91
1087.38, 1176.03
1087.83, 1176.14
1088.27, 1176.25
1088.71, 1176.36
1089.15, 1176.47
1089.59, 1176.58
1090.03, 1176.68
1090.46, 1176.79
1090.89, 1176.9
1091.32, 1177.01
1091.74, 1177.11
1092.17, 1177.22
1092.59, 1177.32
1093.01, 1177.43
1093.42, 1177.53
1093.78, 1177.62
1094.13, 1177.71
1094.49, 1177.8
1094.85, 1177.88
1095.21, 1177.97
1095.58, 1178.07
1095.95, 1178.16
1096.32, 1178.25
1096.7, 1178.35
1097.08, 1178.44
1097.47, 1178.54
1097.86, 1178.63
1098.26, 1178.73
1098.66, 1178.83
1099.07, 1178.93
1099.48, 1179.04
1099.9, 1179.14
1100.32, 1179.24
1100.75, 1179.35
1101.18, 1179.46
1101.61, 1179.57
1102.05, 1179.67
1102.49, 1179.78
1102.93, 1179.89
1103.37, 1180.01
1103.15, 1179.95
1103.61, 1180.01
1104.07, 1180.07
1104.53, 1180.13
1104.99, 1180.19
1105.45, 1180.25
1105.91, 1180.31
1106.37, 1180.37
1106.83, 1180.43
1107.28, 1180.49
1107.74, 1180.55
1108.19, 1180.6
1108.64, 1180.66
1109.09, 1180.72
1109.54, 1180.78
1109.98, 1180.84
1110.42, 1180.89
1110.86, 1180.95
1111.3, 1181.01
1111.73, 1181.06
1112.16, 1181.12
1112.6, 1181.18
1113.02, 1181.23
1113.45, 1181.29

waypoints
x, y
1079.93, 1173.97
1080.32, 1174.14
1080.72, 1174.31
1081.13, 1174.47
1080.67, 1174.36
1081.11, 1174.47
1081.55, 1174.58
1081.99, 1174.68
1082.43, 1174.8
1082.88, 1174.91
1083.32, 1175.02
1083.77, 1175.13
1084.22, 1175.24
1084.68, 1175.35
1085.13, 1175.47
1085.58, 1175.58
1086.03, 1175.69
1086.48, 1175.8
1086.93, 1175.91
1087.38, 1176.03
1087.83, 1176.14
1088.27, 1176.25
1088.71, 1176.36
1089.15, 1176.47
1089.59, 1176.58
1090.03, 1176.68
1090.46, 1176.79
1090.89, 1176.9
1091.32, 1177.01
1091.74, 1177.11
1092.17, 1177.22
1092.59, 1177.32
1093.01, 1177.43
1093.42, 1177.53
1093.78, 1177.62
1094.13, 1177.71
1094.49, 1177.8
1094.85, 1177.88
1095.21, 1177.97
1095.58, 1178.07
1095.95, 1178.16
1096.32, 1178.25
1096.7, 1178.35
1097.08, 1178.44
1097.47, 1178.54
1097.86, 1178.63
1098.26, 1178.73
1098.66, 1178.83
1099.07, 1178.93
1099.48, 1179.04
1099.9, 1179.14
1100.32, 1179.24
1100.75, 1179.35
1101.18, 1179.46
1101.61, 1179.57
1102.05, 1179.67
1102.49, 1179.78
1102.93, 1179.89
1103.37, 1180.01
1103.15, 1179.95
1103.61, 1180.01
1104.07, 1180.07
1104.53, 1180.13
1104.99, 1180.19
1105.45, 1180.25
1105.91, 1180.31
1106.37, 1180.37
1106.83, 1180.43
1107.28, 1180.49
1107.74, 1180.55
1108.19, 1180.6
1108.64, 1180.66
1109.09, 1180.72
1109.54, 1180.78
1109.98, 1180.84
1110.42, 1180.89
1110.86, 1180.95
1111.3, 1181.01
1111.73, 1181.06
1112.16, 1181.12
1112.6, 1181.18
1113.02, 1181.23
1113.45, 1181.29

waypoints
x, y
1080.67, 1174.36
1081.11, 1174.47
1081.55, 1174.58
1081.99, 1174.68
1082.43, 1174.8
1082.88, 1174.91
1083.32, 1175.02
1083.77, 1175.13
1084.22, 1175.24
1084.68, 1175.35
1085.13, 1175.47
1085.58, 1175.58
1086.03, 1175.69
1086.48, 1175.8
1086.93, 1175.91
1087.38, 1176.03
1087.83, 1176.14
1088.27, 1176.25
1088.71, 1176.36
1089.15, 1176.47
1089.59, 1176.58
1090.03, 1176.68
1090.46, 1176.79
1090.89, 1176.9
1091.32, 1177.01
1091.74, 1177.11
1092.17, 1177.22
1092.59, 1177.32
1093.01, 1177.43
1093.42, 1177.53
1093.78, 1177.62
1094.13, 1177.71
1094.49, 1177.8
1094.85, 1177.88
1095.21, 1177.97
1095.58, 1178.07
1095.95, 1178.16
1096.32, 1178.25
1096.7, 1178.35
1097.08, 1178.44
1097.47, 1178.54
1097.86, 1178.63
1098.26, 1178.73
1098.66, 1178.83
1099.07, 1178.93
1099.48, 1179.04
1099.9, 1179.14
1100.32, 1179.24
1100.75, 1179.35
1101.18, 1179.46
1101.61, 1179.57
1102.05, 1179.67
1102.49, 1179.78
1102.93, 1179.89
1103.37, 1180.01
1103.15, 1179.95
1103.61, 1180.01
1104.07, 1180.07
1104.53, 1180.13
1104.99, 1180.19
1105.45, 1180.25
1105.91, 1180.31
1106.37, 1180.37
1106.83, 1180.43
1107.28, 1180.49
1107.74, 1180.55
1108.19, 1180.6
1108.64, 1180.66
1109.09, 1180.72
1109.54, 1180.78
1109.98, 1180.84
1110.42, 1180.89
1110.86, 1180.95
1111.3, 1181.01
1111.73, 1181.06
1112.16, 1181.12
1112.6, 1181.18
1113.02, 1181.23
1113.45, 1181.29

waypoints
x, y
1082.43, 1174.8
1082.88, 1174.91
1083.32, 1175.02
1083.77, 1175.13
1084.22, 1175.24
1084.68, 1175.35
1085.13, 1175.47
1085.58, 1175.58
1086.03, 1175.69
1086.48, 1175.8
1086.93, 1175.91
1087.38, 1176.03
1087.83, 1176.14
1088.27, 1176.25
1088.71, 1176.36
1089.15, 1176.47
1089.59, 1176.58
1090.03, 1176.68
1090.46, 1176.79
1090.89, 1176.9
1091.32, 1177.01
1091.74, 1177.11
1092.17, 1177.22
1092.59, 1177.32
1093.01, 1177.43
1093.42, 1177.53
1093.78, 1177.62
1094.13, 1177.71
1094.49, 1177.8
1094.85, 1177.88
1095.21, 1177.97
1095.58, 1178.07
1095.95, 1178.16
1096.32, 1178.25
1096.7, 1178.35
1097.08, 1178.44
1097.47, 1178.54
1097.86, 1178.63
1098.26, 1178.73
1098.66, 1178.83
1099.07, 1178.93
1099.48, 1179.04
1099.9, 1179.14
1100.32, 1179.24
1100.75, 1179.35
1101.18, 1179.46
1101.61, 1179.57
1102.05, 1179.67
1102.49, 1179.78
1102.93, 1179.89
1103.37, 1180.01
1103.15, 1179.95
1103.61, 1180.01
1104.07, 1180.07
1104.53, 1180.13
1104.99, 1180.19
1105.45, 1180.25
1105.91, 1180.31
1106.37, 1180.37
1106.83, 1180.43
1107.28, 1180.49
1107.74, 1180.55
1108.19, 1180.6
1108.64, 1180.66
1109.09, 1180.72
1109.54, 1180.78
1109.98, 1180.84
1110.42, 1180.89
1110.86, 1180.95
1111.3, 1181.01
1111.73, 1181.06
1112.16, 1181.12
1112.6, 1181.18
1113.02, 1181.23
1113.45, 1181.29

waypoints
x, y
1084.22, 1175.24
1084.68, 1175.35
1085.13, 1175.47
1085.58, 1175.58
1086.03, 1175.69
1086.48, 1175.8
1086.93, 1175.91
1087.38, 1176.03
1087.83, 1176.14
1088.27, 1176.25
1088.71, 1176.36
1089.15, 1176.47
1089.59, 1176.58
1090.03, 1176.68
1090.46, 1176.79
1090.89, 1176.9
1091.32, 1177.01
1091.74, 1177.11
1092.17, 1177.22
1092.59, 1177.32
1093.01, 1177.43
1093.42, 1177.53
1093.78, 1177.62
1094.13, 1177.71
1094.49, 1177.8
1094.85, 1177.88
1095.21, 1177.97
1095.58, 1178.07
1095.95, 1178.16
1096.32, 1178.25
1096.7, 1178.35
1097.08, 1178.44
1097.47, 1178.54
1097.86, 1178.63
1098.26, 1178.73
1098.66, 1178.83
1099.07, 1178.93
1099.48, 1179.04
1099.9, 1179.14
1100.32, 1179.24
1100.75, 1179.35
1101.18, 1179.46
1101.61, 1179.57
1102.05, 1179.67
1102.49, 1179.78
1102.93, 1179.89
1103.37, 1180.01
1103.15, 1179.95
1103.61, 1180.01
1104.07, 1180.07
1104.53, 1180.13
1104.99, 1180.19
1105.45, 1180.25
1105.91, 1180.31
1106.37, 1180.37
1106.83, 1180.43
1107.28, 1180.49
1107.74, 1180.55
1108.19, 1180.6
1108.64, 1180.66
1109.09, 1180.72
1109.54, 1180.78
1109.98, 1180.84
1110.42, 1180.89
1110.86, 1180.95
1111.3, 1181.01
1111.73, 1181.06
1112.16, 1181.12
1112.6, 1181.18
1113.02, 1181.23
1113.45, 1181.29

waypoints
x, y
1086.03, 1175.69
1086.48, 1175.8
1086.93, 1175.91
1087.38, 1176.03
1087.83, 1176.14
1088.27, 1176.25
1088.71, 1176.36
1089.15, 1176.47
1089.59, 1176.58
1090.03, 1176.68
1090.46, 1176.79
1090.89, 1176.9
1091.32, 1177.01
1091.74, 1177.11
1092.17, 1177.22
1092.59, 1177.32
1093.01, 1177.43
1093.42, 1177.53
1093.78, 1177.62
1094.13, 1177.71
1094.49, 1177.8
1094.85, 1177.88
1095.21, 1177.97
1095.58, 1178.07
1095.95, 1178.16
1096.32, 1178.25
1096.7, 1178.35
1097.08, 1178.44
1097.47, 1178.54
1097.86, 1178.63
1098.26, 1178.73
1098.66, 1178.83
1099.07, 1178.93
1099.48, 1179.04
1099.9, 1179.14
1100.32, 1179.24
1100.75, 1179.35
1101.18, 1179.46
1101.61, 1179.57
1102.05, 1179.67
1102.49, 1179.78
1102.93, 1179.89
1103.37, 1180.01
1103.15, 1179.95
1103.61, 1180.01
1104.07, 1180.07
1104.53, 1180.13
1104.99, 1180.19
1105.45, 1180.25
1105.91, 1180.31
1106.37, 1180.37
1106.83, 1180.43
1107.28, 1180.49
1107.74, 1180.55
1108.19, 1180.6
1108.64, 1180.66
1109.09, 1180.72
1109.54, 1180.78
1109.98, 1180.84
1110.42, 1180.89
1110.86, 1180.95
1111.3, 1181.01
1111.73, 1181.06
1112.16, 1181.12
1112.6, 1181.18
1113.02, 1181.23
1113.45, 1181.29

waypoints
x, y
1087.83, 1176.14
1088.27, 1176.25
1088.71, 1176.36
1089.15, 1176.47
1089.59, 1176.58
1090.03, 1176.68
1090.46, 1176.79
1090.89, 1176.9
1091.32, 1177.01
1091.74, 1177.11
1092.17, 1177.22
1092.59, 1177.32
1093.01, 1177.43
1093.42, 1177.53
1093.78, 1177.62
1094.13, 1177.71
1094.49, 1177.8
1094.85, 1177.88
1095.21, 1177.97
1095.58, 1178.07
1095.95, 1178.16
1096.32, 1178.25
1096.7, 1178.35
1097.08, 1178.44
1097.47, 1178.54
1097.86, 1178.63
1098.26, 1178.73
1098.66, 1178.83
1099.07, 1178.93
1099.48, 1179.04
1099.9, 1179.14
1100.32, 1179.24
1100.75, 1179.35
1101.18, 1179.46
1101.61, 1179.57
1102.05, 1179.67
1102.49, 1179.78
1102.93, 1179.89
1103.37, 1180.01
1103.15, 1179.95
1103.61, 1180.01
1104.07, 1180.07
1104.53, 1180.13
1104.99, 1180.19
1105.45, 1180.25
1105.91, 1180.31
1106.37, 1180.37
1106.83, 1180.43
1107.28, 1180.49
1107.74, 1180.55
1108.19, 1180.6
1108.64, 1180.66
1109.09, 1180.72
1109.54, 1180.78
1109.98, 1180.84
1110.42, 1180.89
1110.86, 1180.95
1111.3, 1181.01
1111.73, 1181.06
1112.16, 1181.12
1112.6, 1181.18
1113.02, 1181.23
1113.45, 1181.29

waypoints
x, y
1089.15, 1176.47
1089.59, 1176.58
1090.03, 1176.68
1090.46, 1176.79
1090.89, 1176.9
1091.32, 1177.01
1091.74, 1177.11
1092.17, 1177.22
1092.59, 1177.32
1093.01, 1177.43
1093.42, 1177.53
1093.78, 1177.62
1094.13, 1177.71
1094.49, 1177.8
1094.85, 1177.88
1095.21, 1177.97
1095.58, 1178.07
1095.95, 1178.16
1096.32, 1178.25
1096.7, 1178.35
1097.08, 1178.44
1097.47, 1178.54
1097.86, 1178.63
1098.26, 1178.73
1098.66, 1178.83
1099.07, 1178.93
1099.48, 1179.04
1099.9, 1179.14
1100.32, 1179.24
1100.75, 1179.35
1101.18, 1179.46
1101.61, 1179.57
1102.05, 1179.67
1102.49, 1179.78
1102.93, 1179.89
1103.37, 1180.01
1103.15, 1179.95
1103.61, 1180.01
1104.07, 1180.07
1104.53, 1180.13
1104.99, 1180.19
1105.45, 1180.25
1105.91, 1180.31
1106.37, 1180.37
1106.83, 1180.43
1107.28, 1180.49
1107.74, 1180.55
1108.19, 1180.6
1108.64, 1180.66
1109.09, 1180.72
1109.54, 1180.78
1109.98, 1180.84
1110.42, 1180.89
1110.86, 1180.95
1111.3, 1181.01
1111.73, 1181.06
1112.16, 1181.12
1112.6, 1181.18
1113.02, 1181.23
1113.45, 1181.29

waypoints
x, y
1090.89, 1176.9
1091.32, 1177.01
1091.74, 1177.11
1092.17, 1177.22
1092.59, 1177.32
1093.01, 1177.43
1093.42, 1177.53
1093.78, 1177.62
1094.13, 1177.71
1094.49, 1177.8
1094.85, 1177.88
1095.21, 1177.97
1095.58, 1178.07
1095.95, 1178.16
1096.32, 1178.25
1096.7, 1178.35
1097.08, 1178.44
1097.47, 1178.54
1097.86, 1178.63
1098.26, 1178.73
1098.66, 1178.83
1099.07, 1178.93
1099.48, 1179.04
1099.9, 1179.14
1100.32, 1179.24
1100.75, 1179.35
1101.18, 1179.46
1101.61, 1179.57
1102.05, 1179.67
1102.49, 1179.78
1102.93, 1179.89
1103.37, 1180.01
1103.15, 1179.95
1103.61, 1180.01
1104.07, 1180.07
1104.53, 1180.13
1104.99, 1180.19
1105.45, 1180.25
1105.91, 1180.31
1106.37, 1180.37
1106.83, 1180.43
1107.28, 1180.49
1107.74, 1180.55
1108.19, 1180.6
1108.64, 1180.66
1109.09, 1180.72
1109.54, 1180.78
1109.98, 1180.84
1110.42, 1180.89
1110.86, 1180.95
1111.3, 1181.01
1111.73, 1181.06
1112.16, 1181.12
1112.6, 1181.18
1113.02, 1181.23
1113.45, 1181.29

waypoints
x, y
1092.17, 1177.22
1092.59, 1177.32
1093.01, 1177.43
1093.42, 1177.53
1093.78, 1177.62
1094.13, 1177.71
1094.49, 1177.8
1094.85, 1177.88
1095.21, 1177.97
1095.58, 1178.07
1095.95, 1178.16
1096.32, 1178.25
1096.7, 1178.35
1097.08, 1178.44
1097.47, 1178.54
1097.86, 1178.63
1098.26, 1178.73
1098.66, 1178.83
1099.07, 1178.93
1099.48, 1179.04
1099.9, 1179.14
1100.32, 1179.24
1100.75, 1179.35
1101.18, 1179.46
1101.61, 1179.57
1102.05, 1179.67
1102.49, 1179.78
1102.93, 1179.89
1103.37, 1180.01
1103.15, 1179.95
1103.61, 1180.01
1104.07, 1180.07
1104.53, 1180.13
1104.99, 1180.19
1105.45, 1180.25
1105.91, 1180.31
1106.37, 1180.37
1106.83, 1180.43
1107.28, 1180.49
1107.74, 1180.55
1108.19, 1180.6
1108.64, 1180.66
1109.09, 1180.72
1109.54, 1180.78
1109.98, 1180.84
1110.42, 1180.89
1110.86, 1180.95
1111.3, 1181.01
1111.73, 1181.06
1112.16, 1181.12
1112.6, 1181.18
1113.02, 1181.23
1113.45, 1181.29

waypoints
x, y
1093.78, 1177.62
1094.13, 1177.71
1094.49, 1177.8
1094.85, 1177.88
1095.21, 1177.97
1095.58, 1178.07
1095.95, 1178.16
1096.32, 1178.25
1096.7, 1178.35
1097.08, 1178.44
1097.47, 1178.54
1097.86, 1178.63
1098.26, 1178.73
1098.66, 1178.83
1099.07, 1178.93
1099.48, 1179.04
1099.9, 1179.14
1100.32, 1179.24
1100.75, 1179.35
1101.18, 1179.46
1101.61, 1179.57
1102.05, 1179.67
1102.49, 1179.78
1102.93, 1179.89
1103.37, 1180.01
1103.15, 1179.95
1103.61, 1180.01
1104.07, 1180.07
1104.53, 1180.13
1104.99, 1180.19
1105.45, 1180.25
1105.91, 1180.31
1106.37, 1180.37
1106.83, 1180.43
1107.28, 1180.49
1107.74, 1180.55
1108.19, 1180.6
1108.64, 1180.66
1109.09, 1180.72
1109.54, 1180.78
1109.98, 1180.84
1110.42, 1180.89
1110.86, 1180.95
1111.3, 1181.01
1111.73, 1181.06
1112.16, 1181.12
1112.6, 1181.18
1113.02, 1181.23
1113.45, 1181.29
1113.88, 1181.34
1114.31, 1181.4
1114.73, 1181.45
1115.16, 1181.51
1115.59, 1181.56
1116.02, 1181.62
1116.44, 1181.68
1116.87, 1181.73
1117.3, 1181.79
1117.72, 1181.84
1118.15, 1181.9
1118.58, 1181.95
1119.01, 1182.01
1119.43, 1182.06
1119.86, 1182.12
1120.29, 1182.17
1120.71, 1182.23
1121.14, 1182.29
1121.57, 1182.34
1121.99, 1182.4
1122.42, 1182.45
1122.85, 1182.51
1123.27, 1182.56
1123.7, 1182.62
1124.13, 1182.67
1124.56, 1182.73
1124.98, 1182.78
1125.41, 1182.84
1125.84, 1182.9
1126.26, 1182.95
1126.69, 1183.01
1127.12, 1183.06
1127.54, 1183.12
1127.65, 1183.14
1128.08, 1183.17
1128.51, 1183.2
1128.94, 1183.23
1129.37, 1183.27
1129.8, 1183.3
1130.23, 1183.33
1130.66, 1183.37
1131.09, 1183.4
1131.52, 1183.43
1131.95, 1183.46
1132.37, 1183.5
1132.8, 1183.53
1133.23, 1183.56
1133.66, 1183.59
1134.09, 1183.63

waypoints
x, y
1095.21, 1177.97
1095.58, 1178.07
1095.95, 1178.16
1096.32, 1178.25
1096.7, 1178.35
1097.08, 1178.44
1097.47, 1178.54
1097.86, 1178.63
1098.26, 1178.73
1098.66, 1178.83
1099.07, 1178.93
1099.48, 1179.04
1099.9, 1179.14
1100.32, 1179.24
1100.75, 1179.35
1101.18, 1179.46
1101.61, 1179.57
1102.05, 1179.67
1102.49, 1179.78
1102.93, 1179.89
1103.37, 1180.01
1103.15, 1179.95
1103.61, 1180.01
1104.07, 1180.07
1104.53, 1180.13
1104.99, 1180.19
1105.45, 1180.25
1105.91, 1180.31
1106.37, 1180.37
1106.83, 1180.43
1107.28, 1180.49
1107.74, 1180.55
1108.19, 1180.6
1108.64, 1180.66
1109.09, 1180.72
1109.54, 1180.78
1109.98, 1180.84
1110.42, 1180.89
1110.86, 1180.95
1111.3, 1181.01
1111.73, 1181.06
1112.16, 1181.12
1112.6, 1181.18
1113.02, 1181.23
1113.45, 1181.29
1113.88, 1181.34
1114.31, 1181.4
1114.73, 1181.45
1115.16, 1181.51
1115.59, 1181.56
1116.02, 1181.62
1116.44, 1181.67
1116.87, 1181.73
1117.3, 1181.79
1117.72, 1181.84
1118.15, 1181.9
1118.58, 1181.95
1119.01, 1182.01
1119.43, 1182.06
1119.86, 1182.12
1120.29, 1182.17
1120.71, 1182.23
1121.14, 1182.29
1121.57, 1182.34
1121.99, 1182.4
1122.42, 1182.45
1122.85, 1182.51
1123.28, 1182.56
1123.7, 1182.62
1124.13, 1182.67
1124.56, 1182.73
1124.98, 1182.78
1125.41, 1182.84
1125.84, 1182.89
1126.26, 1182.95
1126.69, 1183.01
1127.12, 1183.06
1127.54, 1183.12
1127.65, 1183.14
1128.08, 1183.17
1128.51, 1183.2
1128.94, 1183.23
1129.37, 1183.27
1129.8, 1183.3
1130.23, 1183.33
1130.66, 1183.37
1131.09, 1183.4
1131.52, 1183.43
1131.94, 1183.46
1132.38, 1183.49
1132.8, 1183.53
1133.23, 1183.56
1133.66, 1183.59
1134.09, 1183.63

waypoints
x, y
1096.7, 1178.35
1097.08, 1178.44
1097.47, 1178.54
1097.86, 1178.63
1098.26, 1178.73
1098.66, 1178.83
1099.07, 1178.93
1099.48, 1179.04
1099.9, 1179.14
1100.32, 1179.24
1100.75, 1179.35
1101.18, 1179.46
1101.61, 1179.57
1102.05, 1179.67
1102.49, 1179.78
1102.93, 1179.89
1103.37, 1180.01
1103.15, 1179.95
1103.61, 1180.01
1104.07, 1180.07
1104.53, 1180.13
1104.99, 1180.19
1105.45, 1180.25
1105.91, 1180.31
1106.37, 1180.37
1106.83, 1180.43
1107.28, 1180.49
1107.74, 1180.55
1108.19, 1180.6
1108.64, 1180.66
1109.09, 1180.72
1109.54, 1180.78
1109.98, 1180.84
1110.42, 1180.89
1110.86, 1180.95
1111.3, 1181.01
1111.73, 1181.06
1112.16, 1181.12
1112.6, 1181.18
1113.02, 1181.23
1113.45, 1181.29
1113.88, 1181.34
1114.31, 1181.4
1114.73, 1181.45
1115.16, 1181.51
1115.59, 1181.56
1116.02, 1181.62
1116.44, 1181.67
1116.87, 1181.73
1117.3, 1181.79
1117.72, 1181.84
1118.15, 1181.9
1118.58, 1181.95
1119.01, 1182.01
1119.43, 1182.06
1119.86, 1182.12
1120.29, 1182.17
1120.71, 1182.23
1121.14, 1182.29
1121.57, 1182.34
1121.99, 1182.4
1122.42, 1182.45
1122.85, 1182.51
1123.28, 1182.56
1123.7, 1182.62
1124.13, 1182.67
1124.56, 1182.73
1124.98, 1182.78
1125.41, 1182.84
1125.84, 1182.89
1126.26, 1182.95
1126.69, 1183.01
1127.12, 1183.06
1127.54, 1183.12
1127.65, 1183.14
1128.08, 1183.17
1128.51, 1183.2
1128.94, 1183.23
1129.37, 1183.27
1129.8, 1183.3
1130.23, 1183.33
1130.66, 1183.37
1131.09, 1183.4
1131.52, 1183.43
1131.94, 1183.46
1132.38, 1183.49
1132.8, 1183.53
1133.23, 1183.56
1133.66, 1183.59
1134.09, 1183.63

waypoints
x, y
1098.26, 1178.73
1098.66, 1178.83
1099.07, 1178.93
1099.48, 1179.04
1099.9, 1179.14
1100.32, 1179.24
1100.75, 1179.35
1101.18, 1179.46
1101.61, 1179.57
1102.05, 1179.67
1102.49, 1179.78
1102.93, 1179.89
1103.37, 1180.01
1103.15, 1179.95
1103.61, 1180.01
1104.07, 1180.07
1104.53, 1180.13
1104.99, 1180.19
1105.45, 1180.25
1105.91, 1180.31
1106.37, 1180.37
1106.83, 1180.43
1107.28, 1180.49
1107.74, 1180.55
1108.19, 1180.6
1108.64, 1180.66
1109.09, 1180.72
1109.54, 1180.78
1109.98, 1180.84
1110.42, 1180.89
1110.86, 1180.95
1111.3, 1181.01
1111.73, 1181.06
1112.16, 1181.12
1112.6, 1181.18
1113.02, 1181.23
1113.45, 1181.29
1113.88, 1181.34
1114.31, 1181.4
1114.73, 1181.45
1115.16, 1181.51
1115.59, 1181.56
1116.02, 1181.62
1116.44, 1181.67
1116.87, 1181.73
1117.3, 1181.79
1117.72, 1181.84
1118.15, 1181.9
1118.58, 1181.95
1119.01, 1182.01
1119.43, 1182.06
1119.86, 1182.12
1120.29, 1182.17
1120.71, 1182.23
1121.14, 1182.29
1121.57, 1182.34
1121.99, 1182.4
1122.42, 1182.45
1122.85, 1182.51
1123.28, 1182.56
1123.7, 1182.62
1124.13, 1182.67
1124.56, 1182.73
1124.98, 1182.78
1125.41, 1182.84
1125.84, 1182.89
1126.26, 1182.95
1126.69, 1183.01
1127.12, 1183.06
1127.54, 1183.12
1127.65, 1183.14
1128.08, 1183.17
1128.51, 1183.2
1128.94, 1183.23
1129.37, 1183.27
1129.8, 1183.3
1130.23, 1183.33
1130.66, 1183.37
1131.09, 1183.4
1131.52, 1183.43
1131.94, 1183.46
1132.38, 1183.49
1132.8, 1183.53
1133.23, 1183.56
1133.66, 1183.59
1134.09, 1183.63

waypoints
x, y
1099.9, 1179.14
1100.32, 1179.24
1100.75, 1179.35
1101.18, 1179.46
1101.61, 1179.57
1102.05, 1179.67
1102.49, 1179.78
1102.93, 1179.89
1103.37, 1180.01
1103.15, 1179.95
1103.61, 1180.01
1104.07, 1180.07
1104.53, 1180.13
1104.99, 1180.19
1105.45, 1180.25
1105.91, 1180.31
1106.37, 1180.37
1106.83, 1180.43
1107.28, 1180.49
1107.74, 1180.55
1108.19, 1180.6
1108.64, 1180.66
1109.09, 1180.72
1109.54, 1180.78
1109.98, 1180.84
1110.42, 1180.89
1110.86, 1180.95
1111.3, 1181.01
1111.73, 1181.06
1112.16, 1181.12
1112.6, 1181.18
1113.02, 1181.23
1113.45, 1181.29
1113.88, 1181.34
1114.31, 1181.4
1114.73, 1181.45
1115.16, 1181.51
1115.59, 1181.56
1116.02, 1181.62
1116.44, 1181.67
1116.87, 1181.73
1117.3, 1181.79
1117.72, 1181.84
1118.15, 1181.9
1118.58, 1181.95
1119.01, 1182.01
1119.43, 1182.06
1119.86, 1182.12
1120.29, 1182.17
1120.71, 1182.23
1121.14, 1182.29
1121.57, 1182.34
1121.99, 1182.4
1122.42, 1182.45
1122.85, 1182.51
1123.28, 1182.56
1123.7, 1182.62
1124.13, 1182.67
1124.56, 1182.73
1124.98, 1182.78
1125.41, 1182.84
1125.84, 1182.89
1126.26, 1182.95
1126.69, 1183.01
1127.12, 1183.06
1127.54, 1183.12
1127.65, 1183.14
1128.08, 1183.17
1128.51, 1183.2
1128.94, 1183.23
1129.37, 1183.27
1129.8, 1183.3
1130.23, 1183.33
1130.66, 1183.37
1131.09, 1183.4
1131.52, 1183.43
1131.94, 1183.46
1132.38, 1183.49
1132.8, 1183.53
1133.23, 1183.56
1133.66, 1183.59
1134.09, 1183.63

waypoints
x, y
1101.61, 1179.57
1102.05, 1179.67
1102.49, 1179.78
1102.93, 1179.89
1103.37, 1180.01
1103.15, 1179.95
1103.61, 1180.01
1104.07, 1180.07
1104.53, 1180.13
1104.99, 1180.19
1105.45, 1180.25
1105.91, 1180.31
1106.37, 1180.37
1106.83, 1180.43
1107.28, 1180.49
1107.74, 1180.55
1108.19, 1180.6
1108.64, 1180.66
1109.09, 1180.72
1109.54, 1180.78
1109.98, 1180.84
1110.42, 1180.89
1110.86, 1180.95
1111.3, 1181.01
1111.73, 1181.06
1112.16, 1181.12
1112.6, 1181.18
1113.02, 1181.23
1113.45, 1181.29
1113.88, 1181.34
1114.31, 1181.4
1114.73, 1181.45
1115.16, 1181.51
1115.59, 1181.56
1116.02, 1181.62
1116.44, 1181.67
1116.87, 1181.73
1117.3, 1181.79
1117.72, 1181.84
1118.15, 1181.9
1118.58, 1181.95
1119.01, 1182.01
1119.43, 1182.06
1119.86, 1182.12
1120.29, 1182.17
1120.71, 1182.23
1121.14, 1182.29
1121.57, 1182.34
1121.99, 1182.4
1122.42, 1182.45
1122.85, 1182.51
1123.28, 1182.56
1123.7, 1182.62
1124.13, 1182.67
1124.56, 1182.73
1124.98, 1182.78
1125.41, 1182.84
1125.84, 1182.89
1126.26, 1182.95
1126.69, 1183.01
1127.12, 1183.06
1127.54, 1183.12
1127.65, 1183.14
1128.08, 1183.17
1128.51, 1183.2
1128.94, 1183.23
1129.37, 1183.27
1129.8, 1183.3
1130.23, 1183.33
1130.66, 1183.37
1131.09, 1183.4
1131.52, 1183.43
1131.94, 1183.46
1132.38, 1183.49
1132.8, 1183.53
1133.23, 1183.56
1133.66, 1183.59
1134.09, 1183.63

waypoints
x, y
1102.93, 1179.89
1103.37, 1180.01
1103.15, 1179.95
1103.61, 1180.01
1104.07, 1180.07
1104.53, 1180.13
1104.99, 1180.19
1105.45, 1180.25
1105.91, 1180.31
1106.37, 1180.37
1106.83, 1180.43
1107.28, 1180.49
1107.74, 1180.55
1108.19, 1180.6
1108.64, 1180.66
1109.09, 1180.72
1109.54, 1180.78
1109.98, 1180.84
1110.42, 1180.89
1110.86, 1180.95
1111.3, 1181.01
1111.73, 1181.06
1112.16, 1181.12
1112.6, 1181.18
1113.02, 1181.23
1113.45, 1181.29
1113.88, 1181.34
1114.31, 1181.4
1114.73, 1181.45
1115.16, 1181.51
1115.59, 1181.56
1116.02, 1181.62
1116.44, 1181.67
1116.87, 1181.73
1117.3, 1181.79
1117.72, 1181.84
1118.15, 1181.9
1118.58, 1181.95
1119.01, 1182.01
1119.43, 1182.06
1119.86, 1182.12
1120.29, 1182.17
1120.71, 1182.23
1121.14, 1182.29
1121.57, 1182.34
1121.99, 1182.4
1122.42, 1182.45
1122.85, 1182.51
1123.28, 1182.56
1123.7, 1182.62
1124.13, 1182.67
1124.56, 1182.73
1124.98, 1182.78
1125.41, 1182.84
1125.84, 1182.89
1126.26, 1182.95
1126.69, 1183.01
1127.12, 1183.06
1127.54, 1183.12
1127.65, 1183.14
1128.08, 1183.17
1128.51, 1183.2
1128.94, 1183.23
1129.37, 1183.27
1129.8, 1183.3
1130.23, 1183.33
1130.66, 1183.37
1131.09, 1183.4
1131.52, 1183.43
1131.94, 1183.46
1132.38, 1183.49
1132.8, 1183.53
1133.23, 1183.56
1133.66, 1183.59
1134.09, 1183.63

waypoints
x, y
1104.07, 1180.07
1104.53, 1180.13
1104.99, 1180.19
1105.45, 1180.25
1105.91, 1180.31
1106.37, 1180.37
1106.83, 1180.43
1107.28, 1180.49
1107.74, 1180.55
1108.19, 1180.6
1108.64, 1180.66
1109.09, 1180.72
1109.54, 1180.78
1109.98, 1180.84
1110.42, 1180.89
1110.86, 1180.95
1111.3, 1181.01
1111.73, 1181.06
1112.16, 1181.12
1112.6, 1181.18
1113.02, 1181.23
1113.45, 1181.29
1113.88, 1181.34
1114.31, 1181.4
1114.73, 1181.45
1115.16, 1181.51
1115.59, 1181.56
1116.02, 1181.62
1116.44, 1181.67
1116.87, 1181.73
1117.3, 1181.79
1117.72, 1181.84
1118.15, 1181.9
1118.58, 1181.95
1119.01, 1182.01
1119.43, 1182.06
1119.86, 1182.12
1120.29, 1182.17
1120.71, 1182.23
1121.14, 1182.29
1121.57, 1182.34
1121.99, 1182.4
1122.42, 1182.45
1122.85, 1182.51
1123.28, 1182.56
1123.7, 1182.62
1124.13, 1182.67
1124.56, 1182.73
1124.98, 1182.78
1125.41, 1182.84
1125.84, 1182.89
1126.26, 1182.95
1126.69, 1183.01
1127.12, 1183.06
1127.54, 1183.12
1127.65, 1183.14
1128.08, 1183.17
1128.51, 1183.2
1128.94, 1183.23
1129.37, 1183.27
1129.8, 1183.3
1130.23, 1183.33
1130.66, 1183.37
1131.09, 1183.4
1131.52, 1183.43
1131.94, 1183.46
1132.38, 1183.49
1132.8, 1183.53
1133.23, 1183.56
1133.66, 1183.59
1134.09, 1183.63

waypoints
x, y
1105.91, 1180.31
1106.37, 1180.37
1106.83, 1180.43
1107.28, 1180.49
1107.74, 1180.55
1108.19, 1180.6
1108.64, 1180.66
1109.09, 1180.72
1109.54, 1180.78
1109.98, 1180.84
1110.42, 1180.89
1110.86, 1180.95
1111.3, 1181.01
1111.73, 1181.06
1112.16, 1181.12
1112.6, 1181.18
1113.02, 1181.23
1113.45, 1181.29
1113.88, 1181.34
1114.31, 1181.4
1114.73, 1181.45
1115.16, 1181.51
1115.59, 1181.56
1116.02, 1181.62
1116.44, 1181.67
1116.87, 1181.73
1117.3, 1181.79
1117.72, 1181.84
1118.15, 1181.9
1118.58, 1181.95
1119.01, 1182.01
1119.43, 1182.06
1119.86, 1182.12
1120.29, 1182.17
1120.71, 1182.23
1121.14, 1182.29
1121.57, 1182.34
1121.99, 1182.4
1122.42, 1182.45
1122.85, 1182.51
1123.28, 1182.56
1123.7, 1182.62
1124.13, 1182.67
1124.56, 1182.73
1124.98, 1182.78
1125.41, 1182.84
1125.84, 1182.89
1126.26, 1182.95
1126.69, 1183.01
1127.12, 1183.06
1127.54, 1183.12
1127.65, 1183.14
1128.08, 1183.17
1128.51, 1183.2
1128.94, 1183.23
1129.37, 1183.27
1129.8, 1183.3
1130.23, 1183.33
1130.66, 1183.37
1131.09, 1183.4
1131.52, 1183.43
1131.94, 1183.46
1132.38, 1183.49
1132.8, 1183.53
1133.23, 1183.56
1133.66, 1183.59
1134.09, 1183.63

waypoints
x, y
1107.74, 1180.55
1108.19, 1180.6
1108.64, 1180.66
1109.09, 1180.72
1109.54, 1180.78
1109.98, 1180.84
1110.42, 1180.89
1110.86, 1180.95
1111.3, 1181.01
1111.73, 1181.06
1112.16, 1181.12
1112.6, 1181.18
1113.02, 1181.23
1113.45, 1181.29
1113.88, 1181.34
1114.31, 1181.4
1114.73, 1181.45
1115.16, 1181.51
1115.59, 1181.56
1116.02, 1181.62
1116.44, 1181.67
1116.87, 1181.73
1117.3, 1181.79
1117.72, 1181.84
1118.15, 1181.9
1118.58, 1181.95
1119.01, 1182.01
1119.43, 1182.06
1119.86, 1182.12
1120.29, 1182.17
1120.71, 1182.23
1121.14, 1182.29
1121.57, 1182.34
1121.99, 1182.4
1122.42, 1182.45
1122.85, 1182.51
1123.28, 1182.56
1123.7, 1182.62
1124.13, 1182.67
1124.56, 1182.73
1124.98, 1182.78
1125.41, 1182.84
1125.84, 1182.89
1126.26, 1182.95
1126.69, 1183.01
1127.12, 1183.06
1127.54, 1183.12
1127.65, 1183.14
1128.08, 1183.17
1128.51, 1183.2
1128.94, 1183.23
1129.37, 1183.27
1129.8, 1183.3
1130.23, 1183.33
1130.66, 1183.37
1131.09, 1183.4
1131.52, 1183.43
1131.94, 1183.46
1132.38, 1183.49
1132.8, 1183.53
1133.23, 1183.56
1133.66, 1183.59
1134.09, 1183.63

waypoints
x, y
1109.09, 1180.72
1109.54, 1180.78
1109.98, 1180.84
1110.42, 1180.89
1110.86, 1180.95
1111.3, 1181.01
1111.73, 1181.06
1112.16, 1181.12
1112.6, 1181.18
1113.02, 1181.23
1113.45, 1181.29
1113.88, 1181.34
1114.31, 1181.4
1114.73, 1181.45
1115.16, 1181.51
1115.59, 1181.56
1116.02, 1181.62
1116.44, 1181.67
1116.87, 1181.73
1117.3, 1181.79
1117.72, 1181.84
1118.15, 1181.9
1118.58, 1181.95
1119.01, 1182.01
1119.43, 1182.06
1119.86, 1182.12
1120.29, 1182.17
1120.71, 1182.23
1121.14, 1182.29
1121.57, 1182.34
1121.99, 1182.4
1122.42, 1182.45
1122.85, 1182.51
1123.28, 1182.56
1123.7, 1182.62
1124.13, 1182.67
1124.56, 1182.73
1124.98, 1182.78
1125.41, 1182.84
1125.84, 1182.89
1126.26, 1182.95
1126.69, 1183.01
1127.12, 1183.06
1127.54, 1183.12
1127.65, 1183.14
1128.08, 1183.17
1128.51, 1183.2
1128.94, 1183.23
1129.37, 1183.27
1129.8, 1183.3
1130.23, 1183.33
1130.66, 1183.37
1131.09, 1183.4
1131.52, 1183.43
1131.94, 1183.46
1132.38, 1183.49
1132.8, 1183.53
1133.23, 1183.56
1133.66, 1183.59
1134.09, 1183.63

waypoints
x, y
1110.86, 1180.95
1111.3, 1181.01
1111.73, 1181.06
1112.16, 1181.12
1112.6, 1181.18
1113.02, 1181.23
1113.45, 1181.29
1113.88, 1181.34
1114.31, 1181.4
1114.73, 1181.45
1115.16, 1181.51
1115.59, 1181.56
1116.02, 1181.62
1116.44, 1181.67
1116.87, 1181.73
1117.3, 1181.79
1117.72, 1181.84
1118.15, 1181.9
1118.58, 1181.95
1119.01, 1182.01
1119.43, 1182.06
1119.86, 1182.12
1120.29, 1182.17
1120.71, 1182.23
1121.14, 1182.29
1121.57, 1182.34
1121.99, 1182.4
1122.42, 1182.45
1122.85, 1182.51
1123.28, 1182.56
1123.7, 1182.62
1124.13, 1182.67
1124.56, 1182.73
1124.98, 1182.78
1125.41, 1182.84
1125.84, 1182.89
1126.26, 1182.95
1126.69, 1183.01
1127.12, 1183.06
1127.54, 1183.12
1127.65, 1183.14
1128.08, 1183.17
1128.51, 1183.2
1128.94, 1183.23
1129.37, 1183.27
1129.8, 1183.3
1130.23, 1183.33
1130.66, 1183.37
1131.09, 1183.4
1131.52, 1183.43
1131.94, 1183.46
1132.38, 1183.49
1132.8, 1183.53
1133.23, 1183.56
1133.66, 1183.59
1134.09, 1183.63

waypoints
x, y
1112.16, 1181.12
1112.6, 1181.18
1113.02, 1181.23
1113.45, 1181.29
1113.88, 1181.34
1114.31, 1181.4
1114.73, 1181.45
1115.16, 1181.51
1115.59, 1181.56
1116.02, 1181.62
1116.44, 1181.67
1116.87, 1181.73
1117.3, 1181.79
1117.72, 1181.84
1118.15, 1181.9
1118.58, 1181.95
1119.01, 1182.01
1119.43, 1182.06
1119.86, 1182.12
1120.29, 1182.17
1120.71, 1182.23
1121.14, 1182.29
1121.57, 1182.34
1121.99, 1182.4
1122.42, 1182.45
1122.85, 1182.51
1123.28, 1182.56
1123.7, 1182.62
1124.13, 1182.67
1124.56, 1182.73
1124.98, 1182.78
1125.41, 1182.84
1125.84, 1182.89
1126.26, 1182.95
1126.69, 1183.01
1127.12, 1183.06
1127.54, 1183.12
1127.65, 1183.14
1128.08, 1183.17
1128.51, 1183.2
1128.94, 1183.23
1129.37, 1183.27
1129.8, 1183.3
1130.23, 1183.33
1130.66, 1183.37
1131.09, 1183.4
1131.52, 1183.43
1131.94, 1183.46
1132.38, 1183.49
1132.8, 1183.53
1133.23, 1183.56
1133.66, 1183.59
1134.09, 1183.63

waypoints
x, y
1113.88, 1181.34
1114.31, 1181.4
1114.73, 1181.45
1115.16, 1181.51
1115.59, 1181.56
1116.02, 1181.62
1116.44, 1181.67
1116.87, 1181.73
1117.3, 1181.79
1117.72, 1181.84
1118.15, 1181.9
1118.58, 1181.95
1119.01, 1182.01
1119.43, 1182.06
1119.86, 1182.12
1120.29, 1182.17
1120.71, 1182.23
1121.14, 1182.29
1121.57, 1182.34
1121.99, 1182.4
1122.42, 1182.45
1122.85, 1182.51
1123.28, 1182.56
1123.7, 1182.62
1124.13, 1182.67
1124.56, 1182.73
1124.98, 1182.78
1125.41, 1182.84
1125.84, 1182.89
1126.26, 1182.95
1126.69, 1183.01
1127.12, 1183.06
1127.54, 1183.12
1127.65, 1183.14
1128.08, 1183.17
1128.51, 1183.2
1128.94, 1183.23
1129.37, 1183.27
1129.8, 1183.3
1130.23, 1183.33
1130.66, 1183.37
1131.09, 1183.4
1131.52, 1183.43
1131.94, 1183.46
1132.38, 1183.49
1132.8, 1183.53
1133.23, 1183.56
1133.66, 1183.59
1134.09, 1183.63
1134.22, 1183.3
1134.65, 1183.33
1135.08, 1183.36
1135.51, 1183.4
1135.94, 1183.43
1136.37, 1183.46
1136.8, 1183.5
1137.23, 1183.53
1137.66, 1183.57
1138.09, 1183.61
1138.52, 1183.65
1138.95, 1183.69
1139.38, 1183.73
1139.81, 1183.77
1140.23, 1183.81
1140.66, 1183.85
1141.09, 1183.89
1141.52, 1183.94
1141.95, 1183.98
1142.38, 1184.02
1142.81, 1184.07
1143.23, 1184.11
1143.66, 1184.16
1144.09, 1184.2
1144.52, 1184.25
1144.95, 1184.29
1145.37, 1184.34
1145.8, 1184.38
1146.23, 1184.43
1146.66, 1184.47
1147.09, 1184.52
1147.51, 1184.56
1147.94, 1184.6
1148.37, 1184.65
1148.8, 1184.69
1149.23, 1184.73
1149.65, 1184.77
1150.08, 1184.81
1150.51, 1184.85
1150.94, 1184.89
1151.37, 1184.92
1151.8, 1184.96
1152.23, 1185
1152.66, 1185.03
1153.08, 1185.06
1153.51, 1185.1
1153.94, 1185.13
1154.37, 1185.17
1154.8, 1185.2

waypoints
x, y
1115.59, 1181.56
1116.02, 1181.62
1116.44, 1181.67
1116.87, 1181.73
1117.3, 1181.79
1117.72, 1181.84
1118.15, 1181.9
1118.58, 1181.95
1119.01, 1182.01
1119.43, 1182.06
1119.86, 1182.12
1120.29, 1182.17
1120.71, 1182.23
1121.14, 1182.29
1121.57, 1182.34
1121.99, 1182.4
1122.42, 1182.45
1122.85, 1182.51
1123.28, 1182.56
1123.7, 1182.62
1124.13, 1182.67
1124.56, 1182.73
1124.98, 1182.78
1125.41, 1182.84
1125.84, 1182.89
1126.26, 1182.95
1126.69, 1183.01
1127.12, 1183.06
1127.54, 1183.12
1127.65, 1183.14
1128.08, 1183.17
1128.51, 1183.2
1128.94, 1183.23
1129.37, 1183.27
1129.8, 1183.3
1130.23, 1183.33
1130.66, 1183.37
1131.09, 1183.4
1131.52, 1183.43
1131.94, 1183.46
1132.38, 1183.49
1132.8, 1183.53
1133.23, 1183.56
1133.66, 1183.59
1134.09, 1183.63
1134.22, 1183.3
1134.65, 1183.33
1135.08, 1183.36
1135.51, 1183.39
1135.94, 1183.43
1136.37, 1183.46
1136.8, 1183.5
1137.23, 1183.54
1137.66, 1183.57
1138.09, 1183.61
1138.52, 1183.65
1138.95, 1183.69
1139.38, 1183.73
1139.81, 1183.77
1140.23, 1183.81
1140.66, 1183.85
1141.09, 1183.89
1141.52, 1183.93
1141.95, 1183.98
1142.38, 1184.02
1142.81, 1184.07
1143.23, 1184.11
1143.66, 1184.16
1144.09, 1184.2
1144.52, 1184.25
1144.94, 1184.29
1145.37, 1184.34
1145.8, 1184.38
1146.23, 1184.43
1146.66, 1184.47
1147.09, 1184.52
1147.51, 1184.56
1147.94, 1184.6
1148.37, 1184.64
1148.8, 1184.69
1149.23, 1184.73
1149.65, 1184.77
1150.08, 1184.81
1150.51, 1184.85
1150.94, 1184.88
1151.37, 1184.92
1151.8, 1184.96
1152.23, 1184.99
1152.66, 1185.03
1153.09, 1185.07
1153.51, 1185.1
1153.94, 1185.13
1154.37, 1185.16
1154.8, 1185.2

waypoints
x, y
1117.3, 1181.79
1117.72, 1181.84
1118.15, 1181.9
1118.58, 1181.95
1119.01, 1182.01
1119.43, 1182.06
1119.86, 1182.12
1120.29, 1182.17
1120.71, 1182.23
1121.14, 1182.29
1121.57, 1182.34
1121.99, 1182.4
1122.42, 1182.45
1122.85, 1182.51
1123.28, 1182.56
1123.7, 1182.62
1124.13, 1182.67
1124.56, 1182.73
1124.98, 1182.78
1125.41, 1182.84
1125.84, 1182.89
1126.26, 1182.95
1126.69, 1183.01
1127.12, 1183.06
1127.54, 1183.12
1127.65, 1183.14
1128.08, 1183.17
1128.51, 1183.2
1128.94, 1183.23
1129.37, 1183.27
1129.8, 1183.3
1130.23, 1183.33
1130.66, 1183.37
1131.09, 1183.4
1131.52, 1183.43
1131.94, 1183.46
1132.38, 1183.49
1132.8, 1183.53
1133.23, 1183.56
1133.66, 1183.59
1134.09, 1183.63
1134.22, 1183.3
1134.65, 1183.33
1135.08, 1183.36
1135.51, 1183.39
1135.94, 1183.43
1136.37, 1183.46
1136.8, 1183.5
1137.23, 1183.54
1137.66, 1183.57
1138.09, 1183.61
1138.52, 1183.65
1138.95, 1183.69
1139.38, 1183.73
1139.81, 1183.77
1140.23, 1183.81
1140.66, 1183.85
1141.09, 1183.89
1141.52, 1183.93
1141.95, 1183.98
1142.38, 1184.02
1142.81, 1184.07
1143.23, 1184.11
1143.66, 1184.16
1144.09, 1184.2
1144.52, 1184.25
1144.94, 1184.29
1145.37, 1184.34
1145.8, 1184.38
1146.23, 1184.43
1146.66, 1184.47
1147.09, 1184.52
1147.51, 1184.56
1147.94, 1184.6
1148.37, 1184.64
1148.8, 1184.69
1149.23, 1184.73
1149.65, 1184.77
1150.08, 1184.81
1150.51, 1184.85
1150.94, 1184.88
1151.37, 1184.92
1151.8, 1184.96
1152.23, 1184.99
1152.66, 1185.03
1153.09, 1185.07
1153.51, 1185.1
1153.94, 1185.13
1154.37, 1185.16
1154.8, 1185.2

waypoints
x, y
1118.58, 1181.95
1119.01, 1182.01
1119.43, 1182.06
1119.86, 1182.12
1120.29, 1182.17
1120.71, 1182.23
1121.14, 1182.29
1121.57, 1182.34
1121.99, 1182.4
1122.42, 1182.45
1122.85, 1182.51
1123.28, 1182.56
1123.7, 1182.62
1124.13, 1182.67
1124.56, 1182.73
1124.98, 1182.78
1125.41, 1182.84
1125.84, 1182.89
1126.26, 1182.95
1126.69, 1183.01
1127.12, 1183.06
1127.54, 1183.12
1127.65, 1183.14
1128.08, 1183.17
1128.51, 1183.2
1128.94, 1183.23
1129.37, 1183.27
1129.8, 1183.3
1130.23, 1183.33
1130.66, 1183.37
1131.09, 1183.4
1131.52, 1183.43
1131.94, 1183.46
1132.38, 1183.49
1132.8, 1183.53
1133.23, 1183.56
1133.66, 1183.59
1134.09, 1183.63
1134.22, 1183.3
1134.65, 1183.33
1135.08, 1183.36
1135.51, 1183.39
1135.94, 1183.43
1136.37, 1183.46
1136.8, 1183.5
1137.23, 1183.54
1137.66, 1183.57
1138.09, 1183.61
1138.52, 1183.65
1138.95, 1183.69
1139.38, 1183.73
1139.81, 1183.77
1140.23, 1183.81
1140.66, 1183.85
1141.09, 1183.89
1141.52, 1183.93
1141.95, 1183.98
1142.38, 1184.02
1142.81, 1184.07
1143.23, 1184.11
1143.66, 1184.16
1144.09, 1184.2
1144.52, 1184.25
1144.94, 1184.29
1145.37, 1184.34
1145.8, 1184.38
1146.23, 1184.43
1146.66, 1184.47
1147.09, 1184.52
1147.51, 1184.56
1147.94, 1184.6
1148.37, 1184.64
1148.8, 1184.69
1149.23, 1184.73
1149.65, 1184.77
1150.08, 1184.81
1150.51, 1184.85
1150.94, 1184.88
1151.37, 1184.92
1151.8, 1184.96
1152.23, 1184.99
1152.66, 1185.03
1153.09, 1185.07
1153.51, 1185.1
1153.94, 1185.13
1154.37, 1185.16
1154.8, 1185.2

waypoints
x, y
1120.29, 1182.17
1120.71, 1182.23
1121.14, 1182.29
1121.57, 1182.34
1121.99, 1182.4
1122.42, 1182.45
1122.85, 1182.51
1123.28, 1182.56
1123.7, 1182.62
1124.13, 1182.67
1124.56, 1182.73
1124.98, 1182.78
1125.41, 1182.84
1125.84, 1182.89
1126.26, 1182.95
1126.69, 1183.01
1127.12, 1183.06
1127.54, 1183.12
1127.65, 1183.14
1128.08, 1183.17
1128.51, 1183.2
1128.94, 1183.23
1129.37, 1183.27
1129.8, 1183.3
1130.23, 1183.33
1130.66, 1183.37
1131.09, 1183.4
1131.52, 1183.43
1131.94, 1183.46
1132.38, 1183.49
1132.8, 1183.53
1133.23, 1183.56
1133.66, 1183.59
1134.09, 1183.63
1134.22, 1183.3
1134.65, 1183.33
1135.08, 1183.36
1135.51, 1183.39
1135.94, 1183.43
1136.37, 1183.46
1136.8, 1183.5
1137.23, 1183.54
1137.66, 1183.57
1138.09, 1183.61
1138.52, 1183.65
1138.95, 1183.69
1139.38, 1183.73
1139.81, 1183.77
1140.23, 1183.81
1140.66, 1183.85
1141.09, 1183.89
1141.52, 1183.93
1141.95, 1183.98
1142.38, 1184.02
1142.81, 1184.07
1143.23, 1184.11
1143.66, 1184.16
1144.09, 1184.2
1144.52, 1184.25
1144.94, 1184.29
1145.37, 1184.34
1145.8, 1184.38
1146.23, 1184.43
1146.66, 1184.47
1147.09, 1184.52
1147.51, 1184.56
1147.94, 1184.6
1148.37, 1184.64
1148.8, 1184.69
1149.23, 1184.73
1149.65, 1184.77
1150.08, 1184.81
1150.51, 1184.85
1150.94, 1184.88
1151.37, 1184.92
1151.8, 1184.96
1152.23, 1184.99
1152.66, 1185.03
1153.09, 1185.07
1153.51, 1185.1
1153.94, 1185.13
1154.37, 1185.16
1154.8, 1185.2

waypoints
x, y
1121.99, 1182.4
1122.42, 1182.45
1122.85, 1182.51
1123.28, 1182.56
1123.7, 1182.62
1124.13, 1182.67
1124.56, 1182.73
1124.98, 1182.78
1125.41, 1182.84
1125.84, 1182.89
1126.26, 1182.95
1126.69, 1183.01
1127.12, 1183.06
1127.54, 1183.12
1127.65, 1183.14
1128.08, 1183.17
1128.51, 1183.2
1128.94, 1183.23
1129.37, 1183.27
1129.8, 1183.3
1130.23, 1183.33
1130.66, 1183.37
1131.09, 1183.4
1131.52, 1183.43
1131.94, 1183.46
1132.38, 1183.49
1132.8, 1183.53
1133.23, 1183.56
1133.66, 1183.59
1134.09, 1183.63
1134.22, 1183.3
1134.65, 1183.33
1135.08, 1183.36
1135.51, 1183.39
1135.94, 1183.43
1136.37, 1183.46
1136.8, 1183.5
1137.23, 1183.54
1137.66, 1183.57
1138.09, 1183.61
1138.52, 1183.65
1138.95, 1183.69
1139.38, 1183.73
1139.81, 1183.77
1140.23, 1183.81
1140.66, 1183.85
1141.09, 1183.89
1141.52, 1183.93
1141.95, 1183.98
1142.38, 1184.02
1142.81, 1184.07
1143.23, 1184.11
1143.66, 1184.16
1144.09, 1184.2
1144.52, 1184.25
1144.94, 1184.29
1145.37, 1184.34
1145.8, 1184.38
1146.23, 1184.43
1146.66, 1184.47
1147.09, 1184.52
1147.51, 1184.56
1147.94, 1184.6
1148.37, 1184.64
1148.8, 1184.69
1149.23, 1184.73
1149.65, 1184.77
1150.08, 1184.81
1150.51, 1184.85
1150.94, 1184.88
1151.37, 1184.92
1151.8, 1184.96
1152.23, 1184.99
1152.66, 1185.03
1153.09, 1185.07
1153.51, 1185.1
1153.94, 1185.13
1154.37, 1185.16
1154.8, 1185.2

waypoints
x, y
1123.7, 1182.62
1124.13, 1182.67
1124.56, 1182.73
1124.98, 1182.78
1125.41, 1182.84
1125.84, 1182.89
1126.26, 1182.95
1126.69, 1183.01
1127.12, 1183.06
1127.54, 1183.12
1127.65, 1183.14
1128.08, 1183.17
1128.51, 1183.2
1128.94, 1183.23
1129.37, 1183.27
1129.8, 1183.3
1130.23, 1183.33
1130.66, 1183.37
1131.09, 1183.4
1131.52, 1183.43
1131.94, 1183.46
1132.38, 1183.49
1132.8, 1183.53
1133.23, 1183.56
1133.66, 1183.59
1134.09, 1183.63
1134.22, 1183.3
1134.65, 1183.33
1135.08, 1183.36
1135.51, 1183.39
1135.94, 1183.43
1136.37, 1183.46
1136.8, 1183.5
1137.23, 1183.54
1137.66, 1183.57
1138.09, 1183.61
1138.52, 1183.65
1138.95, 1183.69
1139.38, 1183.73
1139.81, 1183.77
1140.23, 1183.81
1140.66, 1183.85
1141.09, 1183.89
1141.52, 1183.93
1141.95, 1183.98
1142.38, 1184.02
1142.81, 1184.07
1143.23, 1184.11
1143.66, 1184.16
1144.09, 1184.2
1144.52, 1184.25
1144.94, 1184.29
1145.37, 1184.34
1145.8, 1184.38
1146.23, 1184.43
1146.66, 1184.47
1147.09, 1184.52
1147.51, 1184.56
1147.94, 1184.6
1148.37, 1184.64
1148.8, 1184.69
1149.23, 1184.73
1149.65, 1184.77
1150.08, 1184.81
1150.51, 1184.85
1150.94, 1184.88
1151.37, 1184.92
1151.8, 1184.96
1152.23, 1184.99
1152.66, 1185.03
1153.09, 1185.07
1153.51, 1185.1
1153.94, 1185.13
1154.37, 1185.16
1154.8, 1185.2

waypoints
x, y
1125.41, 1182.84
1125.84, 1182.89
1126.26, 1182.95
1126.69, 1183.01
1127.12, 1183.06
1127.54, 1183.12
1127.65, 1183.14
1128.08, 1183.17
1128.51, 1183.2
1128.94, 1183.23
1129.37, 1183.27
1129.8, 1183.3
1130.23, 1183.33
1130.66, 1183.37
1131.09, 1183.4
1131.52, 1183.43
1131.94, 1183.46
1132.38, 1183.49
1132.8, 1183.53
1133.23, 1183.56
1133.66, 1183.59
1134.09, 1183.63
1134.22, 1183.3
1134.65, 1183.33
1135.08, 1183.36
1135.51, 1183.39
1135.94, 1183.43
1136.37, 1183.46
1136.8, 1183.5
1137.23, 1183.54
1137.66, 1183.57
1138.09, 1183.61
1138.52, 1183.65
1138.95, 1183.69
1139.38, 1183.73
1139.81, 1183.77
1140.23, 1183.81
1140.66, 1183.85
1141.09, 1183.89
1141.52, 1183.93
1141.95, 1183.98
1142.38, 1184.02
1142.81, 1184.07
1143.23, 1184.11
1143.66, 1184.16
1144.09, 1184.2
1144.52, 1184.25
1144.94, 1184.29
1145.37, 1184.34
1145.8, 1184.38
1146.23, 1184.43
1146.66, 1184.47
1147.09, 1184.52
1147.51, 1184.56
1147.94, 1184.6
1148.37, 1184.64
1148.8, 1184.69
1149.23, 1184.73
1149.65, 1184.77
1150.08, 1184.81
1150.51, 1184.85
1150.94, 1184.88
1151.37, 1184.92
1151.8, 1184.96
1152.23, 1184.99
1152.66, 1185.03
1153.09, 1185.07
1153.51, 1185.1
1153.94, 1185.13
1154.37, 1185.16
1154.8, 1185.2

waypoints
x, y
1126.69, 1183.01
1127.12, 1183.06
1127.54, 1183.12
1127.65, 1183.14
1128.08, 1183.17
1128.51, 1183.2
1128.94, 1183.23
1129.37, 1183.27
1129.8, 1183.3
1130.23, 1183.33
1130.66, 1183.37
1131.09, 1183.4
1131.52, 1183.43
1131.94, 1183.46
1132.38, 1183.49
1132.8, 1183.53
1133.23, 1183.56
1133.66, 1183.59
1134.09, 1183.63
1134.22, 1183.3
1134.65, 1183.33
1135.08, 1183.36
1135.51, 1183.39
1135.94, 1183.43
1136.37, 1183.46
1136.8, 1183.5
1137.23, 1183.54
1137.66, 1183.57
1138.09, 1183.61
1138.52, 1183.65
1138.95, 1183.69
1139.38, 1183.73
1139.81, 1183.77
1140.23, 1183.81
1140.66, 1183.85
1141.09, 1183.89
1141.52, 1183.93
1141.95, 1183.98
1142.38, 1184.02
1142.81, 1184.07
1143.23, 1184.11
1143.66, 1184.16
1144.09, 1184.2
1144.52, 1184.25
1144.94, 1184.29
1145.37, 1184.34
1145.8, 1184.38
1146.23, 1184.43
1146.66, 1184.47
1147.09, 1184.52
1147.51, 1184.56
1147.94, 1184.6
1148.37, 1184.64
1148.8, 1184.69
1149.23, 1184.73
1149.65, 1184.77
1150.08, 1184.81
1150.51, 1184.85
1150.94, 1184.88
1151.37, 1184.92
1151.8, 1184.96
1152.23, 1184.99
1152.66, 1185.03
1153.09, 1185.07
1153.51, 1185.1
1153.94, 1185.13
1154.37, 1185.16
1154.8, 1185.2

waypoints
x, y
1128.08, 1183.17
1128.51, 1183.2
1128.94, 1183.23
1129.37, 1183.27
1129.8, 1183.3
1130.23, 1183.33
1130.66, 1183.37
1131.09, 1183.4
1131.52, 1183.43
1131.94, 1183.46
1132.38, 1183.49
1132.8, 1183.53
1133.23, 1183.56
1133.66, 1183.59
1134.09, 1183.63
1134.22, 1183.3
1134.65, 1183.33
1135.08, 1183.36
1135.51, 1183.39
1135.94, 1183.43
1136.37, 1183.46
1136.8, 1183.5
1137.23, 1183.54
1137.66, 1183.57
1138.09, 1183.61
1138.52, 1183.65
1138.95, 1183.69
1139.38, 1183.73
1139.81, 1183.77
1140.23, 1183.81
1140.66, 1183.85
1141.09, 1183.89
1141.52, 1183.93
1141.95, 1183.98
1142.38, 1184.02
1142.81, 1184.07
1143.23, 1184.11
1143.66, 1184.16
1144.09, 1184.2
1144.52, 1184.25
1144.94, 1184.29
1145.37, 1184.34
1145.8, 1184.38
1146.23, 1184.43
1146.66, 1184.47
1147.09, 1184.52
1147.51, 1184.56
1147.94, 1184.6
1148.37, 1184.64
1148.8, 1184.69
1149.23, 1184.73
1149.65, 1184.77
1150.08, 1184.81
1150.51, 1184.85
1150.94, 1184.88
1151.37, 1184.92
1151.8, 1184.96
1152.23, 1184.99
1152.66, 1185.03
1153.09, 1185.07
1153.51, 1185.1
1153.94, 1185.13
1154.37, 1185.16
1154.8, 1185.2

waypoints
x, y
1129.8, 1183.3
1130.23, 1183.33
1130.66, 1183.37
1131.09, 1183.4
1131.52, 1183.43
1131.94, 1183.46
1132.38, 1183.49
1132.8, 1183.53
1133.23, 1183.56
1133.66, 1183.59
1134.09, 1183.63
1134.22, 1183.3
1134.65, 1183.33
1135.08, 1183.36
1135.51, 1183.39
1135.94, 1183.43
1136.37, 1183.46
1136.8, 1183.5
1137.23, 1183.54
1137.66, 1183.57
1138.09, 1183.61
1138.52, 1183.65
1138.95, 1183.69
1139.38, 1183.73
1139.81, 1183.77
1140.23, 1183.81
1140.66, 1183.85
1141.09, 1183.89
1141.52, 1183.93
1141.95, 1183.98
1142.38, 1184.02
1142.81, 1184.07
1143.23, 1184.11
1143.66, 1184.16
1144.09, 1184.2
1144.52, 1184.25
1144.94, 1184.29
1145.37, 1184.34
1145.8, 1184.38
1146.23, 1184.43
1146.66, 1184.47
1147.09, 1184.52
1147.51, 1184.56
1147.94, 1184.6
1148.37, 1184.64
1148.8, 1184.69
1149.23, 1184.73
1149.65, 1184.77
1150.08, 1184.81
1150.51, 1184.85
1150.94, 1184.88
1151.37, 1184.92
1151.8, 1184.96
1152.23, 1184.99
1152.66, 1185.03
1153.09, 1185.07
1153.51, 1185.1
1153.94, 1185.13
1154.37, 1185.16
1154.8, 1185.2

waypoints
x, y
1131.52, 1183.43
1131.94, 1183.46
1132.38, 1183.49
1132.8, 1183.53
1133.23, 1183.56
1133.66, 1183.59
1134.09, 1183.63
1134.22, 1183.3
1134.65, 1183.33
1135.08, 1183.36
1135.51, 1183.39
1135.94, 1183.43
1136.37, 1183.46
1136.8, 1183.5
1137.23, 1183.54
1137.66, 1183.57
1138.09, 1183.61
1138.52, 1183.65
1138.95, 1183.69
1139.38, 1183.73
1139.81, 1183.77
1140.23, 1183.81
1140.66, 1183.85
1141.09, 1183.89
1141.52, 1183.93
1141.95, 1183.98
1142.38, 1184.02
1142.81, 1184.07
1143.23, 1184.11
1143.66, 1184.16
1144.09, 1184.2
1144.52, 1184.25
1144.94, 1184.29
1145.37, 1184.34
1145.8, 1184.38
1146.23, 1184.43
1146.66, 1184.47
1147.09, 1184.52
1147.51, 1184.56
1147.94, 1184.6
1148.37, 1184.64
1148.8, 1184.69
1149.23, 1184.73
1149.65, 1184.77
1150.08, 1184.81
1150.51, 1184.85
1150.94, 1184.88
1151.37, 1184.92
1151.8, 1184.96
1152.23, 1184.99
1152.66, 1185.03
1153.09, 1185.07
1153.51, 1185.1
1153.94, 1185.13
1154.37, 1185.16
1154.8, 1185.2

waypoints
x, y
1133.23, 1183.56
1133.66, 1183.59
1134.09, 1183.63
1134.22, 1183.3
1134.65, 1183.33
1135.08, 1183.36
1135.51, 1183.39
1135.94, 1183.43
1136.37, 1183.46
1136.8, 1183.5
1137.23, 1183.54
1137.66, 1183.57
1138.09, 1183.61
1138.52, 1183.65
1138.95, 1183.69
1139.38, 1183.73
1139.81, 1183.77
1140.23, 1183.81
1140.66, 1183.85
1141.09, 1183.89
1141.52, 1183.93
1141.95, 1183.98
1142.38, 1184.02
1142.81, 1184.07
1143.23, 1184.11
1143.66, 1184.16
1144.09, 1184.2
1144.52, 1184.25
1144.94, 1184.29
1145.37, 1184.34
1145.8, 1184.38
1146.23, 1184.43
1146.66, 1184.47
1147.09, 1184.52
1147.51, 1184.56
1147.94, 1184.6
1148.37, 1184.64
1148.8, 1184.69
1149.23, 1184.73
1149.65, 1184.77
1150.08, 1184.81
1150.51, 1184.85
1150.94, 1184.88
1151.37, 1184.92
1151.8, 1184.96
1152.23, 1184.99
1152.66, 1185.03
1153.09, 1185.07
1153.51, 1185.1
1153.94, 1185.13
1154.37, 1185.16
1154.8, 1185.2

waypoints
x, y
1134.65, 1183.33
1135.08, 1183.36
1135.51, 1183.39
1135.94, 1183.43
1136.37, 1183.46
1136.8, 1183.5
1137.23, 1183.54
1137.66, 1183.57
1138.09, 1183.61
1138.52, 1183.65
1138.95, 1183.69
1139.38, 1183.73
1139.81, 1183.77
1140.23, 1183.81
1140.66, 1183.85
1141.09, 1183.89
1141.52, 1183.93
1141.95, 1183.98
1142.38, 1184.02
1142.81, 1184.07
1143.23, 1184.11
1143.66, 1184.16
1144.09, 1184.2
1144.52, 1184.25
1144.94, 1184.29
1145.37, 1184.34
1145.8, 1184.38
1146.23, 1184.43
1146.66, 1184.47
1147.09, 1184.52
1147.51, 1184.56
1147.94, 1184.6
1148.37, 1184.64
1148.8, 1184.69
1149.23, 1184.73
1149.65, 1184.77
1150.08, 1184.81
1150.51, 1184.85
1150.94, 1184.88
1151.37, 1184.92
1151.8, 1184.96
1152.23, 1184.99
1152.66, 1185.03
1153.09, 1185.07
1153.51, 1185.1
1153.94, 1185.13
1154.37, 1185.16
1154.8, 1185.2
1155.16, 1185.23
1155.51, 1185.25
1155.87, 1185.28
1156.22, 1185.31
1156.59, 1185.33
1156.95, 1185.36
1157.32, 1185.39
1157.7, 1185.42
1158.08, 1185.45
1158.47, 1185.48
1158.86, 1185.51
1159.26, 1185.54
1159.67, 1185.57
1160.08, 1185.6
1160.5, 1185.63
1160.75, 1185.64
1161.18, 1185.66
1161.61, 1185.68
1162.05, 1185.71
1162.49, 1185.73
1162.94, 1185.75
1163.4, 1185.77
1163.85, 1185.79
1164.31, 1185.81
1164.77, 1185.83
1165.24, 1185.86
1165.71, 1185.88
1166.17, 1185.9
1166.64, 1185.92
1167.11, 1185.94
1167.58, 1185.97
1168.05, 1185.99
1168.52, 1186.01
1168.98, 1186.03
1169.45, 1186.05
1169.91, 1186.08
1170.37, 1186.1
1170.83, 1186.12
1171.29, 1186.14
1171.74, 1186.16
1172.19, 1186.18
1172.64, 1186.2
1173.08, 1186.23
1173.52, 1186.25
1173.96, 1186.27
1174.4, 1186.29
1174.83, 1186.31
1175.26, 1186.33
1175.69, 1186.35

waypoints
x, y
1136.37, 1183.46
1136.8, 1183.5
1137.23, 1183.54
1137.66, 1183.57
1138.09, 1183.61
1138.52, 1183.65
1138.95, 1183.69
1139.38, 1183.73
1139.81, 1183.77
1140.23, 1183.81
1140.66, 1183.85
1141.09, 1183.89
1141.52, 1183.93
1141.95, 1183.98
1142.38, 1184.02
1142.81, 1184.07
1143.23, 1184.11
1143.66, 1184.16
1144.09, 1184.2
1144.52, 1184.25
1144.94, 1184.29
1145.37, 1184.34
1145.8, 1184.38
1146.23, 1184.43
1146.66, 1184.47
1147.09, 1184.52
1147.51, 1184.56
1147.94, 1184.6
1148.37, 1184.64
1148.8, 1184.69
1149.23, 1184.73
1149.65, 1184.77
1150.08, 1184.81
1150.51, 1184.85
1150.94, 1184.88
1151.37, 1184.92
1151.8, 1184.96
1152.23, 1184.99
1152.66, 1185.03
1153.09, 1185.07
1153.51, 1185.1
1153.94, 1185.13
1154.37, 1185.16
1154.8, 1185.2
1155.16, 1185.22
1155.51, 1185.25
1155.87, 1185.28
1156.22, 1185.31
1156.59, 1185.33
1156.95, 1185.36
1157.32, 1185.39
1157.7, 1185.42
1158.08, 1185.45
1158.47, 1185.48
1158.86, 1185.51
1159.26, 1185.54
1159.67, 1185.57
1160.08, 1185.6
1160.49, 1185.63
1160.75, 1185.64
1161.17, 1185.66
1161.61, 1185.68
1162.05, 1185.7
1162.49, 1185.73
1162.94, 1185.75
1163.39, 1185.77
1163.85, 1185.79
1164.31, 1185.81
1164.77, 1185.83
1165.24, 1185.86
1165.7, 1185.88
1166.17, 1185.9
1166.64, 1185.92
1167.11, 1185.94
1167.58, 1185.97
1168.05, 1185.99
1168.52, 1186.01
1168.98, 1186.03
1169.45, 1186.05
1169.91, 1186.08
1170.37, 1186.1
1170.83, 1186.12
1171.29, 1186.14
1171.74, 1186.16
1172.19, 1186.18
1172.64, 1186.2
1173.08, 1186.22
1173.52, 1186.25
1173.96, 1186.27
1174.4, 1186.29
1174.83, 1186.31
1175.26, 1186.33
1175.69, 1186.35

waypoints
x, y
1138.09, 1183.61
1138.52, 1183.65
1138.95, 1183.69
1139.38, 1183.73
1139.81, 1183.77
1140.23, 1183.81
1140.66, 1183.85
1141.09, 1183.89
1141.52, 1183.93
1141.95, 1183.98
1142.38, 1184.02
1142.81, 1184.07
1143.23, 1184.11
1143.66, 1184.16
1144.09, 1184.2
1144.52, 1184.25
1144.94, 1184.29
1145.37, 1184.34
1145.8, 1184.38
1146.23, 1184.43
1146.66, 1184.47
1147.09, 1184.52
1147.51, 1184.56
1147.94, 1184.6
1148.37, 1184.64
1148.8, 1184.69
1149.23, 1184.73
1149.65, 1184.77
1150.08, 1184.81
1150.51, 1184.85
1150.94, 1184.88
1151.37, 1184.92
1151.8, 1184.96
1152.23, 1184.99
1152.66, 1185.03
1153.09, 1185.07
1153.51, 1185.1
1153.94, 1185.13
1154.37, 1185.16
1154.8, 1185.2
1155.16, 1185.22
1155.51, 1185.25
1155.87, 1185.28
1156.22, 1185.31
1156.59, 1185.33
1156.95, 1185.36
1157.32, 1185.39
1157.7, 1185.42
1158.08, 1185.45
1158.47, 1185.48
1158.86, 1185.51
1159.26, 1185.54
1159.67, 1185.57
1160.08, 1185.6
1160.49, 1185.63
1160.75, 1185.64
1161.17, 1185.66
1161.61, 1185.68
1162.05, 1185.7
1162.49, 1185.73
1162.94, 1185.75
1163.39, 1185.77
1163.85, 1185.79
1164.31, 1185.81
1164.77, 1185.83
1165.24, 1185.86
1165.7, 1185.88
1166.17, 1185.9
1166.64, 1185.92
1167.11, 1185.94
1167.58, 1185.97
1168.05, 1185.99
1168.52, 1186.01
1168.98, 1186.03
1169.45, 1186.05
1169.91, 1186.08
1170.37, 1186.1
1170.83, 1186.12
1171.29, 1186.14
1171.74, 1186.16
1172.19, 1186.18
1172.64, 1186.2
1173.08, 1186.22
1173.52, 1186.25
1173.96, 1186.27
1174.4, 1186.29
1174.83, 1186.31
1175.26, 1186.33
1175.69, 1186.35

waypoints
x, y
1139.81, 1183.77
1140.23, 1183.81
1140.66, 1183.85
1141.09, 1183.89
1141.52, 1183.93
1141.95, 1183.98
1142.38, 1184.02
1142.81, 1184.07
1143.23, 1184.11
1143.66, 1184.16
1144.09, 1184.2
1144.52, 1184.25
1144.94, 1184.29
1145.37, 1184.34
1145.8, 1184.38
1146.23, 1184.43
1146.66, 1184.47
1147.09, 1184.52
1147.51, 1184.56
1147.94, 1184.6
1148.37, 1184.64
1148.8, 1184.69
1149.23, 1184.73
1149.65, 1184.77
1150.08, 1184.81
1150.51, 1184.85
1150.94, 1184.88
1151.37, 1184.92
1151.8, 1184.96
1152.23, 1184.99
1152.66, 1185.03
1153.09, 1185.07
1153.51, 1185.1
1153.94, 1185.13
1154.37, 1185.16
1154.8, 1185.2
1155.16, 1185.22
1155.51, 1185.25
1155.87, 1185.28
1156.22, 1185.31
1156.59, 1185.33
1156.95, 1185.36
1157.32, 1185.39
1157.7, 1185.42
1158.08, 1185.45
1158.47, 1185.48
1158.86, 1185.51
1159.26, 1185.54
1159.67, 1185.57
1160.08, 1185.6
1160.49, 1185.63
1160.75, 1185.64
1161.17, 1185.66
1161.61, 1185.68
1162.05, 1185.7
1162.49, 1185.73
1162.94, 1185.75
1163.39, 1185.77
1163.85, 1185.79
1164.31, 1185.81
1164.77, 1185.83
1165.24, 1185.86
1165.7, 1185.88
1166.17, 1185.9
1166.64, 1185.92
1167.11, 1185.94
1167.58, 1185.97
1168.05, 1185.99
1168.52, 1186.01
1168.98, 1186.03
1169.45, 1186.05
1169.91, 1186.08
1170.37, 1186.1
1170.83, 1186.12
1171.29, 1186.14
1171.74, 1186.16
1172.19, 1186.18
1172.64, 1186.2
1173.08, 1186.22
1173.52, 1186.25
1173.96, 1186.27
1174.4, 1186.29
1174.83, 1186.31
1175.26, 1186.33
1175.69, 1186.35

waypoints
x, y
1141.52, 1183.93
1141.95, 1183.98
1142.38, 1184.02
1142.81, 1184.07
1143.23, 1184.11
1143.66, 1184.16
1144.09, 1184.2
1144.52, 1184.25
1144.94, 1184.29
1145.37, 1184.34
1145.8, 1184.38
1146.23, 1184.43
1146.66, 1184.47
1147.09, 1184.52
1147.51, 1184.56
1147.94, 1184.6
1148.37, 1184.64
1148.8, 1184.69
1149.23, 1184.73
1149.65, 1184.77
1150.08, 1184.81
1150.51, 1184.85
1150.94, 1184.88
1151.37, 1184.92
1151.8, 1184.96
1152.23, 1184.99
1152.66, 1185.03
1153.09, 1185.07
1153.51, 1185.1
1153.94, 1185.13
1154.37, 1185.16
1154.8, 1185.2
1155.16, 1185.22
1155.51, 1185.25
1155.87, 1185.28
1156.22, 1185.31
1156.59, 1185.33
1156.95, 1185.36
1157.32, 1185.39
1157.7, 1185.42
1158.08, 1185.45
1158.47, 1185.48
1158.86, 1185.51
1159.26, 1185.54
1159.67, 1185.57
1160.08, 1185.6
1160.49, 1185.63
1160.75, 1185.64
1161.17, 1185.66
1161.61, 1185.68
1162.05, 1185.7
1162.49, 1185.73
1162.94, 1185.75
1163.39, 1185.77
1163.85, 1185.79
1164.31, 1185.81
1164.77, 1185.83
1165.24, 1185.86
1165.7, 1185.88
1166.17, 1185.9
1166.64, 1185.92
1167.11, 1185.94
1167.58, 1185.97
1168.05, 1185.99
1168.52, 1186.01
1168.98, 1186.03
1169.45, 1186.05
1169.91, 1186.08
1170.37, 1186.1
1170.83, 1186.12
1171.29, 1186.14
1171.74, 1186.16
1172.19, 1186.18
1172.64, 1186.2
1173.08, 1186.22
1173.52, 1186.25
1173.96, 1186.27
1174.4, 1186.29
1174.83, 1186.31
1175.26, 1186.33
1175.69, 1186.35

waypoints
x, y
1142.81, 1184.07
1143.23, 1184.11
1143.66, 1184.16
1144.09, 1184.2
1144.52, 1184.25
1144.94, 1184.29
1145.37, 1184.34
1145.8, 1184.38
1146.23, 1184.43
1146.66, 1184.47
1147.09, 1184.52
1147.51, 1184.56
1147.94, 1184.6
1148.37, 1184.64
1148.8, 1184.69
1149.23, 1184.73
1149.65, 1184.77
1150.08, 1184.81
1150.51, 1184.85
1150.94, 1184.88
1151.37, 1184.92
1151.8, 1184.96
1152.23, 1184.99
1152.66, 1185.03
1153.09, 1185.07
1153.51, 1185.1
1153.94, 1185.13
1154.37, 1185.16
1154.8, 1185.2
1155.16, 1185.22
1155.51, 1185.25
1155.87, 1185.28
1156.22, 1185.31
1156.59, 1185.33
1156.95, 1185.36
1157.32, 1185.39
1157.7, 1185.42
1158.08, 1185.45
1158.47, 1185.48
1158.86, 1185.51
1159.26, 1185.54
1159.67, 1185.57
1160.08, 1185.6
1160.49, 1185.63
1160.75, 1185.64
1161.17, 1185.66
1161.61, 1185.68
1162.05, 1185.7
1162.49, 1185.73
1162.94, 1185.75
1163.39, 1185.77
1163.85, 1185.79
1164.31, 1185.81
1164.77, 1185.83
1165.24, 1185.86
1165.7, 1185.88
1166.17, 1185.9
1166.64, 1185.92
1167.11, 1185.94
1167.58, 1185.97
1168.05, 1185.99
1168.52, 1186.01
1168.98, 1186.03
1169.45, 1186.05
1169.91, 1186.08
1170.37, 1186.1
1170.83, 1186.12
1171.29, 1186.14
1171.74, 1186.16
1172.19, 1186.18
1172.64, 1186.2
1173.08, 1186.22
1173.52, 1186.25
1173.96, 1186.27
1174.4, 1186.29
1174.83, 1186.31
1175.26, 1186.33
1175.69, 1186.35

waypoints
x, y
1144.52, 1184.25
1144.94, 1184.29
1145.37, 1184.34
1145.8, 1184.38
1146.23, 1184.43
1146.66, 1184.47
1147.09, 1184.52
1147.51, 1184.56
1147.94, 1184.6
1148.37, 1184.64
1148.8, 1184.69
1149.23, 1184.73
1149.65, 1184.77
1150.08, 1184.81
1150.51, 1184.85
1150.94, 1184.88
1151.37, 1184.92
1151.8, 1184.96
1152.23, 1184.99
1152.66, 1185.03
1153.09, 1185.07
1153.51, 1185.1
1153.94, 1185.13
1154.37, 1185.16
1154.8, 1185.2
1155.16, 1185.22
1155.51, 1185.25
1155.87, 1185.28
1156.22, 1185.31
1156.59, 1185.33
1156.95, 1185.36
1157.32, 1185.39
1157.7, 1185.42
1158.08, 1185.45
1158.47, 1185.48
1158.86, 1185.51
1159.26, 1185.54
1159.67, 1185.57
1160.08, 1185.6
1160.49, 1185.63
1160.75, 1185.64
1161.17, 1185.66
1161.61, 1185.68
1162.05, 1185.7
1162.49, 1185.73
1162.94, 1185.75
1163.39, 1185.77
1163.85, 1185.79
1164.31, 1185.81
1164.77, 1185.83
1165.24, 1185.86
1165.7, 1185.88
1166.17, 1185.9
1166.64, 1185.92
1167.11, 1185.94
1167.58, 1185.97
1168.05, 1185.99
1168.52, 1186.01
1168.98, 1186.03
1169.45, 1186.05
1169.91, 1186.08
1170.37, 1186.1
1170.83, 1186.12
1171.29, 1186.14
1171.74, 1186.16
1172.19, 1186.18
1172.64, 1186.2
1173.08, 1186.22
1173.52, 1186.25
1173.96, 1186.27
1174.4, 1186.29
1174.83, 1186.31
1175.26, 1186.33
1175.69, 1186.35

waypoints
x, y
1145.8, 1184.38
1146.23, 1184.43
1146.66, 1184.47
1147.09, 1184.52
1147.51, 1184.56
1147.94, 1184.6
1148.37, 1184.64
1148.8, 1184.69
1149.23, 1184.73
1149.65, 1184.77
1150.08, 1184.81
1150.51, 1184.85
1150.94, 1184.88
1151.37, 1184.92
1151.8, 1184.96
1152.23, 1184.99
1152.66, 1185.03
1153.09, 1185.07
1153.51, 1185.1
1153.94, 1185.13
1154.37, 1185.16
1154.8, 1185.2
1155.16, 1185.22
1155.51, 1185.25
1155.87, 1185.28
1156.22, 1185.31
1156.59, 1185.33
1156.95, 1185.36
1157.32, 1185.39
1157.7, 1185.42
1158.08, 1185.45
1158.47, 1185.48
1158.86, 1185.51
1159.26, 1185.54
1159.67, 1185.57
1160.08, 1185.6
1160.49, 1185.63
1160.75, 1185.64
1161.17, 1185.66
1161.61, 1185.68
1162.05, 1185.7
1162.49, 1185.73
1162.94, 1185.75
1163.39, 1185.77
1163.85, 1185.79
1164.31, 1185.81
1164.77, 1185.83
1165.24, 1185.86
1165.7, 1185.88
1166.17, 1185.9
1166.64, 1185.92
1167.11, 1185.94
1167.58, 1185.97
1168.05, 1185.99
1168.52, 1186.01
1168.98, 1186.03
1169.45, 1186.05
1169.91, 1186.08
1170.37, 1186.1
1170.83, 1186.12
1171.29, 1186.14
1171.74, 1186.16
1172.19, 1186.18
1172.64, 1186.2
1173.08, 1186.22
1173.52, 1186.25
1173.96, 1186.27
1174.4, 1186.29
1174.83, 1186.31
1175.26, 1186.33
1175.69, 1186.35

waypoints
x, y
1147.51, 1184.56
1147.94, 1184.6
1148.37, 1184.64
1148.8, 1184.69
1149.23, 1184.73
1149.65, 1184.77
1150.08, 1184.81
1150.51, 1184.85
1150.94, 1184.88
1151.37, 1184.92
1151.8, 1184.96
1152.23, 1184.99
1152.66, 1185.03
1153.09, 1185.07
1153.51, 1185.1
1153.94, 1185.13
1154.37, 1185.16
1154.8, 1185.2
1155.16, 1185.22
1155.51, 1185.25
1155.87, 1185.28
1156.22, 1185.31
1156.59, 1185.33
1156.95, 1185.36
1157.32, 1185.39
1157.7, 1185.42
1158.08, 1185.45
1158.47, 1185.48
1158.86, 1185.51
1159.26, 1185.54
1159.67, 1185.57
1160.08, 1185.6
1160.49, 1185.63
1160.75, 1185.64
1161.17, 1185.66
1161.61, 1185.68
1162.05, 1185.7
1162.49, 1185.73
1162.94, 1185.75
1163.39, 1185.77
1163.85, 1185.79
1164.31, 1185.81
1164.77, 1185.83
1165.24, 1185.86
1165.7, 1185.88
1166.17, 1185.9
1166.64, 1185.92
1167.11, 1185.94
1167.58, 1185.97
1168.05, 1185.99
1168.52, 1186.01
1168.98, 1186.03
1169.45, 1186.05
1169.91, 1186.08
1170.37, 1186.1
1170.83, 1186.12
1171.29, 1186.14
1171.74, 1186.16
1172.19, 1186.18
1172.64, 1186.2
1173.08, 1186.22
1173.52, 1186.25
1173.96, 1186.27
1174.4, 1186.29
1174.83, 1186.31
1175.26, 1186.33
1175.69, 1186.35

waypoints
x, y
1149.23, 1184.73
1149.65, 1184.77
1150.08, 1184.81
1150.51, 1184.85
1150.94, 1184.88
1151.37, 1184.92
1151.8, 1184.96
1152.23, 1184.99
1152.66, 1185.03
1153.09, 1185.07
1153.51, 1185.1
1153.94, 1185.13
1154.37, 1185.16
1154.8, 1185.2
1155.16, 1185.22
1155.51, 1185.25
1155.87, 1185.28
1156.22, 1185.31
1156.59, 1185.33
1156.95, 1185.36
1157.32, 1185.39
1157.7, 1185.42
1158.08, 1185.45
1158.47, 1185.48
1158.86, 1185.51
1159.26, 1185.54
1159.67, 1185.57
1160.08, 1185.6
1160.49, 1185.63
1160.75, 1185.64
1161.17, 1185.66
1161.61, 1185.68
1162.05, 1185.7
1162.49, 1185.73
1162.94, 1185.75
1163.39, 1185.77
1163.85, 1185.79
1164.31, 1185.81
1164.77, 1185.83
1165.24, 1185.86
1165.7, 1185.88
1166.17, 1185.9
1166.64, 1185.92
1167.11, 1185.94
1167.58, 1185.97
1168.05, 1185.99
1168.52, 1186.01
1168.98, 1186.03
1169.45, 1186.05
1169.91, 1186.08
1170.37, 1186.1
1170.83, 1186.12
1171.29, 1186.14
1171.74, 1186.16
1172.19, 1186.18
1172.64, 1186.2
1173.08, 1186.22
1173.52, 1186.25
1173.96, 1186.27
1174.4, 1186.29
1174.83, 1186.31
1175.26, 1186.33
1175.69, 1186.35

waypoints
x, y
1150.94, 1184.88
1151.37, 1184.92
1151.8, 1184.96
1152.23, 1184.99
1152.66, 1185.03
1153.09, 1185.07
1153.51, 1185.1
1153.94, 1185.13
1154.37, 1185.16
1154.8, 1185.2
1155.16, 1185.22
1155.51, 1185.25
1155.87, 1185.28
1156.22, 1185.31
1156.59, 1185.33
1156.95, 1185.36
1157.32, 1185.39
1157.7, 1185.42
1158.08, 1185.45
1158.47, 1185.48
1158.86, 1185.51
1159.26, 1185.54
1159.67, 1185.57
1160.08, 1185.6
1160.49, 1185.63
1160.75, 1185.64
1161.17, 1185.66
1161.61, 1185.68
1162.05, 1185.7
1162.49, 1185.73
1162.94, 1185.75
1163.39, 1185.77
1163.85, 1185.79
1164.31, 1185.81
1164.77, 1185.83
1165.24, 1185.86
1165.7, 1185.88
1166.17, 1185.9
1166.64, 1185.92
1167.11, 1185.94
1167.58, 1185.97
1168.05, 1185.99
1168.52, 1186.01
1168.98, 1186.03
1169.45, 1186.05
1169.91, 1186.08
1170.37, 1186.1
1170.83, 1186.12
1171.29, 1186.14
1171.74, 1186.16
1172.19, 1186.18
1172.64, 1186.2
1173.08, 1186.22
1173.52, 1186.25
1173.96, 1186.27
1174.4, 1186.29
1174.83, 1186.31
1175.26, 1186.33
1175.69, 1186.35

waypoints
x, y
1152.23, 1184.99
1152.66, 1185.03
1153.09, 1185.07
1153.51, 1185.1
1153.94, 1185.13
1154.37, 1185.16
1154.8, 1185.2
1155.16, 1185.22
1155.51, 1185.25
1155.87, 1185.28
1156.22, 1185.31
1156.59, 1185.33
1156.95, 1185.36
1157.32, 1185.39
1157.7, 1185.42
1158.08, 1185.45
1158.47, 1185.48
1158.86, 1185.51
1159.26, 1185.54
1159.67, 1185.57
1160.08, 1185.6
1160.49, 1185.63
1160.75, 1185.64
1161.17, 1185.66
1161.61, 1185.68
1162.05, 1185.7
1162.49, 1185.73
1162.94, 1185.75
1163.39, 1185.77
1163.85, 1185.79
1164.31, 1185.81
1164.77, 1185.83
1165.24, 1185.86
1165.7, 1185.88
1166.17, 1185.9
1166.64, 1185.92
1167.11, 1185.94
1167.58, 1185.97
1168.05, 1185.99
1168.52, 1186.01
1168.98, 1186.03
1169.45, 1186.05
1169.91, 1186.08
1170.37, 1186.1
1170.83, 1186.12
1171.29, 1186.14
1171.74, 1186.16
1172.19, 1186.18
1172.64, 1186.2
1173.08, 1186.22
1173.52, 1186.25
1173.96, 1186.27
1174.4, 1186.29
1174.83, 1186.31
1175.26, 1186.33
1175.69, 1186.35

waypoints
x, y
1153.94, 1185.13
1154.37, 1185.16
1154.8, 1185.2
1155.16, 1185.22
1155.51, 1185.25
1155.87, 1185.28
1156.22, 1185.31
1156.59, 1185.33
1156.95, 1185.36
1157.32, 1185.39
1157.7, 1185.42
1158.08, 1185.45
1158.47, 1185.48
1158.86, 1185.51
1159.26, 1185.54
1159.67, 1185.57
1160.08, 1185.6
1160.49, 1185.63
1160.75, 1185.64
1161.17, 1185.66
1161.61, 1185.68
1162.05, 1185.7
1162.49, 1185.73
1162.94, 1185.75
1163.39, 1185.77
1163.85, 1185.79
1164.31, 1185.81
1164.77, 1185.83
1165.24, 1185.86
1165.7, 1185.88
1166.17, 1185.9
1166.64, 1185.92
1167.11, 1185.94
1167.58, 1185.97
1168.05, 1185.99
1168.52, 1186.01
1168.98, 1186.03
1169.45, 1186.05
1169.91, 1186.08
1170.37, 1186.1
1170.83, 1186.12
1171.29, 1186.14
1171.74, 1186.16
1172.19, 1186.18
1172.64, 1186.2
1173.08, 1186.22
1173.52, 1186.25
1173.96, 1186.27
1174.4, 1186.29
1174.83, 1186.31
1175.26, 1186.33
1175.69, 1186.35

waypoints
x, y
1155.51, 1185.25
1155.87, 1185.28
1156.22, 1185.31
1156.59, 1185.33
1156.95, 1185.36
1157.32, 1185.39
1157.7, 1185.42
1158.08, 1185.45
1158.47, 1185.48
1158.86, 1185.51
1159.26, 1185.54
1159.67, 1185.57
1160.08, 1185.6
1160.49, 1185.63
1160.75, 1185.64
1161.17, 1185.66
1161.61, 1185.68
1162.05, 1185.7
1162.49, 1185.73
1162.94, 1185.75
1163.39, 1185.77
1163.85, 1185.79
1164.31, 1185.81
1164.77, 1185.83
1165.24, 1185.86
1165.7, 1185.88
1166.17, 1185.9
1166.64, 1185.92
1167.11, 1185.94
1167.58, 1185.97
1168.05, 1185.99
1168.52, 1186.01
1168.98, 1186.03
1169.45, 1186.05
1169.91, 1186.08
1170.37, 1186.1
1170.83, 1186.12
1171.29, 1186.14
1171.74, 1186.16
1172.19, 1186.18
1172.64, 1186.2
1173.08, 1186.22
1173.52, 1186.25
1173.96, 1186.27
1174.4, 1186.29
1174.83, 1186.31
1175.26, 1186.33
1175.69, 1186.35
1176.05, 1186.36
1176.41, 1186.38
1176.76, 1186.4
1177.12, 1186.42
1177.49, 1186.43
1177.86, 1186.45
1178.23, 1186.47
1178.61, 1186.49
1178.99, 1186.5
1179.38, 1186.52
1179.77, 1186.54
1180.17, 1186.56
1180.58, 1186.58
1180.99, 1186.6
1181.41, 1186.62
1181.83, 1186.64
1182.26, 1186.66
1182.69, 1186.68
1183.13, 1186.7
1183.57, 1186.72
1184.02, 1186.74
1184.48, 1186.76
1184.93, 1186.78
1185.39, 1186.8
1185.85, 1186.82
1186.32, 1186.85
1186.78, 1186.87
1187.25, 1186.89
1187.72, 1186.91
1188.19, 1186.93
1188.66, 1186.95
1189.12, 1186.98
1189.59, 1187
1190.06, 1187.02
1190.52, 1187.04
1190.98, 1187.06
1191.45, 1187.08
1191.9, 1187.1
1192.36, 1187.13
1192.81, 1187.15
1193.26, 1187.17
1193.71, 1187.19
1194.15, 1187.21
1194.59, 1187.23
1195.03, 1187.25
1195.47, 1187.27
1195.9, 1187.29
1196.33, 1187.31
1196.76, 1187.33

waypoints
x, y
1156.59, 1185.33
1156.95, 1185.36
1157.32, 1185.39
1157.7, 1185.42
1158.08, 1185.45
1158.47, 1185.48
1158.86, 1185.51
1159.26, 1185.54
1159.67, 1185.57
1160.08, 1185.6
1160.49, 1185.63
1160.75, 1185.64
1161.17, 1185.66
1161.61, 1185.68
1162.05, 1185.7
1162.49, 1185.73
1162.94, 1185.75
1163.39, 1185.77
1163.85, 1185.79
1164.31, 1185.81
1164.77, 1185.83
1165.24, 1185.86
1165.7, 1185.88
1166.17, 1185.9
1166.64, 1185.92
1167.11, 1185.94
1167.58, 1185.97
1168.05, 1185.99
1168.52, 1186.01
1168.98, 1186.03
1169.45, 1186.05
1169.91, 1186.08
1170.37, 1186.1
1170.83, 1186.12
1171.29, 1186.14
1171.74, 1186.16
1172.19, 1186.18
1172.64, 1186.2
1173.08, 1186.22
1173.52, 1186.25
1173.96, 1186.27
1174.4, 1186.29
1174.83, 1186.31
1175.26, 1186.33
1175.69, 1186.35
1176.05, 1186.37
1176.4, 1186.38
1176.76, 1186.4
1177.12, 1186.41
1177.49, 1186.43
1177.86, 1186.45
1178.23, 1186.47
1178.61, 1186.48
1178.99, 1186.5
1179.38, 1186.52
1179.77, 1186.54
1180.17, 1186.56
1180.58, 1186.58
1180.99, 1186.6
1181.41, 1186.62
1181.83, 1186.64
1182.26, 1186.66
1182.69, 1186.68
1183.13, 1186.7
1183.57, 1186.72
1184.02, 1186.74
1184.47, 1186.76
1184.93, 1186.78
1185.39, 1186.8
1185.85, 1186.82
1186.32, 1186.85
1186.78, 1186.87
1187.25, 1186.89
1187.72, 1186.91
1188.19, 1186.93
1188.65, 1186.95
1189.12, 1186.98
1189.59, 1187
1190.06, 1187.02
1190.52, 1187.04
1190.98, 1187.06
1191.44, 1187.08
1191.9, 1187.1
1192.36, 1187.13
1192.81, 1187.15
1193.26, 1187.17
1193.71, 1187.19
1194.15, 1187.21
1194.59, 1187.23
1195.03, 1187.25
1195.47, 1187.27
1195.9, 1187.29
1196.33, 1187.31
1196.77, 1187.33

waypoints
x, y
1158.08, 1185.45
1158.47, 1185.48
1158.86, 1185.51
1159.26, 1185.54
1159.67, 1185.57
1160.08, 1185.6
1160.49, 1185.63
1160.75, 1185.64
1161.17, 1185.66
1161.61, 1185.68
1162.05, 1185.7
1162.49, 1185.73
1162.94, 1185.75
1163.39, 1185.77
1163.85, 1185.79
1164.31, 1185.81
1164.77, 1185.83
1165.24, 1185.86
1165.7, 1185.88
1166.17, 1185.9
1166.64, 1185.92
1167.11, 1185.94
1167.58, 1185.97
1168.05, 1185.99
1168.52, 1186.01
1168.98, 1186.03
1169.45, 1186.05
1169.91, 1186.08
1170.37, 1186.1
1170.83, 1186.12
1171.29, 1186.14
1171.74, 1186.16
1172.19, 1186.18
1172.64, 1186.2
1173.08, 1186.22
1173.52, 1186.25
1173.96, 1186.27
1174.4, 1186.29
1174.83, 1186.31
1175.26, 1186.33
1175.69, 1186.35
1176.05, 1186.37
1176.4, 1186.38
1176.76, 1186.4
1177.12, 1186.41
1177.49, 1186.43
1177.86, 1186.45
1178.23, 1186.47
1178.61, 1186.48
1178.99, 1186.5
1179.38, 1186.52
1179.77, 1186.54
1180.17, 1186.56
1180.58, 1186.58
1180.99, 1186.6
1181.41, 1186.62
1181.83, 1186.64
1182.26, 1186.66
1182.69, 1186.68
1183.13, 1186.7
1183.57, 1186.72
1184.02, 1186.74
1184.47, 1186.76
1184.93, 1186.78
1185.39, 1186.8
1185.85, 1186.82
1186.32, 1186.85
1186.78, 1186.87
1187.25, 1186.89
1187.72, 1186.91
1188.19, 1186.93
1188.65, 1186.95
1189.12, 1186.98
1189.59, 1187
1190.06, 1187.02
1190.52, 1187.04
1190.98, 1187.06
1191.44, 1187.08
1191.9, 1187.1
1192.36, 1187.13
1192.81, 1187.15
1193.26, 1187.17
1193.71, 1187.19
1194.15, 1187.21
1194.59, 1187.23
1195.03, 1187.25
1195.47, 1187.27
1195.9, 1187.29
1196.33, 1187.31
1196.77, 1187.33

waypoints
x, y
1159.67, 1185.57
1160.08, 1185.6
1160.49, 1185.63
1160.75, 1185.64
1161.17, 1185.66
1161.61, 1185.68
1162.05, 1185.7
1162.49, 1185.73
1162.94, 1185.75
1163.39, 1185.77
1163.85, 1185.79
1164.31, 1185.81
1164.77, 1185.83
1165.24, 1185.86
1165.7, 1185.88
1166.17, 1185.9
1166.64, 1185.92
1167.11, 1185.94
1167.58, 1185.97
1168.05, 1185.99
1168.52, 1186.01
1168.98, 1186.03
1169.45, 1186.05
1169.91, 1186.08
1170.37, 1186.1
1170.83, 1186.12
1171.29, 1186.14
1171.74, 1186.16
1172.19, 1186.18
1172.64, 1186.2
1173.08, 1186.22
1173.52, 1186.25
1173.96, 1186.27
1174.4, 1186.29
1174.83, 1186.31
1175.26, 1186.33
1175.69, 1186.35
1176.05, 1186.37
1176.4, 1186.38
1176.76, 1186.4
1177.12, 1186.41
1177.49, 1186.43
1177.86, 1186.45
1178.23, 1186.47
1178.61, 1186.48
1178.99, 1186.5
1179.38, 1186.52
1179.77, 1186.54
1180.17, 1186.56
1180.58, 1186.58
1180.99, 1186.6
1181.41, 1186.62
1181.83, 1186.64
1182.26, 1186.66
1182.69, 1186.68
1183.13, 1186.7
1183.57, 1186.72
1184.02, 1186.74
1184.47, 1186.76
1184.93, 1186.78
1185.39, 1186.8
1185.85, 1186.82
1186.32, 1186.85
1186.78, 1186.87
1187.25, 1186.89
1187.72, 1186.91
1188.19, 1186.93
1188.65, 1186.95
1189.12, 1186.98
1189.59, 1187
1190.06, 1187.02
1190.52, 1187.04
1190.98, 1187.06
1191.44, 1187.08
1191.9, 1187.1
1192.36, 1187.13
1192.81, 1187.15
1193.26, 1187.17
1193.71, 1187.19
1194.15, 1187.21
1194.59, 1187.23
1195.03, 1187.25
1195.47, 1187.27
1195.9, 1187.29
1196.33, 1187.31
1196.77, 1187.33

waypoints
x, y
1161.17, 1185.66
1161.61, 1185.68
1162.05, 1185.7
1162.49, 1185.73
1162.94, 1185.75
1163.39, 1185.77
1163.85, 1185.79
1164.31, 1185.81
1164.77, 1185.83
1165.24, 1185.86
1165.7, 1185.88
1166.17, 1185.9
1166.64, 1185.92
1167.11, 1185.94
1167.58, 1185.97
1168.05, 1185.99
1168.52, 1186.01
1168.98, 1186.03
1169.45, 1186.05
1169.91, 1186.08
1170.37, 1186.1
1170.83, 1186.12
1171.29, 1186.14
1171.74, 1186.16
1172.19, 1186.18
1172.64, 1186.2
1173.08, 1186.22
1173.52, 1186.25
1173.96, 1186.27
1174.4, 1186.29
1174.83, 1186.31
1175.26, 1186.33
1175.69, 1186.35
1176.05, 1186.37
1176.4, 1186.38
1176.76, 1186.4
1177.12, 1186.41
1177.49, 1186.43
1177.86, 1186.45
1178.23, 1186.47
1178.61, 1186.48
1178.99, 1186.5
1179.38, 1186.52
1179.77, 1186.54
1180.17, 1186.56
1180.58, 1186.58
1180.99, 1186.6
1181.41, 1186.62
1181.83, 1186.64
1182.26, 1186.66
1182.69, 1186.68
1183.13, 1186.7
1183.57, 1186.72
1184.02, 1186.74
1184.47, 1186.76
1184.93, 1186.78
1185.39, 1186.8
1185.85, 1186.82
1186.32, 1186.85
1186.78, 1186.87
1187.25, 1186.89
1187.72, 1186.91
1188.19, 1186.93
1188.65, 1186.95
1189.12, 1186.98
1189.59, 1187
1190.06, 1187.02
1190.52, 1187.04
1190.98, 1187.06
1191.44, 1187.08
1191.9, 1187.1
1192.36, 1187.13
1192.81, 1187.15
1193.26, 1187.17
1193.71, 1187.19
1194.15, 1187.21
1194.59, 1187.23
1195.03, 1187.25
1195.47, 1187.27
1195.9, 1187.29
1196.33, 1187.31
1196.77, 1187.33

waypoints
x, y
1162.49, 1185.73
1162.94, 1185.75
1163.39, 1185.77
1163.85, 1185.79
1164.31, 1185.81
1164.77, 1185.83
1165.24, 1185.86
1165.7, 1185.88
1166.17, 1185.9
1166.64, 1185.92
1167.11, 1185.94
1167.58, 1185.97
1168.05, 1185.99
1168.52, 1186.01
1168.98, 1186.03
1169.45, 1186.05
1169.91, 1186.08
1170.37, 1186.1
1170.83, 1186.12
1171.29, 1186.14
1171.74, 1186.16
1172.19, 1186.18
1172.64, 1186.2
1173.08, 1186.22
1173.52, 1186.25
1173.96, 1186.27
1174.4, 1186.29
1174.83, 1186.31
1175.26, 1186.33
1175.69, 1186.35
1176.05, 1186.37
1176.4, 1186.38
1176.76, 1186.4
1177.12, 1186.41
1177.49, 1186.43
1177.86, 1186.45
1178.23, 1186.47
1178.61, 1186.48
1178.99, 1186.5
1179.38, 1186.52
1179.77, 1186.54
1180.17, 1186.56
1180.58, 1186.58
1180.99, 1186.6
1181.41, 1186.62
1181.83, 1186.64
1182.26, 1186.66
1182.69, 1186.68
1183.13, 1186.7
1183.57, 1186.72
1184.02, 1186.74
1184.47, 1186.76
1184.93, 1186.78
1185.39, 1186.8
1185.85, 1186.82
1186.32, 1186.85
1186.78, 1186.87
1187.25, 1186.89
1187.72, 1186.91
1188.19, 1186.93
1188.65, 1186.95
1189.12, 1186.98
1189.59, 1187
1190.06, 1187.02
1190.52, 1187.04
1190.98, 1187.06
1191.44, 1187.08
1191.9, 1187.1
1192.36, 1187.13
1192.81, 1187.15
1193.26, 1187.17
1193.71, 1187.19
1194.15, 1187.21
1194.59, 1187.23
1195.03, 1187.25
1195.47, 1187.27
1195.9, 1187.29
1196.33, 1187.31
1196.77, 1187.33

waypoints
x, y
1164.31, 1185.81
1164.77, 1185.83
1165.24, 1185.86
1165.7, 1185.88
1166.17, 1185.9
1166.64, 1185.92
1167.11, 1185.94
1167.58, 1185.97
1168.05, 1185.99
1168.52, 1186.01
1168.98, 1186.03
1169.45, 1186.05
1169.91, 1186.08
1170.37, 1186.1
1170.83, 1186.12
1171.29, 1186.14
1171.74, 1186.16
1172.19, 1186.18
1172.64, 1186.2
1173.08, 1186.22
1173.52, 1186.25
1173.96, 1186.27
1174.4, 1186.29
1174.83, 1186.31
1175.26, 1186.33
1175.69, 1186.35
1176.05, 1186.37
1176.4, 1186.38
1176.76, 1186.4
1177.12, 1186.41
1177.49, 1186.43
1177.86, 1186.45
1178.23, 1186.47
1178.61, 1186.48
1178.99, 1186.5
1179.38, 1186.52
1179.77, 1186.54
1180.17, 1186.56
1180.58, 1186.58
1180.99, 1186.6
1181.41, 1186.62
1181.83, 1186.64
1182.26, 1186.66
1182.69, 1186.68
1183.13, 1186.7
1183.57, 1186.72
1184.02, 1186.74
1184.47, 1186.76
1184.93, 1186.78
1185.39, 1186.8
1185.85, 1186.82
1186.32, 1186.85
1186.78, 1186.87
1187.25, 1186.89
1187.72, 1186.91
1188.19, 1186.93
1188.65, 1186.95
1189.12, 1186.98
1189.59, 1187
1190.06, 1187.02
1190.52, 1187.04
1190.98, 1187.06
1191.44, 1187.08
1191.9, 1187.1
1192.36, 1187.13
1192.81, 1187.15
1193.26, 1187.17
1193.71, 1187.19
1194.15, 1187.21
1194.59, 1187.23
1195.03, 1187.25
1195.47, 1187.27
1195.9, 1187.29
1196.33, 1187.31
1196.77, 1187.33

waypoints
x, y
1166.17, 1185.9
1166.64, 1185.92
1167.11, 1185.94
1167.58, 1185.97
1168.05, 1185.99
1168.52, 1186.01
1168.98, 1186.03
1169.45, 1186.05
1169.91, 1186.08
1170.37, 1186.1
1170.83, 1186.12
1171.29, 1186.14
1171.74, 1186.16
1172.19, 1186.18
1172.64, 1186.2
1173.08, 1186.22
1173.52, 1186.25
1173.96, 1186.27
1174.4, 1186.29
1174.83, 1186.31
1175.26, 1186.33
1175.69, 1186.35
1176.05, 1186.37
1176.4, 1186.38
1176.76, 1186.4
1177.12, 1186.41
1177.49, 1186.43
1177.86, 1186.45
1178.23, 1186.47
1178.61, 1186.48
1178.99, 1186.5
1179.38, 1186.52
1179.77, 1186.54
1180.17, 1186.56
1180.58, 1186.58
1180.99, 1186.6
1181.41, 1186.62
1181.83, 1186.64
1182.26, 1186.66
1182.69, 1186.68
1183.13, 1186.7
1183.57, 1186.72
1184.02, 1186.74
1184.47, 1186.76
1184.93, 1186.78
1185.39, 1186.8
1185.85, 1186.82
1186.32, 1186.85
1186.78, 1186.87
1187.25, 1186.89
1187.72, 1186.91
1188.19, 1186.93
1188.65, 1186.95
1189.12, 1186.98
1189.59, 1187
1190.06, 1187.02
1190.52, 1187.04
1190.98, 1187.06
1191.44, 1187.08
1191.9, 1187.1
1192.36, 1187.13
1192.81, 1187.15
1193.26, 1187.17
1193.71, 1187.19
1194.15, 1187.21
1194.59, 1187.23
1195.03, 1187.25
1195.47, 1187.27
1195.9, 1187.29
1196.33, 1187.31
1196.77, 1187.33

waypoints
x, y
1168.52, 1186.01
1168.98, 1186.03
1169.45, 1186.05
1169.91, 1186.08
1170.37, 1186.1
1170.83, 1186.12
1171.29, 1186.14
1171.74, 1186.16
1172.19, 1186.18
1172.64, 1186.2
1173.08, 1186.22
1173.52, 1186.25
1173.96, 1186.27
1174.4, 1186.29
1174.83, 1186.31
1175.26, 1186.33
1175.69, 1186.35
1176.05, 1186.37
1176.4, 1186.38
1176.76, 1186.4
1177.12, 1186.41
1177.49, 1186.43
1177.86, 1186.45
1178.23, 1186.47
1178.61, 1186.48
1178.99, 1186.5
1179.38, 1186.52
1179.77, 1186.54
1180.17, 1186.56
1180.58, 1186.58
1180.99, 1186.6
1181.41, 1186.62
1181.83, 1186.64
1182.26, 1186.66
1182.69, 1186.68
1183.13, 1186.7
1183.57, 1186.72
1184.02, 1186.74
1184.47, 1186.76
1184.93, 1186.78
1185.39, 1186.8
1185.85, 1186.82
1186.32, 1186.85
1186.78, 1186.87
1187.25, 1186.89
1187.72, 1186.91
1188.19, 1186.93
1188.65, 1186.95
1189.12, 1186.98
1189.59, 1187
1190.06, 1187.02
1190.52, 1187.04
1190.98, 1187.06
1191.44, 1187.08
1191.9, 1187.1
1192.36, 1187.13
1192.81, 1187.15
1193.26, 1187.17
1193.71, 1187.19
1194.15, 1187.21
1194.59, 1187.23
1195.03, 1187.25
1195.47, 1187.27
1195.9, 1187.29
1196.33, 1187.31
1196.77, 1187.33

waypoints
x, y
1169.91, 1186.08
1170.37, 1186.1
1170.83, 1186.12
1171.29, 1186.14
1171.74, 1186.16
1172.19, 1186.18
1172.64, 1186.2
1173.08, 1186.22
1173.52, 1186.25
1173.96, 1186.27
1174.4, 1186.29
1174.83, 1186.31
1175.26, 1186.33
1175.69, 1186.35
1176.05, 1186.37
1176.4, 1186.38
1176.76, 1186.4
1177.12, 1186.41
1177.49, 1186.43
1177.86, 1186.45
1178.23, 1186.47
1178.61, 1186.48
1178.99, 1186.5
1179.38, 1186.52
1179.77, 1186.54
1180.17, 1186.56
1180.58, 1186.58
1180.99, 1186.6
1181.41, 1186.62
1181.83, 1186.64
1182.26, 1186.66
1182.69, 1186.68
1183.13, 1186.7
1183.57, 1186.72
1184.02, 1186.74
1184.47, 1186.76
1184.93, 1186.78
1185.39, 1186.8
1185.85, 1186.82
1186.32, 1186.85
1186.78, 1186.87
1187.25, 1186.89
1187.72, 1186.91
1188.19, 1186.93
1188.65, 1186.95
1189.12, 1186.98
1189.59, 1187
1190.06, 1187.02
1190.52, 1187.04
1190.98, 1187.06
1191.44, 1187.08
1191.9, 1187.1
1192.36, 1187.13
1192.81, 1187.15
1193.26, 1187.17
1193.71, 1187.19
1194.15, 1187.21
1194.59, 1187.23
1195.03, 1187.25
1195.47, 1187.27
1195.9, 1187.29
1196.33, 1187.31
1196.77, 1187.33

waypoints
x, y
1171.74, 1186.16
1172.19, 1186.18
1172.64, 1186.2
1173.08, 1186.22
1173.52, 1186.25
1173.96, 1186.27
1174.4, 1186.29
1174.83, 1186.31
1175.26, 1186.33
1175.69, 1186.35
1176.05, 1186.37
1176.4, 1186.38
1176.76, 1186.4
1177.12, 1186.41
1177.49, 1186.43
1177.86, 1186.45
1178.23, 1186.47
1178.61, 1186.48
1178.99, 1186.5
1179.38, 1186.52
1179.77, 1186.54
1180.17, 1186.56
1180.58, 1186.58
1180.99, 1186.6
1181.41, 1186.62
1181.83, 1186.64
1182.26, 1186.66
1182.69, 1186.68
1183.13, 1186.7
1183.57, 1186.72
1184.02, 1186.74
1184.47, 1186.76
1184.93, 1186.78
1185.39, 1186.8
1185.85, 1186.82
1186.32, 1186.85
1186.78, 1186.87
1187.25, 1186.89
1187.72, 1186.91
1188.19, 1186.93
1188.65, 1186.95
1189.12, 1186.98
1189.59, 1187
1190.06, 1187.02
1190.52, 1187.04
1190.98, 1187.06
1191.44, 1187.08
1191.9, 1187.1
1192.36, 1187.13
1192.81, 1187.15
1193.26, 1187.17
1193.71, 1187.19
1194.15, 1187.21
1194.59, 1187.23
1195.03, 1187.25
1195.47, 1187.27
1195.9, 1187.29
1196.33, 1187.31
1196.77, 1187.33

waypoints
x, y
1173.52, 1186.25
1173.96, 1186.27
1174.4, 1186.29
1174.83, 1186.31
1175.26, 1186.33
1175.69, 1186.35
1176.05, 1186.37
1176.4, 1186.38
1176.76, 1186.4
1177.12, 1186.41
1177.49, 1186.43
1177.86, 1186.45
1178.23, 1186.47
1178.61, 1186.48
1178.99, 1186.5
1179.38, 1186.52
1179.77, 1186.54
1180.17, 1186.56
1180.58, 1186.58
1180.99, 1186.6
1181.41, 1186.62
1181.83, 1186.64
1182.26, 1186.66
1182.69, 1186.68
1183.13, 1186.7
1183.57, 1186.72
1184.02, 1186.74
1184.47, 1186.76
1184.93, 1186.78
1185.39, 1186.8
1185.85, 1186.82
1186.32, 1186.85
1186.78, 1186.87
1187.25, 1186.89
1187.72, 1186.91
1188.19, 1186.93
1188.65, 1186.95
1189.12, 1186.98
1189.59, 1187
1190.06, 1187.02
1190.52, 1187.04
1190.98, 1187.06
1191.44, 1187.08
1191.9, 1187.1
1192.36, 1187.13
1192.81, 1187.15
1193.26, 1187.17
1193.71, 1187.19
1194.15, 1187.21
1194.59, 1187.23
1195.03, 1187.25
1195.47, 1187.27
1195.9, 1187.29
1196.33, 1187.31
1196.77, 1187.33

waypoints
x, y
1175.26, 1186.33
1175.69, 1186.35
1176.05, 1186.37
1176.4, 1186.38
1176.76, 1186.4
1177.12, 1186.41
1177.49, 1186.43
1177.86, 1186.45
1178.23, 1186.47
1178.61, 1186.48
1178.99, 1186.5
1179.38, 1186.52
1179.77, 1186.54
1180.17, 1186.56
1180.58, 1186.58
1180.99, 1186.6
1181.41, 1186.62
1181.83, 1186.64
1182.26, 1186.66
1182.69, 1186.68
1183.13, 1186.7
1183.57, 1186.72
1184.02, 1186.74
1184.47, 1186.76
1184.93, 1186.78
1185.39, 1186.8
1185.85, 1186.82
1186.32, 1186.85
1186.78, 1186.87
1187.25, 1186.89
1187.72, 1186.91
1188.19, 1186.93
1188.65, 1186.95
1189.12, 1186.98
1189.59, 1187
1190.06, 1187.02
1190.52, 1187.04
1190.98, 1187.06
1191.44, 1187.08
1191.9, 1187.1
1192.36, 1187.13
1192.81, 1187.15
1193.26, 1187.17
1193.71, 1187.19
1194.15, 1187.21
1194.59, 1187.23
1195.03, 1187.25
1195.47, 1187.27
1195.9, 1187.29
1196.33, 1187.31
1196.77, 1187.33

waypoints
x, y
1177.12, 1186.41
1177.49, 1186.43
1177.86, 1186.45
1178.23, 1186.47
1178.61, 1186.48
1178.99, 1186.5
1179.38, 1186.52
1179.77, 1186.54
1180.17, 1186.56
1180.58, 1186.58
1180.99, 1186.6
1181.41, 1186.62
1181.83, 1186.64
1182.26, 1186.66
1182.69, 1186.68
1183.13, 1186.7
1183.57, 1186.72
1184.02, 1186.74
1184.47, 1186.76
1184.93, 1186.78
1185.39, 1186.8
1185.85, 1186.82
1186.32, 1186.85
1186.78, 1186.87
1187.25, 1186.89
1187.72, 1186.91
1188.19, 1186.93
1188.65, 1186.95
1189.12, 1186.98
1189.59, 1187
1190.06, 1187.02
1190.52, 1187.04
1190.98, 1187.06
1191.44, 1187.08
1191.9, 1187.1
1192.36, 1187.13
1192.81, 1187.15
1193.26, 1187.17
1193.71, 1187.19
1194.15, 1187.21
1194.59, 1187.23
1195.03, 1187.25
1195.47, 1187.27
1195.9, 1187.29
1196.33, 1187.31
1196.77, 1187.33
1197.12, 1187.35
1197.48, 1187.36
1197.84, 1187.38
1198.21, 1187.4
1198.57, 1187.41
1198.94, 1187.43
1199.32, 1187.45
1199.7, 1187.47
1200.08, 1187.48
1200.47, 1187.5
1200.87, 1187.52
1201.27, 1187.54
1201.68, 1187.56
1202.09, 1187.58
1202.51, 1187.6
1202.93, 1187.62
1203.36, 1187.64
1203.8, 1187.66
1204.24, 1187.68
1204.68, 1187.7
1205.13, 1187.72
1205.58, 1187.74
1206.04, 1187.76
1206.49, 1187.78
1206.95, 1187.8
1207.42, 1187.82
1207.88, 1187.84
1208.35, 1187.87
1208.74, 1187.88
1209.21, 1187.9
1209.67, 1187.91
1210.14, 1187.93
1210.61, 1187.95
1211.07, 1187.96
1211.53, 1187.98
1212, 1187.99
1212.45, 1188.01
1212.91, 1188.02
1213.37, 1188.04
1213.82, 1188.05
1214.27, 1188.07
1214.71, 1188.08
1215.16, 1188.1
1215.6, 1188.11
1216.04, 1188.13
1216.47, 1188.14
1216.91, 1188.16
1217.34, 1188.17
1217.77, 1188.19

waypoints
x, y
1178.61, 1186.48
1178.99, 1186.5
1179.38, 1186.52
1179.77, 1186.54
1180.17, 1186.56
1180.58, 1186.58
1180.99, 1186.6
1181.41, 1186.62
1181.83, 1186.64
1182.26, 1186.66
1182.69, 1186.68
1183.13, 1186.7
1183.57, 1186.72
1184.02, 1186.74
1184.47, 1186.76
1184.93, 1186.78
1185.39, 1186.8
1185.85, 1186.82
1186.32, 1186.85
1186.78, 1186.87
1187.25, 1186.89
1187.72, 1186.91
1188.19, 1186.93
1188.65, 1186.95
1189.12, 1186.98
1189.59, 1187
1190.06, 1187.02
1190.52, 1187.04
1190.98, 1187.06
1191.44, 1187.08
1191.9, 1187.1
1192.36, 1187.13
1192.81, 1187.15
1193.26, 1187.17
1193.71, 1187.19
1194.15, 1187.21
1194.59, 1187.23
1195.03, 1187.25
1195.47, 1187.27
1195.9, 1187.29
1196.33, 1187.31
1196.77, 1187.33
1197.12, 1187.35
1197.48, 1187.36
1197.84, 1187.38
1198.21, 1187.4
1198.57, 1187.41
1198.94, 1187.43
1199.32, 1187.45
1199.7, 1187.47
1200.08, 1187.48
1200.47, 1187.5
1200.87, 1187.52
1201.27, 1187.54
1201.68, 1187.56
1202.09, 1187.58
1202.51, 1187.6
1202.93, 1187.62
1203.36, 1187.64
1203.8, 1187.66
1204.24, 1187.68
1204.68, 1187.7
1205.13, 1187.72
1205.58, 1187.74
1206.04, 1187.76
1206.49, 1187.78
1206.95, 1187.8
1207.42, 1187.82
1207.88, 1187.85
1208.35, 1187.87
1208.74, 1187.88
1209.2, 1187.9
1209.67, 1187.91
1210.14, 1187.93
1210.61, 1187.94
1211.07, 1187.96
1211.53, 1187.98
1211.99, 1187.99
1212.45, 1188.01
1212.91, 1188.02
1213.37, 1188.04
1213.82, 1188.05
1214.27, 1188.07
1214.71, 1188.08
1215.16, 1188.1
1215.6, 1188.11
1216.04, 1188.13
1216.47, 1188.14
1216.91, 1188.16
1217.34, 1188.17
1217.77, 1188.19

waypoints
x, y
1180.17, 1186.56
1180.58, 1186.58
1180.99, 1186.6
1181.41, 1186.62
1181.83, 1186.64
1182.26, 1186.66
1182.69, 1186.68
1183.13, 1186.7
1183.57, 1186.72
1184.02, 1186.74
1184.47, 1186.76
1184.93, 1186.78
1185.39, 1186.8
1185.85, 1186.82
1186.32, 1186.85
1186.78, 1186.87
1187.25, 1186.89
1187.72, 1186.91
1188.19, 1186.93
1188.65, 1186.95
1189.12, 1186.98
1189.59, 1187
1190.06, 1187.02
1190.52, 1187.04
1190.98, 1187.06
1191.44, 1187.08
1191.9, 1187.1
1192.36, 1187.13
1192.81, 1187.15
1193.26, 1187.17
1193.71, 1187.19
1194.15, 1187.21
1194.59, 1187.23
1195.03, 1187.25
1195.47, 1187.27
1195.9, 1187.29
1196.33, 1187.31
1196.77, 1187.33
1197.12, 1187.35
1197.48, 1187.36
1197.84, 1187.38
1198.21, 1187.4
1198.57, 1187.41
1198.94, 1187.43
1199.32, 1187.45
1199.7, 1187.47
1200.08, 1187.48
1200.47, 1187.5
1200.87, 1187.52
1201.27, 1187.54
1201.68, 1187.56
1202.09, 1187.58
1202.51, 1187.6
1202.93, 1187.62
1203.36, 1187.64
1203.8, 1187.66
1204.24, 1187.68
1204.68, 1187.7
1205.13, 1187.72
1205.58, 1187.74
1206.04, 1187.76
1206.49, 1187.78
1206.95, 1187.8
1207.42, 1187.82
1207.88, 1187.85
1208.35, 1187.87
1208.74, 1187.88
1209.2, 1187.9
1209.67, 1187.91
1210.14, 1187.93
1210.61, 1187.94
1211.07, 1187.96
1211.53, 1187.98
1211.99, 1187.99
1212.45, 1188.01
1212.91, 1188.02
1213.37, 1188.04
1213.82, 1188.05
1214.27, 1188.07
1214.71, 1188.08
1215.16, 1188.1
1215.6, 1188.11
1216.04, 1188.13
1216.47, 1188.14
1216.91, 1188.16
1217.34, 1188.17
1217.77, 1188.19

waypoints
x, y
1182.26, 1186.66
1182.69, 1186.68
1183.13, 1186.7
1183.57, 1186.72
1184.02, 1186.74
1184.47, 1186.76
1184.93, 1186.78
1185.39, 1186.8
1185.85, 1186.82
1186.32, 1186.85
1186.78, 1186.87
1187.25, 1186.89
1187.72, 1186.91
1188.19, 1186.93
1188.65, 1186.95
1189.12, 1186.98
1189.59, 1187
1190.06, 1187.02
1190.52, 1187.04
1190.98, 1187.06
1191.44, 1187.08
1191.9, 1187.1
1192.36, 1187.13
1192.81, 1187.15
1193.26, 1187.17
1193.71, 1187.19
1194.15, 1187.21
1194.59, 1187.23
1195.03, 1187.25
1195.47, 1187.27
1195.9, 1187.29
1196.33, 1187.31
1196.77, 1187.33
1197.12, 1187.35
1197.48, 1187.36
1197.84, 1187.38
1198.21, 1187.4
1198.57, 1187.41
1198.94, 1187.43
1199.32, 1187.45
1199.7, 1187.47
1200.08, 1187.48
1200.47, 1187.5
1200.87, 1187.52
1201.27, 1187.54
1201.68, 1187.56
1202.09, 1187.58
1202.51, 1187.6
1202.93, 1187.62
1203.36, 1187.64
1203.8, 1187.66
1204.24, 1187.68
1204.68, 1187.7
1205.13, 1187.72
1205.58, 1187.74
1206.04, 1187.76
1206.49, 1187.78
1206.95, 1187.8
1207.42, 1187.82
1207.88, 1187.85
1208.35, 1187.87
1208.74, 1187.88
1209.2, 1187.9
1209.67, 1187.91
1210.14, 1187.93
1210.61, 1187.94
1211.07, 1187.96
1211.53, 1187.98
1211.99, 1187.99
1212.45, 1188.01
1212.91, 1188.02
1213.37, 1188.04
1213.82, 1188.05
1214.27, 1188.07
1214.71, 1188.08
1215.16, 1188.1
1215.6, 1188.11
1216.04, 1188.13
1216.47, 1188.14
1216.91, 1188.16
1217.34, 1188.17
1217.77, 1188.19

waypoints
x, y
1184.02, 1186.74
1184.47, 1186.76
1184.93, 1186.78
1185.39, 1186.8
1185.85, 1186.82
1186.32, 1186.85
1186.78, 1186.87
1187.25, 1186.89
1187.72, 1186.91
1188.19, 1186.93
1188.65, 1186.95
1189.12, 1186.98
1189.59, 1187
1190.06, 1187.02
1190.52, 1187.04
1190.98, 1187.06
1191.44, 1187.08
1191.9, 1187.1
1192.36, 1187.13
1192.81, 1187.15
1193.26, 1187.17
1193.71, 1187.19
1194.15, 1187.21
1194.59, 1187.23
1195.03, 1187.25
1195.47, 1187.27
1195.9, 1187.29
1196.33, 1187.31
1196.77, 1187.33
1197.12, 1187.35
1197.48, 1187.36
1197.84, 1187.38
1198.21, 1187.4
1198.57, 1187.41
1198.94, 1187.43
1199.32, 1187.45
1199.7, 1187.47
1200.08, 1187.48
1200.47, 1187.5
1200.87, 1187.52
1201.27, 1187.54
1201.68, 1187.56
1202.09, 1187.58
1202.51, 1187.6
1202.93, 1187.62
1203.36, 1187.64
1203.8, 1187.66
1204.24, 1187.68
1204.68, 1187.7
1205.13, 1187.72
1205.58, 1187.74
1206.04, 1187.76
1206.49, 1187.78
1206.95, 1187.8
1207.42, 1187.82
1207.88, 1187.85
1208.35, 1187.87
1208.74, 1187.88
1209.2, 1187.9
1209.67, 1187.91
1210.14, 1187.93
1210.61, 1187.94
1211.07, 1187.96
1211.53, 1187.98
1211.99, 1187.99
1212.45, 1188.01
1212.91, 1188.02
1213.37, 1188.04
1213.82, 1188.05
1214.27, 1188.07
1214.71, 1188.08
1215.16, 1188.1
1215.6, 1188.11
1216.04, 1188.13
1216.47, 1188.14
1216.91, 1188.16
1217.34, 1188.17
1217.77, 1188.19

waypoints
x, y
1185.85, 1186.82
1186.32, 1186.85
1186.78, 1186.87
1187.25, 1186.89
1187.72, 1186.91
1188.19, 1186.93
1188.65, 1186.95
1189.12, 1186.98
1189.59, 1187
1190.06, 1187.02
1190.52, 1187.04
1190.98, 1187.06
1191.44, 1187.08
1191.9, 1187.1
1192.36, 1187.13
1192.81, 1187.15
1193.26, 1187.17
1193.71, 1187.19
1194.15, 1187.21
1194.59, 1187.23
1195.03, 1187.25
1195.47, 1187.27
1195.9, 1187.29
1196.33, 1187.31
1196.77, 1187.33
1197.12, 1187.35
1197.48, 1187.36
1197.84, 1187.38
1198.21, 1187.4
1198.57, 1187.41
1198.94, 1187.43
1199.32, 1187.45
1199.7, 1187.47
1200.08, 1187.48
1200.47, 1187.5
1200.87, 1187.52
1201.27, 1187.54
1201.68, 1187.56
1202.09, 1187.58
1202.51, 1187.6
1202.93, 1187.62
1203.36, 1187.64
1203.8, 1187.66
1204.24, 1187.68
1204.68, 1187.7
1205.13, 1187.72
1205.58, 1187.74
1206.04, 1187.76
1206.49, 1187.78
1206.95, 1187.8
1207.42, 1187.82
1207.88, 1187.85
1208.35, 1187.87
1208.74, 1187.88
1209.2, 1187.9
1209.67, 1187.91
1210.14, 1187.93
1210.61, 1187.94
1211.07, 1187.96
1211.53, 1187.98
1211.99, 1187.99
1212.45, 1188.01
1212.91, 1188.02
1213.37, 1188.04
1213.82, 1188.05
1214.27, 1188.07
1214.71, 1188.08
1215.16, 1188.1
1215.6, 1188.11
1216.04, 1188.13
1216.47, 1188.14
1216.91, 1188.16
1217.34, 1188.17
1217.77, 1188.19

waypoints
x, y
1187.72, 1186.91
1188.19, 1186.93
1188.65, 1186.95
1189.12, 1186.98
1189.59, 1187
1190.06, 1187.02
1190.52, 1187.04
1190.98, 1187.06
1191.44, 1187.08
1191.9, 1187.1
1192.36, 1187.13
1192.81, 1187.15
1193.26, 1187.17
1193.71, 1187.19
1194.15, 1187.21
1194.59, 1187.23
1195.03, 1187.25
1195.47, 1187.27
1195.9, 1187.29
1196.33, 1187.31
1196.77, 1187.33
1197.12, 1187.35
1197.48, 1187.36
1197.84, 1187.38
1198.21, 1187.4
1198.57, 1187.41
1198.94, 1187.43
1199.32, 1187.45
1199.7, 1187.47
1200.08, 1187.48
1200.47, 1187.5
1200.87, 1187.52
1201.27, 1187.54
1201.68, 1187.56
1202.09, 1187.58
1202.51, 1187.6
1202.93, 1187.62
1203.36, 1187.64
1203.8, 1187.66
1204.24, 1187.68
1204.68, 1187.7
1205.13, 1187.72
1205.58, 1187.74
1206.04, 1187.76
1206.49, 1187.78
1206.95, 1187.8
1207.42, 1187.82
1207.88, 1187.85
1208.35, 1187.87
1208.74, 1187.88
1209.2, 1187.9
1209.67, 1187.91
1210.14, 1187.93
1210.61, 1187.94
1211.07, 1187.96
1211.53, 1187.98
1211.99, 1187.99
1212.45, 1188.01
1212.91, 1188.02
1213.37, 1188.04
1213.82, 1188.05
1214.27, 1188.07
1214.71, 1188.08
1215.16, 1188.1
1215.6, 1188.11
1216.04, 1188.13
1216.47, 1188.14
1216.91, 1188.16
1217.34, 1188.17
1217.77, 1188.19

waypoints
x, y
1189.59, 1187
1190.06, 1187.02
1190.52, 1187.04
1190.98, 1187.06
1191.44, 1187.08
1191.9, 1187.1
1192.36, 1187.13
1192.81, 1187.15
1193.26, 1187.17
1193.71, 1187.19
1194.15, 1187.21
1194.59, 1187.23
1195.03, 1187.25
1195.47, 1187.27
1195.9, 1187.29
1196.33, 1187.31
1196.77, 1187.33
1197.12, 1187.35
1197.48, 1187.36
1197.84, 1187.38
1198.21, 1187.4
1198.57, 1187.41
1198.94, 1187.43
1199.32, 1187.45
1199.7, 1187.47
1200.08, 1187.48
1200.47, 1187.5
1200.87, 1187.52
1201.27, 1187.54
1201.68, 1187.56
1202.09, 1187.58
1202.51, 1187.6
1202.93, 1187.62
1203.36, 1187.64
1203.8, 1187.66
1204.24, 1187.68
1204.68, 1187.7
1205.13, 1187.72
1205.58, 1187.74
1206.04, 1187.76
1206.49, 1187.78
1206.95, 1187.8
1207.42, 1187.82
1207.88, 1187.85
1208.35, 1187.87
1208.74, 1187.88
1209.2, 1187.9
1209.67, 1187.91
1210.14, 1187.93
1210.61, 1187.94
1211.07, 1187.96
1211.53, 1187.98
1211.99, 1187.99
1212.45, 1188.01
1212.91, 1188.02
1213.37, 1188.04
1213.82, 1188.05
1214.27, 1188.07
1214.71, 1188.08
1215.16, 1188.1
1215.6, 1188.11
1216.04, 1188.13
1216.47, 1188.14
1216.91, 1188.16
1217.34, 1188.17
1217.77, 1188.19

waypoints
x, y
1191.44, 1187.08
1191.9, 1187.1
1192.36, 1187.13
1192.81, 1187.15
1193.26, 1187.17
1193.71, 1187.19
1194.15, 1187.21
1194.59, 1187.23
1195.03, 1187.25
1195.47, 1187.27
1195.9, 1187.29
1196.33, 1187.31
1196.77, 1187.33
1197.12, 1187.35
1197.48, 1187.36
1197.84, 1187.38
1198.21, 1187.4
1198.57, 1187.41
1198.94, 1187.43
1199.32, 1187.45
1199.7, 1187.47
1200.08, 1187.48
1200.47, 1187.5
1200.87, 1187.52
1201.27, 1187.54
1201.68, 1187.56
1202.09, 1187.58
1202.51, 1187.6
1202.93, 1187.62
1203.36, 1187.64
1203.8, 1187.66
1204.24, 1187.68
1204.68, 1187.7
1205.13, 1187.72
1205.58, 1187.74
1206.04, 1187.76
1206.49, 1187.78
1206.95, 1187.8
1207.42, 1187.82
1207.88, 1187.85
1208.35, 1187.87
1208.74, 1187.88
1209.2, 1187.9
1209.67, 1187.91
1210.14, 1187.93
1210.61, 1187.94
1211.07, 1187.96
1211.53, 1187.98
1211.99, 1187.99
1212.45, 1188.01
1212.91, 1188.02
1213.37, 1188.04
1213.82, 1188.05
1214.27, 1188.07
1214.71, 1188.08
1215.16, 1188.1
1215.6, 1188.11
1216.04, 1188.13
1216.47, 1188.14
1216.91, 1188.16
1217.34, 1188.17
1217.77, 1188.19

waypoints
x, y
1193.26, 1187.17
1193.71, 1187.19
1194.15, 1187.21
1194.59, 1187.23
1195.03, 1187.25
1195.47, 1187.27
1195.9, 1187.29
1196.33, 1187.31
1196.77, 1187.33
1197.12, 1187.35
1197.48, 1187.36
1197.84, 1187.38
1198.21, 1187.4
1198.57, 1187.41
1198.94, 1187.43
1199.32, 1187.45
1199.7, 1187.47
1200.08, 1187.48
1200.47, 1187.5
1200.87, 1187.52
1201.27, 1187.54
1201.68, 1187.56
1202.09, 1187.58
1202.51, 1187.6
1202.93, 1187.62
1203.36, 1187.64
1203.8, 1187.66
1204.24, 1187.68
1204.68, 1187.7
1205.13, 1187.72
1205.58, 1187.74
1206.04, 1187.76
1206.49, 1187.78
1206.95, 1187.8
1207.42, 1187.82
1207.88, 1187.85
1208.35, 1187.87
1208.74, 1187.88
1209.2, 1187.9
1209.67, 1187.91
1210.14, 1187.93
1210.61, 1187.94
1211.07, 1187.96
1211.53, 1187.98
1211.99, 1187.99
1212.45, 1188.01
1212.91, 1188.02
1213.37, 1188.04
1213.82, 1188.05
1214.27, 1188.07
1214.71, 1188.08
1215.16, 1188.1
1215.6, 1188.11
1216.04, 1188.13
1216.47, 1188.14
1216.91, 1188.16
1217.34, 1188.17
1217.77, 1188.19

waypoints
x, y
1195.47, 1187.27
1195.9, 1187.29
1196.33, 1187.31
1196.77, 1187.33
1197.12, 1187.35
1197.48, 1187.36
1197.84, 1187.38
1198.21, 1187.4
1198.57, 1187.41
1198.94, 1187.43
1199.32, 1187.45
1199.7, 1187.47
1200.08, 1187.48
1200.47, 1187.5
1200.87, 1187.52
1201.27, 1187.54
1201.68, 1187.56
1202.09, 1187.58
1202.51, 1187.6
1202.93, 1187.62
1203.36, 1187.64
1203.8, 1187.66
1204.24, 1187.68
1204.68, 1187.7
1205.13, 1187.72
1205.58, 1187.74
1206.04, 1187.76
1206.49, 1187.78
1206.95, 1187.8
1207.42, 1187.82
1207.88, 1187.85
1208.35, 1187.87
1208.74, 1187.88
1209.2, 1187.9
1209.67, 1187.91
1210.14, 1187.93
1210.61, 1187.94
1211.07, 1187.96
1211.53, 1187.98
1211.99, 1187.99
1212.45, 1188.01
1212.91, 1188.02
1213.37, 1188.04
1213.82, 1188.05
1214.27, 1188.07
1214.71, 1188.08
1215.16, 1188.1
1215.6, 1188.11
1216.04, 1188.13
1216.47, 1188.14
1216.91, 1188.16
1217.34, 1188.17
1217.77, 1188.19

waypoints
x, y
1197.12, 1187.35
1197.48, 1187.36
1197.84, 1187.38
1198.21, 1187.4
1198.57, 1187.41
1198.94, 1187.43
1199.32, 1187.45
1199.7, 1187.47
1200.08, 1187.48
1200.47, 1187.5
1200.87, 1187.52
1201.27, 1187.54
1201.68, 1187.56
1202.09, 1187.58
1202.51, 1187.6
1202.93, 1187.62
1203.36, 1187.64
1203.8, 1187.66
1204.24, 1187.68
1204.68, 1187.7
1205.13, 1187.72
1205.58, 1187.74
1206.04, 1187.76
1206.49, 1187.78
1206.95, 1187.8
1207.42, 1187.82
1207.88, 1187.85
1208.35, 1187.87
1208.74, 1187.88
1209.2, 1187.9
1209.67, 1187.91
1210.14, 1187.93
1210.61, 1187.94
1211.07, 1187.96
1211.53, 1187.98
1211.99, 1187.99
1212.45, 1188.01
1212.91, 1188.02
1213.37, 1188.04
1213.82, 1188.05
1214.27, 1188.07
1214.71, 1188.08
1215.16, 1188.1
1215.6, 1188.11
1216.04, 1188.13
1216.47, 1188.14
1216.91, 1188.16
1217.34, 1188.17
1217.77, 1188.19
1218.2, 1188.2
1218.63, 1188.22
1219.06, 1188.23
1219.49, 1188.25
1219.93, 1188.26
1220.36, 1188.27
1220.79, 1188.29
1221.22, 1188.3
1221.65, 1188.32
1222.08, 1188.33
1222.51, 1188.35
1222.94, 1188.36
1223.37, 1188.38
1223.8, 1188.39
1224.23, 1188.41
1224.66, 1188.42
1225.09, 1188.43
1225.52, 1188.45
1225.95, 1188.46
1226.38, 1188.48
1226.81, 1188.49
1227.24, 1188.51
1227.67, 1188.52
1228.1, 1188.54
1228.53, 1188.55
1228.96, 1188.56
1229.39, 1188.58
1229.82, 1188.59
1230.25, 1188.61
1230.68, 1188.62
1231.11, 1188.64
1231.54, 1188.65
1231.97, 1188.67
1232.4, 1188.68
1232.83, 1188.7
1233.26, 1188.71
1233.69, 1188.72
1234.12, 1188.74
1234.55, 1188.75
1234.98, 1188.77
1235.41, 1188.78
1235.45, 1188.8
1235.88, 1188.78
1236.31, 1188.77
1236.74, 1188.75
1237.17, 1188.74
1237.6, 1188.73
1238.03, 1188.71
1238.46, 1188.7

waypoints
x, y
1198.57, 1187.41
1198.94, 1187.43
1199.32, 1187.45
1199.7, 1187.47
1200.08, 1187.48
1200.47, 1187.5
1200.87, 1187.52
1201.27, 1187.54
1201.68, 1187.56
1202.09, 1187.58
1202.51, 1187.6
1202.93, 1187.62
1203.36, 1187.64
1203.8, 1187.66
1204.24, 1187.68
1204.68, 1187.7
1205.13, 1187.72
1205.58, 1187.74
1206.04, 1187.76
1206.49, 1187.78
1206.95, 1187.8
1207.42, 1187.82
1207.88, 1187.85
1208.35, 1187.87
1208.74, 1187.88
1209.2, 1187.9
1209.67, 1187.91
1210.14, 1187.93
1210.61, 1187.94
1211.07, 1187.96
1211.53, 1187.98
1211.99, 1187.99
1212.45, 1188.01
1212.91, 1188.02
1213.37, 1188.04
1213.82, 1188.05
1214.27, 1188.07
1214.71, 1188.08
1215.16, 1188.1
1215.6, 1188.11
1216.04, 1188.13
1216.47, 1188.14
1216.91, 1188.16
1217.34, 1188.17
1217.77, 1188.19
1218.2, 1188.2
1218.63, 1188.22
1219.06, 1188.23
1219.49, 1188.24
1219.92, 1188.26
1220.36, 1188.28
1220.79, 1188.29
1221.22, 1188.3
1221.65, 1188.32
1222.08, 1188.33
1222.51, 1188.35
1222.94, 1188.36
1223.37, 1188.38
1223.8, 1188.39
1224.23, 1188.4
1224.66, 1188.42
1225.09, 1188.43
1225.52, 1188.45
1225.95, 1188.46
1226.38, 1188.48
1226.82, 1188.49
1227.24, 1188.51
1227.67, 1188.52
1228.11, 1188.54
1228.54, 1188.55
1228.96, 1188.57
1229.39, 1188.58
1229.82, 1188.59
1230.25, 1188.61
1230.68, 1188.62
1231.11, 1188.64
1231.54, 1188.65
1231.97, 1188.67
1232.4, 1188.68
1232.83, 1188.69
1233.26, 1188.71
1233.69, 1188.72
1234.12, 1188.74
1234.55, 1188.75
1234.98, 1188.77
1235.41, 1188.78
1235.45, 1188.8
1235.88, 1188.78
1236.31, 1188.77
1236.74, 1188.75
1237.17, 1188.74
1237.6, 1188.73
1238.03, 1188.71
1238.46, 1188.7

waypoints
x, y
1200.08, 1187.48
1200.47, 1187.5
1200.87, 1187.52
1201.27, 1187.54
1201.68, 1187.56
1202.09, 1187.58
1202.51, 1187.6
1202.93, 1187.62
1203.36, 1187.64
1203.8, 1187.66
1204.24, 1187.68
1204.68, 1187.7
1205.13, 1187.72
1205.58, 1187.74
1206.04, 1187.76
1206.49, 1187.78
1206.95, 1187.8
1207.42, 1187.82
1207.88, 1187.85
1208.35, 1187.87
1208.74, 1187.88
1209.2, 1187.9
1209.67, 1187.91
1210.14, 1187.93
1210.61, 1187.94
1211.07, 1187.96
1211.53, 1187.98
1211.99, 1187.99
1212.45, 1188.01
1212.91, 1188.02
1213.37, 1188.04
1213.82, 1188.05
1214.27, 1188.07
1214.71, 1188.08
1215.16, 1188.1
1215.6, 1188.11
1216.04, 1188.13
1216.47, 1188.14
1216.91, 1188.16
1217.34, 1188.17
1217.77, 1188.19
1218.2, 1188.2
1218.63, 1188.22
1219.06, 1188.23
1219.49, 1188.24
1219.92, 1188.26
1220.36, 1188.28
1220.79, 1188.29
1221.22, 1188.3
1221.65, 1188.32
1222.08, 1188.33
1222.51, 1188.35
1222.94, 1188.36
1223.37, 1188.38
1223.8, 1188.39
1224.23, 1188.4
1224.66, 1188.42
1225.09, 1188.43
1225.52, 1188.45
1225.95, 1188.46
1226.38, 1188.48
1226.82, 1188.49
1227.24, 1188.51
1227.67, 1188.52
1228.11, 1188.54
1228.54, 1188.55
1228.96, 1188.57
1229.39, 1188.58
1229.82, 1188.59
1230.25, 1188.61
1230.68, 1188.62
1231.11, 1188.64
1231.54, 1188.65
1231.97, 1188.67
1232.4, 1188.68
1232.83, 1188.69
1233.26, 1188.71
1233.69, 1188.72
1234.12, 1188.74
1234.55, 1188.75
1234.98, 1188.77
1235.41, 1188.78
1235.45, 1188.8
1235.88, 1188.78
1236.31, 1188.77
1236.74, 1188.75
1237.17, 1188.74
1237.6, 1188.73
1238.03, 1188.71
1238.46, 1188.7

waypoints
x, y
1201.68, 1187.56
1202.09, 1187.58
1202.51, 1187.6
1202.93, 1187.62
1203.36, 1187.64
1203.8, 1187.66
1204.24, 1187.68
1204.68, 1187.7
1205.13, 1187.72
1205.58, 1187.74
1206.04, 1187.76
1206.49, 1187.78
1206.95, 1187.8
1207.42, 1187.82
1207.88, 1187.85
1208.35, 1187.87
1208.74, 1187.88
1209.2, 1187.9
1209.67, 1187.91
1210.14, 1187.93
1210.61, 1187.94
1211.07, 1187.96
1211.53, 1187.98
1211.99, 1187.99
1212.45, 1188.01
1212.91, 1188.02
1213.37, 1188.04
1213.82, 1188.05
1214.27, 1188.07
1214.71, 1188.08
1215.16, 1188.1
1215.6, 1188.11
1216.04, 1188.13
1216.47, 1188.14
1216.91, 1188.16
1217.34, 1188.17
1217.77, 1188.19
1218.2, 1188.2
1218.63, 1188.22
1219.06, 1188.23
1219.49, 1188.24
1219.92, 1188.26
1220.36, 1188.28
1220.79, 1188.29
1221.22, 1188.3
1221.65, 1188.32
1222.08, 1188.33
1222.51, 1188.35
1222.94, 1188.36
1223.37, 1188.38
1223.8, 1188.39
1224.23, 1188.4
1224.66, 1188.42
1225.09, 1188.43
1225.52, 1188.45
1225.95, 1188.46
1226.38, 1188.48
1226.82, 1188.49
1227.24, 1188.51
1227.67, 1188.52
1228.11, 1188.54
1228.54, 1188.55
1228.96, 1188.57
1229.39, 1188.58
1229.82, 1188.59
1230.25, 1188.61
1230.68, 1188.62
1231.11, 1188.64
1231.54, 1188.65
1231.97, 1188.67
1232.4, 1188.68
1232.83, 1188.69
1233.26, 1188.71
1233.69, 1188.72
1234.12, 1188.74
1234.55, 1188.75
1234.98, 1188.77
1235.41, 1188.78
1235.45, 1188.8
1235.88, 1188.78
1236.31, 1188.77
1236.74, 1188.75
1237.17, 1188.74
1237.6, 1188.73
1238.03, 1188.71
1238.46, 1188.7

waypoints
x, y
1203.36, 1187.64
1203.8, 1187.66
1204.24, 1187.68
1204.68, 1187.7
1205.13, 1187.72
1205.58, 1187.74
1206.04, 1187.76
1206.49, 1187.78
1206.95, 1187.8
1207.42, 1187.82
1207.88, 1187.85
1208.35, 1187.87
1208.74, 1187.88
1209.2, 1187.9
1209.67, 1187.91
1210.14, 1187.93
1210.61, 1187.94
1211.07, 1187.96
1211.53, 1187.98
1211.99, 1187.99
1212.45, 1188.01
1212.91, 1188.02
1213.37, 1188.04
1213.82, 1188.05
1214.27, 1188.07
1214.71, 1188.08
1215.16, 1188.1
1215.6, 1188.11
1216.04, 1188.13
1216.47, 1188.14
1216.91, 1188.16
1217.34, 1188.17
1217.77, 1188.19
1218.2, 1188.2
1218.63, 1188.22
1219.06, 1188.23
1219.49, 1188.24
1219.92, 1188.26
1220.36, 1188.28
1220.79, 1188.29
1221.22, 1188.3
1221.65, 1188.32
1222.08, 1188.33
1222.51, 1188.35
1222.94, 1188.36
1223.37, 1188.38
1223.8, 1188.39
1224.23, 1188.4
1224.66, 1188.42
1225.09, 1188.43
1225.52, 1188.45
1225.95, 1188.46
1226.38, 1188.48
1226.82, 1188.49
1227.24, 1188.51
1227.67, 1188.52
1228.11, 1188.54
1228.54, 1188.55
1228.96, 1188.57
1229.39, 1188.58
1229.82, 1188.59
1230.25, 1188.61
1230.68, 1188.62
1231.11, 1188.64
1231.54, 1188.65
1231.97, 1188.67
1232.4, 1188.68
1232.83, 1188.69
1233.26, 1188.71
1233.69, 1188.72
1234.12, 1188.74
1234.55, 1188.75
1234.98, 1188.77
1235.41, 1188.78
1235.45, 1188.8
1235.88, 1188.78
1236.31, 1188.77
1236.74, 1188.75
1237.17, 1188.74
1237.6, 1188.73
1238.03, 1188.71
1238.46, 1188.7

waypoints
x, y
1205.13, 1187.72
1205.58, 1187.74
1206.04, 1187.76
1206.49, 1187.78
1206.95, 1187.8
1207.42, 1187.82
1207.88, 1187.85
1208.35, 1187.87
1208.74, 1187.88
1209.2, 1187.9
1209.67, 1187.91
1210.14, 1187.93
1210.61, 1187.94
1211.07, 1187.96
1211.53, 1187.98
1211.99, 1187.99
1212.45, 1188.01
1212.91, 1188.02
1213.37, 1188.04
1213.82, 1188.05
1214.27, 1188.07
1214.71, 1188.08
1215.16, 1188.1
1215.6, 1188.11
1216.04, 1188.13
1216.47, 1188.14
1216.91, 1188.16
1217.34, 1188.17
1217.77, 1188.19
1218.2, 1188.2
1218.63, 1188.22
1219.06, 1188.23
1219.49, 1188.24
1219.92, 1188.26
1220.36, 1188.28
1220.79, 1188.29
1221.22, 1188.3
1221.65, 1188.32
1222.08, 1188.33
1222.51, 1188.35
1222.94, 1188.36
1223.37, 1188.38
1223.8, 1188.39
1224.23, 1188.4
1224.66, 1188.42
1225.09, 1188.43
1225.52, 1188.45
1225.95, 1188.46
1226.38, 1188.48
1226.82, 1188.49
1227.24, 1188.51
1227.67, 1188.52
1228.11, 1188.54
1228.54, 1188.55
1228.96, 1188.57
1229.39, 1188.58
1229.82, 1188.59
1230.25, 1188.61
1230.68, 1188.62
1231.11, 1188.64
1231.54, 1188.65
1231.97, 1188.67
1232.4, 1188.68
1232.83, 1188.69
1233.26, 1188.71
1233.69, 1188.72
1234.12, 1188.74
1234.55, 1188.75
1234.98, 1188.77
1235.41, 1188.78
1235.45, 1188.8
1235.88, 1188.78
1236.31, 1188.77
1236.74, 1188.75
1237.17, 1188.74
1237.6, 1188.73
1238.03, 1188.71
1238.46, 1188.7

waypoints
x, y
1206.95, 1187.8
1207.42, 1187.82
1207.88, 1187.85
1208.35, 1187.87
1208.74, 1187.88
1209.2, 1187.9
1209.67, 1187.91
1210.14, 1187.93
1210.61, 1187.94
1211.07, 1187.96
1211.53, 1187.98
1211.99, 1187.99
1212.45, 1188.01
1212.91, 1188.02
1213.37, 1188.04
1213.82, 1188.05
1214.27, 1188.07
1214.71, 1188.08
1215.16, 1188.1
1215.6, 1188.11
1216.04, 1188.13
1216.47, 1188.14
1216.91, 1188.16
1217.34, 1188.17
1217.77, 1188.19
1218.2, 1188.2
1218.63, 1188.22
1219.06, 1188.23
1219.49, 1188.24
1219.92, 1188.26
1220.36, 1188.28
1220.79, 1188.29
1221.22, 1188.3
1221.65, 1188.32
1222.08, 1188.33
1222.51, 1188.35
1222.94, 1188.36
1223.37, 1188.38
1223.8, 1188.39
1224.23, 1188.4
1224.66, 1188.42
1225.09, 1188.43
1225.52, 1188.45
1225.95, 1188.46
1226.38, 1188.48
1226.82, 1188.49
1227.24, 1188.51
1227.67, 1188.52
1228.11, 1188.54
1228.54, 1188.55
1228.96, 1188.57
1229.39, 1188.58
1229.82, 1188.59
1230.25, 1188.61
1230.68, 1188.62
1231.11, 1188.64
1231.54, 1188.65
1231.97, 1188.67
1232.4, 1188.68
1232.83, 1188.69
1233.26, 1188.71
1233.69, 1188.72
1234.12, 1188.74
1234.55, 1188.75
1234.98, 1188.77
1235.41, 1188.78
1235.45, 1188.8
1235.88, 1188.78
1236.31, 1188.77
1236.74, 1188.75
1237.17, 1188.74
1237.6, 1188.73
1238.03, 1188.71
1238.46, 1188.7

waypoints
x, y
1208.74, 1187.88
1209.2, 1187.9
1209.67, 1187.91
1210.14, 1187.93
1210.61, 1187.94
1211.07, 1187.96
1211.53, 1187.98
1211.99, 1187.99
1212.45, 1188.01
1212.91, 1188.02
1213.37, 1188.04
1213.82, 1188.05
1214.27, 1188.07
1214.71, 1188.08
1215.16, 1188.1
1215.6, 1188.11
1216.04, 1188.13
1216.47, 1188.14
1216.91, 1188.16
1217.34, 1188.17
1217.77, 1188.19
1218.2, 1188.2
1218.63, 1188.22
1219.06, 1188.23
1219.49, 1188.24
1219.92, 1188.26
1220.36, 1188.28
1220.79, 1188.29
1221.22, 1188.3
1221.65, 1188.32
1222.08, 1188.33
1222.51, 1188.35
1222.94, 1188.36
1223.37, 1188.38
1223.8, 1188.39
1224.23, 1188.4
1224.66, 1188.42
1225.09, 1188.43
1225.52, 1188.45
1225.95, 1188.46
1226.38, 1188.48
1226.82, 1188.49
1227.24, 1188.51
1227.67, 1188.52
1228.11, 1188.54
1228.54, 1188.55
1228.96, 1188.57
1229.39, 1188.58
1229.82, 1188.59
1230.25, 1188.61
1230.68, 1188.62
1231.11, 1188.64
1231.54, 1188.65
1231.97, 1188.67
1232.4, 1188.68
1232.83, 1188.69
1233.26, 1188.71
1233.69, 1188.72
1234.12, 1188.74
1234.55, 1188.75
1234.98, 1188.77
1235.41, 1188.78
1235.45, 1188.8
1235.88, 1188.78
1236.31, 1188.77
1236.74, 1188.75
1237.17, 1188.74
1237.6, 1188.73
1238.03, 1188.71
1238.46, 1188.7

waypoints
x, y
1210.61, 1187.94
1211.07, 1187.96
1211.53, 1187.98
1211.99, 1187.99
1212.45, 1188.01
1212.91, 1188.02
1213.37, 1188.04
1213.82, 1188.05
1214.27, 1188.07
1214.71, 1188.08
1215.16, 1188.1
1215.6, 1188.11
1216.04, 1188.13
1216.47, 1188.14
1216.91, 1188.16
1217.34, 1188.17
1217.77, 1188.19
1218.2, 1188.2
1218.63, 1188.22
1219.06, 1188.23
1219.49, 1188.24
1219.92, 1188.26
1220.36, 1188.28
1220.79, 1188.29
1221.22, 1188.3
1221.65, 1188.32
1222.08, 1188.33
1222.51, 1188.35
1222.94, 1188.36
1223.37, 1188.38
1223.8, 1188.39
1224.23, 1188.4
1224.66, 1188.42
1225.09, 1188.43
1225.52, 1188.45
1225.95, 1188.46
1226.38, 1188.48
1226.82, 1188.49
1227.24, 1188.51
1227.67, 1188.52
1228.11, 1188.54
1228.54, 1188.55
1228.96, 1188.57
1229.39, 1188.58
1229.82, 1188.59
1230.25, 1188.61
1230.68, 1188.62
1231.11, 1188.64
1231.54, 1188.65
1231.97, 1188.67
1232.4, 1188.68
1232.83, 1188.69
1233.26, 1188.71
1233.69, 1188.72
1234.12, 1188.74
1234.55, 1188.75
1234.98, 1188.77
1235.41, 1188.78
1235.45, 1188.8
1235.88, 1188.78
1236.31, 1188.77
1236.74, 1188.75
1237.17, 1188.74
1237.6, 1188.73
1238.03, 1188.71
1238.46, 1188.7

waypoints
x, y
1212.91, 1188.02
1213.37, 1188.04
1213.82, 1188.05
1214.27, 1188.07
1214.71, 1188.08
1215.16, 1188.1
1215.6, 1188.11
1216.04, 1188.13
1216.47, 1188.14
1216.91, 1188.16
1217.34, 1188.17
1217.77, 1188.19
1218.2, 1188.2
1218.63, 1188.22
1219.06, 1188.23
1219.49, 1188.24
1219.92, 1188.26
1220.36, 1188.28
1220.79, 1188.29
1221.22, 1188.3
1221.65, 1188.32
1222.08, 1188.33
1222.51, 1188.35
1222.94, 1188.36
1223.37, 1188.38
1223.8, 1188.39
1224.23, 1188.4
1224.66, 1188.42
1225.09, 1188.43
1225.52, 1188.45
1225.95, 1188.46
1226.38, 1188.48
1226.82, 1188.49
1227.24, 1188.51
1227.67, 1188.52
1228.11, 1188.54
1228.54, 1188.55
1228.96, 1188.57
1229.39, 1188.58
1229.82, 1188.59
1230.25, 1188.61
1230.68, 1188.62
1231.11, 1188.64
1231.54, 1188.65
1231.97, 1188.67
1232.4, 1188.68
1232.83, 1188.69
1233.26, 1188.71
1233.69, 1188.72
1234.12, 1188.74
1234.55, 1188.75
1234.98, 1188.77
1235.41, 1188.78
1235.45, 1188.8
1235.88, 1188.78
1236.31, 1188.77
1236.74, 1188.75
1237.17, 1188.74
1237.6, 1188.73
1238.03, 1188.71
1238.46, 1188.7

waypoints
x, y
1214.27, 1188.07
1214.71, 1188.08
1215.16, 1188.1
1215.6, 1188.11
1216.04, 1188.13
1216.47, 1188.14
1216.91, 1188.16
1217.34, 1188.17
1217.77, 1188.19
1218.2, 1188.2
1218.63, 1188.22
1219.06, 1188.23
1219.49, 1188.24
1219.92, 1188.26
1220.36, 1188.28
1220.79, 1188.29
1221.22, 1188.3
1221.65, 1188.32
1222.08, 1188.33
1222.51, 1188.35
1222.94, 1188.36
1223.37, 1188.38
1223.8, 1188.39
1224.23, 1188.4
1224.66, 1188.42
1225.09, 1188.43
1225.52, 1188.45
1225.95, 1188.46
1226.38, 1188.48
1226.82, 1188.49
1227.24, 1188.51
1227.67, 1188.52
1228.11, 1188.54
1228.54, 1188.55
1228.96, 1188.57
1229.39, 1188.58
1229.82, 1188.59
1230.25, 1188.61
1230.68, 1188.62
1231.11, 1188.64
1231.54, 1188.65
1231.97, 1188.67
1232.4, 1188.68
1232.83, 1188.69
1233.26, 1188.71
1233.69, 1188.72
1234.12, 1188.74
1234.55, 1188.75
1234.98, 1188.77
1235.41, 1188.78
1235.45, 1188.8
1235.88, 1188.78
1236.31, 1188.77
1236.74, 1188.75
1237.17, 1188.74
1237.6, 1188.73
1238.03, 1188.71
1238.46, 1188.7

waypoints
x, y
1216.04, 1188.13
1216.47, 1188.14
1216.91, 1188.16
1217.34, 1188.17
1217.77, 1188.19
1218.2, 1188.2
1218.63, 1188.22
1219.06, 1188.23
1219.49, 1188.24
1219.92, 1188.26
1220.36, 1188.28
1220.79, 1188.29
1221.22, 1188.3
1221.65, 1188.32
1222.08, 1188.33
1222.51, 1188.35
1222.94, 1188.36
1223.37, 1188.38
1223.8, 1188.39
1224.23, 1188.4
1224.66, 1188.42
1225.09, 1188.43
1225.52, 1188.45
1225.95, 1188.46
1226.38, 1188.48
1226.82, 1188.49
1227.24, 1188.51
1227.67, 1188.52
1228.11, 1188.54
1228.54, 1188.55
1228.96, 1188.57
1229.39, 1188.58
1229.82, 1188.59
1230.25, 1188.61
1230.68, 1188.62
1231.11, 1188.64
1231.54, 1188.65
1231.97, 1188.67
1232.4, 1188.68
1232.83, 1188.69
1233.26, 1188.71
1233.69, 1188.72
1234.12, 1188.74
1234.55, 1188.75
1234.98, 1188.77
1235.41, 1188.78
1235.45, 1188.8
1235.88, 1188.78
1236.31, 1188.77
1236.74, 1188.75
1237.17, 1188.74
1237.6, 1188.73
1238.03, 1188.71
1238.46, 1188.7

waypoints
x, y
1217.77, 1188.19
1218.2, 1188.2
1218.63, 1188.22
1219.06, 1188.23
1219.49, 1188.24
1219.92, 1188.26
1220.36, 1188.28
1220.79, 1188.29
1221.22, 1188.3
1221.65, 1188.32
1222.08, 1188.33
1222.51, 1188.35
1222.94, 1188.36
1223.37, 1188.38
1223.8, 1188.39
1224.23, 1188.4
1224.66, 1188.42
1225.09, 1188.43
1225.52, 1188.45
1225.95, 1188.46
1226.38, 1188.48
1226.82, 1188.49
1227.24, 1188.51
1227.67, 1188.52
1228.11, 1188.54
1228.54, 1188.55
1228.96, 1188.57
1229.39, 1188.58
1229.82, 1188.59
1230.25, 1188.61
1230.68, 1188.62
1231.11, 1188.64
1231.54, 1188.65
1231.97, 1188.67
1232.4, 1188.68
1232.83, 1188.69
1233.26, 1188.71
1233.69, 1188.72
1234.12, 1188.74
1234.55, 1188.75
1234.98, 1188.77
1235.41, 1188.78
1235.45, 1188.8
1235.88, 1188.78
1236.31, 1188.77
1236.74, 1188.75
1237.17, 1188.74
1237.6, 1188.73
1238.03, 1188.71
1238.46, 1188.7

waypoints
x, y
1219.49, 1188.24
1219.92, 1188.26
1220.36, 1188.28
1220.79, 1188.29
1221.22, 1188.3
1221.65, 1188.32
1222.08, 1188.33
1222.51, 1188.35
1222.94, 1188.36
1223.37, 1188.38
1223.8, 1188.39
1224.23, 1188.4
1224.66, 1188.42
1225.09, 1188.43
1225.52, 1188.45
1225.95, 1188.46
1226.38, 1188.48
1226.82, 1188.49
1227.24, 1188.51
1227.67, 1188.52
1228.11, 1188.54
1228.54, 1188.55
1228.96, 1188.57
1229.39, 1188.58
1229.82, 1188.59
1230.25, 1188.61
1230.68, 1188.62
1231.11, 1188.64
1231.54, 1188.65
1231.97, 1188.67
1232.4, 1188.68
1232.83, 1188.69
1233.26, 1188.71
1233.69, 1188.72
1234.12, 1188.74
1234.55, 1188.75
1234.98, 1188.77
1235.41, 1188.78
1235.45, 1188.8
1235.88, 1188.78
1236.31, 1188.77
1236.74, 1188.75
1237.17, 1188.74
1237.6, 1188.73
1238.03, 1188.71
1238.46, 1188.7
1238.49, 1188.51
1238.92, 1188.5
1239.35, 1188.48
1239.78, 1188.47
1240.21, 1188.46
1240.64, 1188.45
1241.07, 1188.43
1241.5, 1188.42
1241.94, 1188.41
1242.37, 1188.4
1242.8, 1188.39
1243.23, 1188.38
1243.66, 1188.37
1244.09, 1188.36
1244.52, 1188.35
1244.95, 1188.34
1245.38, 1188.33
1245.81, 1188.32
1246.24, 1188.32
1246.67, 1188.31
1247.1, 1188.3
1247.53, 1188.3
1247.96, 1188.29
1248.39, 1188.28
1248.82, 1188.27
1249.25, 1188.27
1249.68, 1188.26
1250.12, 1188.25
1250.55, 1188.25
1250.98, 1188.24
1251.41, 1188.23
1251.84, 1188.23
1252.27, 1188.22
1252.7, 1188.21
1253.13, 1188.2
1253.56, 1188.19
1253.99, 1188.18
1254.42, 1188.17
1254.85, 1188.16
1255.28, 1188.15
1255.71, 1188.14
1256.14, 1188.13
1256.57, 1188.12
1257, 1188.1
1257.43, 1188.09
1257.86, 1188.08
1258.29, 1188.07
1258.72, 1188.05
1259.15, 1188.04

waypoints
x, y
1221.65, 1188.32
1222.08, 1188.33
1222.51, 1188.35
1222.94, 1188.36
1223.37, 1188.38
1223.8, 1188.39
1224.23, 1188.4
1224.66, 1188.42
1225.09, 1188.43
1225.52, 1188.45
1225.95, 1188.46
1226.38, 1188.48
1226.82, 1188.49
1227.24, 1188.51
1227.67, 1188.52
1228.11, 1188.54
1228.54, 1188.55
1228.96, 1188.57
1229.39, 1188.58
1229.82, 1188.59
1230.25, 1188.61
1230.68, 1188.62
1231.11, 1188.64
1231.54, 1188.65
1231.97, 1188.67
1232.4, 1188.68
1232.83, 1188.69
1233.26, 1188.71
1233.69, 1188.72
1234.12, 1188.74
1234.55, 1188.75
1234.98, 1188.77
1235.41, 1188.78
1235.45, 1188.8
1235.88, 1188.78
1236.31, 1188.77
1236.74, 1188.75
1237.17, 1188.74
1237.6, 1188.73
1238.03, 1188.71
1238.46, 1188.7
1238.49, 1188.51
1238.92, 1188.5
1239.35, 1188.48
1239.78, 1188.47
1240.21, 1188.46
1240.64, 1188.44
1241.07, 1188.43
1241.51, 1188.42
1241.94, 1188.41
1242.37, 1188.4
1242.8, 1188.39
1243.23, 1188.38
1243.66, 1188.37
1244.09, 1188.36
1244.52, 1188.35
1244.95, 1188.34
1245.38, 1188.33
1245.81, 1188.33
1246.24, 1188.32
1246.67, 1188.31
1247.1, 1188.3
1247.53, 1188.3
1247.96, 1188.29
1248.39, 1188.28
1248.82, 1188.28
1249.26, 1188.27
1249.68, 1188.26
1250.12, 1188.26
1250.55, 1188.25
1250.97, 1188.24
1251.41, 1188.23
1251.84, 1188.22
1252.27, 1188.22
1252.7, 1188.21
1253.13, 1188.2
1253.56, 1188.19
1253.99, 1188.18
1254.42, 1188.17
1254.85, 1188.16
1255.28, 1188.15
1255.71, 1188.14
1256.14, 1188.13
1256.57, 1188.12
1257, 1188.1
1257.43, 1188.09
1257.86, 1188.08
1258.29, 1188.07
1258.72, 1188.05
1259.15, 1188.04

waypoints
x, y
1223.37, 1188.38
1223.8, 1188.39
1224.23, 1188.4
1224.66, 1188.42
1225.09, 1188.43
1225.52, 1188.45
1225.95, 1188.46
1226.38, 1188.48
1226.82, 1188.49
1227.24, 1188.51
1227.67, 1188.52
1228.11, 1188.54
1228.54, 1188.55
1228.96, 1188.57
1229.39, 1188.58
1229.82, 1188.59
1230.25, 1188.61
1230.68, 1188.62
1231.11, 1188.64
1231.54, 1188.65
1231.97, 1188.67
1232.4, 1188.68
1232.83, 1188.69
1233.26, 1188.71
1233.69, 1188.72
1234.12, 1188.74
1234.55, 1188.75
1234.98, 1188.77
1235.41, 1188.78
1235.45, 1188.8
1235.88, 1188.78
1236.31, 1188.77
1236.74, 1188.75
1237.17, 1188.74
1237.6, 1188.73
1238.03, 1188.71
1238.46, 1188.7
1238.49, 1188.51
1238.92, 1188.5
1239.35, 1188.48
1239.78, 1188.47
1240.21, 1188.46
1240.64, 1188.44
1241.07, 1188.43
1241.51, 1188.42
1241.94, 1188.41
1242.37, 1188.4
1242.8, 1188.39
1243.23, 1188.38
1243.66, 1188.37
1244.09, 1188.36
1244.52, 1188.35
1244.95, 1188.34
1245.38, 1188.33
1245.81, 1188.33
1246.24, 1188.32
1246.67, 1188.31
1247.1, 1188.3
1247.53, 1188.3
1247.96, 1188.29
1248.39, 1188.28
1248.82, 1188.28
1249.26, 1188.27
1249.68, 1188.26
1250.12, 1188.26
1250.55, 1188.25
1250.97, 1188.24
1251.41, 1188.23
1251.84, 1188.22
1252.27, 1188.22
1252.7, 1188.21
1253.13, 1188.2
1253.56, 1188.19
1253.99, 1188.18
1254.42, 1188.17
1254.85, 1188.16
1255.28, 1188.15
1255.71, 1188.14
1256.14, 1188.13
1256.57, 1188.12
1257, 1188.1
1257.43, 1188.09
1257.86, 1188.08
1258.29, 1188.07
1258.72, 1188.05
1259.15, 1188.04

waypoints
x, y
1225.52, 1188.45
1225.95, 1188.46
1226.38, 1188.48
1226.82, 1188.49
1227.24, 1188.51
1227.67, 1188.52
1228.11, 1188.54
1228.54, 1188.55
1228.96, 1188.57
1229.39, 1188.58
1229.82, 1188.59
1230.25, 1188.61
1230.68, 1188.62
1231.11, 1188.64
1231.54, 1188.65
1231.97, 1188.67
1232.4, 1188.68
1232.83, 1188.69
1233.26, 1188.71
1233.69, 1188.72
1234.12, 1188.74
1234.55, 1188.75
1234.98, 1188.77
1235.41, 1188.78
1235.45, 1188.8
1235.88, 1188.78
1236.31, 1188.77
1236.74, 1188.75
1237.17, 1188.74
1237.6, 1188.73
1238.03, 1188.71
1238.46, 1188.7
1238.49, 1188.51
1238.92, 1188.5
1239.35, 1188.48
1239.78, 1188.47
1240.21, 1188.46
1240.64, 1188.44
1241.07, 1188.43
1241.51, 1188.42
1241.94, 1188.41
1242.37, 1188.4
1242.8, 1188.39
1243.23, 1188.38
1243.66, 1188.37
1244.09, 1188.36
1244.52, 1188.35
1244.95, 1188.34
1245.38, 1188.33
1245.81, 1188.33
1246.24, 1188.32
1246.67, 1188.31
1247.1, 1188.3
1247.53, 1188.3
1247.96, 1188.29
1248.39, 1188.28
1248.82, 1188.28
1249.26, 1188.27
1249.68, 1188.26
1250.12, 1188.26
1250.55, 1188.25
1250.97, 1188.24
1251.41, 1188.23
1251.84, 1188.22
1252.27, 1188.22
1252.7, 1188.21
1253.13, 1188.2
1253.56, 1188.19
1253.99, 1188.18
1254.42, 1188.17
1254.85, 1188.16
1255.28, 1188.15
1255.71, 1188.14
1256.14, 1188.13
1256.57, 1188.12
1257, 1188.1
1257.43, 1188.09
1257.86, 1188.08
1258.29, 1188.07
1258.72, 1188.05
1259.15, 1188.04

waypoints
x, y
1227.24, 1188.51
1227.67, 1188.52
1228.11, 1188.54
1228.54, 1188.55
1228.96, 1188.57
1229.39, 1188.58
1229.82, 1188.59
1230.25, 1188.61
1230.68, 1188.62
1231.11, 1188.64
1231.54, 1188.65
1231.97, 1188.67
1232.4, 1188.68
1232.83, 1188.69
1233.26, 1188.71
1233.69, 1188.72
1234.12, 1188.74
1234.55, 1188.75
1234.98, 1188.77
1235.41, 1188.78
1235.45, 1188.8
1235.88, 1188.78
1236.31, 1188.77
1236.74, 1188.75
1237.17, 1188.74
1237.6, 1188.73
1238.03, 1188.71
1238.46, 1188.7
1238.49, 1188.51
1238.92, 1188.5
1239.35, 1188.48
1239.78, 1188.47
1240.21, 1188.46
1240.64, 1188.44
1241.07, 1188.43
1241.51, 1188.42
1241.94, 1188.41
1242.37, 1188.4
1242.8, 1188.39
1243.23, 1188.38
1243.66, 1188.37
1244.09, 1188.36
1244.52, 1188.35
1244.95, 1188.34
1245.38, 1188.33
1245.81, 1188.33
1246.24, 1188.32
1246.67, 1188.31
1247.1, 1188.3
1247.53, 1188.3
1247.96, 1188.29
1248.39, 1188.28
1248.82, 1188.28
1249.26, 1188.27
1249.68, 1188.26
1250.12, 1188.26
1250.55, 1188.25
1250.97, 1188.24
1251.41, 1188.23
1251.84, 1188.22
1252.27, 1188.22
1252.7, 1188.21
1253.13, 1188.2
1253.56, 1188.19
1253.99, 1188.18
1254.42, 1188.17
1254.85, 1188.16
1255.28, 1188.15
1255.71, 1188.14
1256.14, 1188.13
1256.57, 1188.12
1257, 1188.1
1257.43, 1188.09
1257.86, 1188.08
1258.29, 1188.07
1258.72, 1188.05
1259.15, 1188.04

waypoints
x, y
1228.54, 1188.55
1228.96, 1188.57
1229.39, 1188.58
1229.82, 1188.59
1230.25, 1188.61
1230.68, 1188.62
1231.11, 1188.64
1231.54, 1188.65
1231.97, 1188.67
1232.4, 1188.68
1232.83, 1188.69
1233.26, 1188.71
1233.69, 1188.72
1234.12, 1188.74
1234.55, 1188.75
1234.98, 1188.77
1235.41, 1188.78
1235.45, 1188.8
1235.88, 1188.78
1236.31, 1188.77
1236.74, 1188.75
1237.17, 1188.74
1237.6, 1188.73
1238.03, 1188.71
1238.46, 1188.7
1238.49, 1188.51
1238.92, 1188.5
1239.35, 1188.48
1239.78, 1188.47
1240.21, 1188.46
1240.64, 1188.44
1241.07, 1188.43
1241.51, 1188.42
1241.94, 1188.41
1242.37, 1188.4
1242.8, 1188.39
1243.23, 1188.38
1243.66, 1188.37
1244.09, 1188.36
1244.52, 1188.35
1244.95, 1188.34
1245.38, 1188.33
1245.81, 1188.33
1246.24, 1188.32
1246.67, 1188.31
1247.1, 1188.3
1247.53, 1188.3
1247.96, 1188.29
1248.39, 1188.28
1248.82, 1188.28
1249.26, 1188.27
1249.68, 1188.26
1250.12, 1188.26
1250.55, 1188.25
1250.97, 1188.24
1251.41, 1188.23
1251.84, 1188.22
1252.27, 1188.22
1252.7, 1188.21
1253.13, 1188.2
1253.56, 1188.19
1253.99, 1188.18
1254.42, 1188.17
1254.85, 1188.16
1255.28, 1188.15
1255.71, 1188.14
1256.14, 1188.13
1256.57, 1188.12
1257, 1188.1
1257.43, 1188.09
1257.86, 1188.08
1258.29, 1188.07
1258.72, 1188.05
1259.15, 1188.04

waypoints
x, y
1230.25, 1188.61
1230.68, 1188.62
1231.11, 1188.64
1231.54, 1188.65
1231.97, 1188.67
1232.4, 1188.68
1232.83, 1188.69
1233.26, 1188.71
1233.69, 1188.72
1234.12, 1188.74
1234.55, 1188.75
1234.98, 1188.77
1235.41, 1188.78
1235.45, 1188.8
1235.88, 1188.78
1236.31, 1188.77
1236.74, 1188.75
1237.17, 1188.74
1237.6, 1188.73
1238.03, 1188.71
1238.46, 1188.7
1238.49, 1188.51
1238.92, 1188.5
1239.35, 1188.48
1239.78, 1188.47
1240.21, 1188.46
1240.64, 1188.44
1241.07, 1188.43
1241.51, 1188.42
1241.94, 1188.41
1242.37, 1188.4
1242.8, 1188.39
1243.23, 1188.38
1243.66, 1188.37
1244.09, 1188.36
1244.52, 1188.35
1244.95, 1188.34
1245.38, 1188.33
1245.81, 1188.33
1246.24, 1188.32
1246.67, 1188.31
1247.1, 1188.3
1247.53, 1188.3
1247.96, 1188.29
1248.39, 1188.28
1248.82, 1188.28
1249.26, 1188.27
1249.68, 1188.26
1250.12, 1188.26
1250.55, 1188.25
1250.97, 1188.24
1251.41, 1188.23
1251.84, 1188.22
1252.27, 1188.22
1252.7, 1188.21
1253.13, 1188.2
1253.56, 1188.19
1253.99, 1188.18
1254.42, 1188.17
1254.85, 1188.16
1255.28, 1188.15
1255.71, 1188.14
1256.14, 1188.13
1256.57, 1188.12
1257, 1188.1
1257.43, 1188.09
1257.86, 1188.08
1258.29, 1188.07
1258.72, 1188.05
1259.15, 1188.04

waypoints
x, y
1231.97, 1188.67
1232.4, 1188.68
1232.83, 1188.69
1233.26, 1188.71
1233.69, 1188.72
1234.12, 1188.74
1234.55, 1188.75
1234.98, 1188.77
1235.41, 1188.78
1235.45, 1188.8
1235.88, 1188.78
1236.31, 1188.77
1236.74, 1188.75
1237.17, 1188.74
1237.6, 1188.73
1238.03, 1188.71
1238.46, 1188.7
1238.49, 1188.51
1238.92, 1188.5
1239.35, 1188.48
1239.78, 1188.47
1240.21, 1188.46
1240.64, 1188.44
1241.07, 1188.43
1241.51, 1188.42
1241.94, 1188.41
1242.37, 1188.4
1242.8, 1188.39
1243.23, 1188.38
1243.66, 1188.37
1244.09, 1188.36
1244.52, 1188.35
1244.95, 1188.34
1245.38, 1188.33
1245.81, 1188.33
1246.24, 1188.32
1246.67, 1188.31
1247.1, 1188.3
1247.53, 1188.3
1247.96, 1188.29
1248.39, 1188.28
1248.82, 1188.28
1249.26, 1188.27
1249.68, 1188.26
1250.12, 1188.26
1250.55, 1188.25
1250.97, 1188.24
1251.41, 1188.23
1251.84, 1188.22
1252.27, 1188.22
1252.7, 1188.21
1253.13, 1188.2
1253.56, 1188.19
1253.99, 1188.18
1254.42, 1188.17
1254.85, 1188.16
1255.28, 1188.15
1255.71, 1188.14
1256.14, 1188.13
1256.57, 1188.12
1257, 1188.1
1257.43, 1188.09
1257.86, 1188.08
1258.29, 1188.07
1258.72, 1188.05
1259.15, 1188.04

waypoints
x, y
1234.12, 1188.74
1234.55, 1188.75
1234.98, 1188.77
1235.41, 1188.78
1235.45, 1188.8
1235.88, 1188.78
1236.31, 1188.77
1236.74, 1188.75
1237.17, 1188.74
1237.6, 1188.73
1238.03, 1188.71
1238.46, 1188.7
1238.49, 1188.51
1238.92, 1188.5
1239.35, 1188.48
1239.78, 1188.47
1240.21, 1188.46
1240.64, 1188.44
1241.07, 1188.43
1241.51, 1188.42
1241.94, 1188.41
1242.37, 1188.4
1242.8, 1188.39
1243.23, 1188.38
1243.66, 1188.37
1244.09, 1188.36
1244.52, 1188.35
1244.95, 1188.34
1245.38, 1188.33
1245.81, 1188.33
1246.24, 1188.32
1246.67, 1188.31
1247.1, 1188.3
1247.53, 1188.3
1247.96, 1188.29
1248.39, 1188.28
1248.82, 1188.28
1249.26, 1188.27
1249.68, 1188.26
1250.12, 1188.26
1250.55, 1188.25
1250.97, 1188.24
1251.41, 1188.23
1251.84, 1188.22
1252.27, 1188.22
1252.7, 1188.21
1253.13, 1188.2
1253.56, 1188.19
1253.99, 1188.18
1254.42, 1188.17
1254.85, 1188.16
1255.28, 1188.15
1255.71, 1188.14
1256.14, 1188.13
1256.57, 1188.12
1257, 1188.1
1257.43, 1188.09
1257.86, 1188.08
1258.29, 1188.07
1258.72, 1188.05
1259.15, 1188.04

waypoints
x, y
1235.45, 1188.8
1235.88, 1188.78
1236.31, 1188.77
1236.74, 1188.75
1237.17, 1188.74
1237.6, 1188.73
1238.03, 1188.71
1238.46, 1188.7
1238.49, 1188.51
1238.92, 1188.5
1239.35, 1188.48
1239.78, 1188.47
1240.21, 1188.46
1240.64, 1188.44
1241.07, 1188.43
1241.51, 1188.42
1241.94, 1188.41
1242.37, 1188.4
1242.8, 1188.39
1243.23, 1188.38
1243.66, 1188.37
1244.09, 1188.36
1244.52, 1188.35
1244.95, 1188.34
1245.38, 1188.33
1245.81, 1188.33
1246.24, 1188.32
1246.67, 1188.31
1247.1, 1188.3
1247.53, 1188.3
1247.96, 1188.29
1248.39, 1188.28
1248.82, 1188.28
1249.26, 1188.27
1249.68, 1188.26
1250.12, 1188.26
1250.55, 1188.25
1250.97, 1188.24
1251.41, 1188.23
1251.84, 1188.22
1252.27, 1188.22
1252.7, 1188.21
1253.13, 1188.2
1253.56, 1188.19
1253.99, 1188.18
1254.42, 1188.17
1254.85, 1188.16
1255.28, 1188.15
1255.71, 1188.14
1256.14, 1188.13
1256.57, 1188.12
1257, 1188.1
1257.43, 1188.09
1257.86, 1188.08
1258.29, 1188.07
1258.72, 1188.05
1259.15, 1188.04

waypoints
x, y
1237.17, 1188.74
1237.6, 1188.73
1238.03, 1188.71
1238.46, 1188.7
1238.49, 1188.51
1238.92, 1188.5
1239.35, 1188.48
1239.78, 1188.47
1240.21, 1188.46
1240.64, 1188.44
1241.07, 1188.43
1241.51, 1188.42
1241.94, 1188.41
1242.37, 1188.4
1242.8, 1188.39
1243.23, 1188.38
1243.66, 1188.37
1244.09, 1188.36
1244.52, 1188.35
1244.95, 1188.34
1245.38, 1188.33
1245.81, 1188.33
1246.24, 1188.32
1246.67, 1188.31
1247.1, 1188.3
1247.53, 1188.3
1247.96, 1188.29
1248.39, 1188.28
1248.82, 1188.28
1249.26, 1188.27
1249.68, 1188.26
1250.12, 1188.26
1250.55, 1188.25
1250.97, 1188.24
1251.41, 1188.23
1251.84, 1188.22
1252.27, 1188.22
1252.7, 1188.21
1253.13, 1188.2
1253.56, 1188.19
1253.99, 1188.18
1254.42, 1188.17
1254.85, 1188.16
1255.28, 1188.15
1255.71, 1188.14
1256.14, 1188.13
1256.57, 1188.12
1257, 1188.1
1257.43, 1188.09
1257.86, 1188.08
1258.29, 1188.07
1258.72, 1188.05
1259.15, 1188.04

waypoints
x, y
1238.49, 1188.51
1238.92, 1188.5
1239.35, 1188.48
1239.78, 1188.47
1240.21, 1188.46
1240.64, 1188.44
1241.07, 1188.43
1241.51, 1188.42
1241.94, 1188.41
1242.37, 1188.4
1242.8, 1188.39
1243.23, 1188.38
1243.66, 1188.37
1244.09, 1188.36
1244.52, 1188.35
1244.95, 1188.34
1245.38, 1188.33
1245.81, 1188.33
1246.24, 1188.32
1246.67, 1188.31
1247.1, 1188.3
1247.53, 1188.3
1247.96, 1188.29
1248.39, 1188.28
1248.82, 1188.28
1249.26, 1188.27
1249.68, 1188.26
1250.12, 1188.26
1250.55, 1188.25
1250.97, 1188.24
1251.41, 1188.23
1251.84, 1188.22
1252.27, 1188.22
1252.7, 1188.21
1253.13, 1188.2
1253.56, 1188.19
1253.99, 1188.18
1254.42, 1188.17
1254.85, 1188.16
1255.28, 1188.15
1255.71, 1188.14
1256.14, 1188.13
1256.57, 1188.12
1257, 1188.1
1257.43, 1188.09
1257.86, 1188.08
1258.29, 1188.07
1258.72, 1188.05
1259.15, 1188.04
1259.58, 1188.02
1260.01, 1188.01
1260.44, 1188
1260.87, 1187.98
1261.31, 1187.97
1261.74, 1187.96
1262.17, 1187.94
1262.6, 1187.93
1263.03, 1187.91
1263.46, 1187.9
1263.89, 1187.89
1264.32, 1187.87
1264.75, 1187.86
1265.18, 1187.85
1265.61, 1187.83
1266.04, 1187.82
1266.47, 1187.8
1266.9, 1187.79
1267.33, 1187.78
1267.76, 1187.76
1268.19, 1187.75
1268.62, 1187.74
1269.05, 1187.72
1269.48, 1187.71
1269.91, 1187.69
1270.34, 1187.68
1270.77, 1187.67
1271.2, 1187.65
1271.56, 1187.64
1271.99, 1187.62
1272.42, 1187.6
1272.85, 1187.58
1273.28, 1187.56
1273.71, 1187.54
1274.13, 1187.52
1274.56, 1187.5
1274.99, 1187.48
1275.42, 1187.47
1275.85, 1187.45
1276.28, 1187.43
1276.71, 1187.41
1277.14, 1187.39
1277.57, 1187.37
1278, 1187.35
1278.43, 1187.33
1278.86, 1187.31
1279.29, 1187.29
1279.72, 1187.27
1280.15, 1187.25

waypoints
x, y
1240.21, 1188.46
1240.64, 1188.44
1241.07, 1188.43
1241.51, 1188.42
1241.94, 1188.41
1242.37, 1188.4
1242.8, 1188.39
1243.23, 1188.38
1243.66, 1188.37
1244.09, 1188.36
1244.52, 1188.35
1244.95, 1188.34
1245.38, 1188.33
1245.81, 1188.33
1246.24, 1188.32
1246.67, 1188.31
1247.1, 1188.3
1247.53, 1188.3
1247.96, 1188.29
1248.39, 1188.28
1248.82, 1188.28
1249.26, 1188.27
1249.68, 1188.26
1250.12, 1188.26
1250.55, 1188.25
1250.97, 1188.24
1251.41, 1188.23
1251.84, 1188.22
1252.27, 1188.22
1252.7, 1188.21
1253.13, 1188.2
1253.56, 1188.19
1253.99, 1188.18
1254.42, 1188.17
1254.85, 1188.16
1255.28, 1188.15
1255.71, 1188.14
1256.14, 1188.13
1256.57, 1188.12
1257, 1188.1
1257.43, 1188.09
1257.86, 1188.08
1258.29, 1188.07
1258.72, 1188.05
1259.15, 1188.04
1259.58, 1188.02
1260.01, 1188.01
1260.44, 1188
1260.87, 1187.98
1261.31, 1187.97
1261.74, 1187.95
1262.17, 1187.94
1262.6, 1187.93
1263.03, 1187.91
1263.46, 1187.9
1263.89, 1187.89
1264.32, 1187.87
1264.75, 1187.86
1265.18, 1187.85
1265.61, 1187.83
1266.04, 1187.82
1266.47, 1187.8
1266.9, 1187.79
1267.33, 1187.78
1267.76, 1187.76
1268.19, 1187.75
1268.62, 1187.73
1269.05, 1187.72
1269.48, 1187.71
1269.91, 1187.69
1270.34, 1187.68
1270.77, 1187.67
1271.2, 1187.65
1271.56, 1187.64
1271.99, 1187.62
1272.42, 1187.6
1272.85, 1187.58
1273.28, 1187.56
1273.7, 1187.54
1274.13, 1187.52
1274.57, 1187.5
1274.99, 1187.48
1275.42, 1187.46
1275.85, 1187.45
1276.28, 1187.43
1276.71, 1187.41
1277.14, 1187.39
1277.57, 1187.37
1278, 1187.35
1278.43, 1187.33
1278.87, 1187.31
1279.3, 1187.29
1279.72, 1187.27
1280.15, 1187.25

waypoints
x, y
1241.94, 1188.41
1242.37, 1188.4
1242.8, 1188.39
1243.23, 1188.38
1243.66, 1188.37
1244.09, 1188.36
1244.52, 1188.35
1244.95, 1188.34
1245.38, 1188.33
1245.81, 1188.33
1246.24, 1188.32
1246.67, 1188.31
1247.1, 1188.3
1247.53, 1188.3
1247.96, 1188.29
1248.39, 1188.28
1248.82, 1188.28
1249.26, 1188.27
1249.68, 1188.26
1250.12, 1188.26
1250.55, 1188.25
1250.97, 1188.24
1251.41, 1188.23
1251.84, 1188.22
1252.27, 1188.22
1252.7, 1188.21
1253.13, 1188.2
1253.56, 1188.19
1253.99, 1188.18
1254.42, 1188.17
1254.85, 1188.16
1255.28, 1188.15
1255.71, 1188.14
1256.14, 1188.13
1256.57, 1188.12
1257, 1188.1
1257.43, 1188.09
1257.86, 1188.08
1258.29, 1188.07
1258.72, 1188.05
1259.15, 1188.04
1259.58, 1188.02
1260.01, 1188.01
1260.44, 1188
1260.87, 1187.98
1261.31, 1187.97
1261.74, 1187.95
1262.17, 1187.94
1262.6, 1187.93
1263.03, 1187.91
1263.46, 1187.9
1263.89, 1187.89
1264.32, 1187.87
1264.75, 1187.86
1265.18, 1187.85
1265.61, 1187.83
1266.04, 1187.82
1266.47, 1187.8
1266.9, 1187.79
1267.33, 1187.78
1267.76, 1187.76
1268.19, 1187.75
1268.62, 1187.73
1269.05, 1187.72
1269.48, 1187.71
1269.91, 1187.69
1270.34, 1187.68
1270.77, 1187.67
1271.2, 1187.65
1271.56, 1187.64
1271.99, 1187.62
1272.42, 1187.6
1272.85, 1187.58
1273.28, 1187.56
1273.7, 1187.54
1274.13, 1187.52
1274.57, 1187.5
1274.99, 1187.48
1275.42, 1187.46
1275.85, 1187.45
1276.28, 1187.43
1276.71, 1187.41
1277.14, 1187.39
1277.57, 1187.37
1278, 1187.35
1278.43, 1187.33
1278.87, 1187.31
1279.3, 1187.29
1279.72, 1187.27
1280.15, 1187.25

waypoints
x, y
1244.09, 1188.36
1244.52, 1188.35
1244.95, 1188.34
1245.38, 1188.33
1245.81, 1188.33
1246.24, 1188.32
1246.67, 1188.31
1247.1, 1188.3
1247.53, 1188.3
1247.96, 1188.29
1248.39, 1188.28
1248.82, 1188.28
1249.26, 1188.27
1249.68, 1188.26
1250.12, 1188.26
1250.55, 1188.25
1250.97, 1188.24
1251.41, 1188.23
1251.84, 1188.22
1252.27, 1188.22
1252.7, 1188.21
1253.13, 1188.2
1253.56, 1188.19
1253.99, 1188.18
1254.42, 1188.17
1254.85, 1188.16
1255.28, 1188.15
1255.71, 1188.14
1256.14, 1188.13
1256.57, 1188.12
1257, 1188.1
1257.43, 1188.09
1257.86, 1188.08
1258.29, 1188.07
1258.72, 1188.05
1259.15, 1188.04
1259.58, 1188.02
1260.01, 1188.01
1260.44, 1188
1260.87, 1187.98
1261.31, 1187.97
1261.74, 1187.95
1262.17, 1187.94
1262.6, 1187.93
1263.03, 1187.91
1263.46, 1187.9
1263.89, 1187.89
1264.32, 1187.87
1264.75, 1187.86
1265.18, 1187.85
1265.61, 1187.83
1266.04, 1187.82
1266.47, 1187.8
1266.9, 1187.79
1267.33, 1187.78
1267.76, 1187.76
1268.19, 1187.75
1268.62, 1187.73
1269.05, 1187.72
1269.48, 1187.71
1269.91, 1187.69
1270.34, 1187.68
1270.77, 1187.67
1271.2, 1187.65
1271.56, 1187.64
1271.99, 1187.62
1272.42, 1187.6
1272.85, 1187.58
1273.28, 1187.56
1273.7, 1187.54
1274.13, 1187.52
1274.57, 1187.5
1274.99, 1187.48
1275.42, 1187.46
1275.85, 1187.45
1276.28, 1187.43
1276.71, 1187.41
1277.14, 1187.39
1277.57, 1187.37
1278, 1187.35
1278.43, 1187.33
1278.87, 1187.31
1279.3, 1187.29
1279.72, 1187.27
1280.15, 1187.25

waypoints
x, y
1245.81, 1188.33
1246.24, 1188.32
1246.67, 1188.31
1247.1, 1188.3
1247.53, 1188.3
1247.96, 1188.29
1248.39, 1188.28
1248.82, 1188.28
1249.26, 1188.27
1249.68, 1188.26
1250.12, 1188.26
1250.55, 1188.25
1250.97, 1188.24
1251.41, 1188.23
1251.84, 1188.22
1252.27, 1188.22
1252.7, 1188.21
1253.13, 1188.2
1253.56, 1188.19
1253.99, 1188.18
1254.42, 1188.17
1254.85, 1188.16
1255.28, 1188.15
1255.71, 1188.14
1256.14, 1188.13
1256.57, 1188.12
1257, 1188.1
1257.43, 1188.09
1257.86, 1188.08
1258.29, 1188.07
1258.72, 1188.05
1259.15, 1188.04
1259.58, 1188.02
1260.01, 1188.01
1260.44, 1188
1260.87, 1187.98
1261.31, 1187.97
1261.74, 1187.95
1262.17, 1187.94
1262.6, 1187.93
1263.03, 1187.91
1263.46, 1187.9
1263.89, 1187.89
1264.32, 1187.87
1264.75, 1187.86
1265.18, 1187.85
1265.61, 1187.83
1266.04, 1187.82
1266.47, 1187.8
1266.9, 1187.79
1267.33, 1187.78
1267.76, 1187.76
1268.19, 1187.75
1268.62, 1187.73
1269.05, 1187.72
1269.48, 1187.71
1269.91, 1187.69
1270.34, 1187.68
1270.77, 1187.67
1271.2, 1187.65
1271.56, 1187.64
1271.99, 1187.62
1272.42, 1187.6
1272.85, 1187.58
1273.28, 1187.56
1273.7, 1187.54
1274.13, 1187.52
1274.57, 1187.5
1274.99, 1187.48
1275.42, 1187.46
1275.85, 1187.45
1276.28, 1187.43
1276.71, 1187.41
1277.14, 1187.39
1277.57, 1187.37
1278, 1187.35
1278.43, 1187.33
1278.87, 1187.31
1279.3, 1187.29
1279.72, 1187.27
1280.15, 1187.25

waypoints
x, y
1247.96, 1188.29
1248.39, 1188.28
1248.82, 1188.28
1249.26, 1188.27
1249.68, 1188.26
1250.12, 1188.26
1250.55, 1188.25
1250.97, 1188.24
1251.41, 1188.23
1251.84, 1188.22
1252.27, 1188.22
1252.7, 1188.21
1253.13, 1188.2
1253.56, 1188.19
1253.99, 1188.18
1254.42, 1188.17
1254.85, 1188.16
1255.28, 1188.15
1255.71, 1188.14
1256.14, 1188.13
1256.57, 1188.12
1257, 1188.1
1257.43, 1188.09
1257.86, 1188.08
1258.29, 1188.07
1258.72, 1188.05
1259.15, 1188.04
1259.58, 1188.02
1260.01, 1188.01
1260.44, 1188
1260.87, 1187.98
1261.31, 1187.97
1261.74, 1187.95
1262.17, 1187.94
1262.6, 1187.93
1263.03, 1187.91
1263.46, 1187.9
1263.89, 1187.89
1264.32, 1187.87
1264.75, 1187.86
1265.18, 1187.85
1265.61, 1187.83
1266.04, 1187.82
1266.47, 1187.8
1266.9, 1187.79
1267.33, 1187.78
1267.76, 1187.76
1268.19, 1187.75
1268.62, 1187.73
1269.05, 1187.72
1269.48, 1187.71
1269.91, 1187.69
1270.34, 1187.68
1270.77, 1187.67
1271.2, 1187.65
1271.56, 1187.64
1271.99, 1187.62
1272.42, 1187.6
1272.85, 1187.58
1273.28, 1187.56
1273.7, 1187.54
1274.13, 1187.52
1274.57, 1187.5
1274.99, 1187.48
1275.42, 1187.46
1275.85, 1187.45
1276.28, 1187.43
1276.71, 1187.41
1277.14, 1187.39
1277.57, 1187.37
1278, 1187.35
1278.43, 1187.33
1278.87, 1187.31
1279.3, 1187.29
1279.72, 1187.27
1280.15, 1187.25

waypoints
x, y
1249.68, 1188.26
1250.12, 1188.26
1250.55, 1188.25
1250.97, 1188.24
1251.41, 1188.23
1251.84, 1188.22
1252.27, 1188.22
1252.7, 1188.21
1253.13, 1188.2
1253.56, 1188.19
1253.99, 1188.18
1254.42, 1188.17
1254.85, 1188.16
1255.28, 1188.15
1255.71, 1188.14
1256.14, 1188.13
1256.57, 1188.12
1257, 1188.1
1257.43, 1188.09
1257.86, 1188.08
1258.29, 1188.07
1258.72, 1188.05
1259.15, 1188.04
1259.58, 1188.02
1260.01, 1188.01
1260.44, 1188
1260.87, 1187.98
1261.31, 1187.97
1261.74, 1187.95
1262.17, 1187.94
1262.6, 1187.93
1263.03, 1187.91
1263.46, 1187.9
1263.89, 1187.89
1264.32, 1187.87
1264.75, 1187.86
1265.18, 1187.85
1265.61, 1187.83
1266.04, 1187.82
1266.47, 1187.8
1266.9, 1187.79
1267.33, 1187.78
1267.76, 1187.76
1268.19, 1187.75
1268.62, 1187.73
1269.05, 1187.72
1269.48, 1187.71
1269.91, 1187.69
1270.34, 1187.68
1270.77, 1187.67
1271.2, 1187.65
1271.56, 1187.64
1271.99, 1187.62
1272.42, 1187.6
1272.85, 1187.58
1273.28, 1187.56
1273.7, 1187.54
1274.13, 1187.52
1274.57, 1187.5
1274.99, 1187.48
1275.42, 1187.46
1275.85, 1187.45
1276.28, 1187.43
1276.71, 1187.41
1277.14, 1187.39
1277.57, 1187.37
1278, 1187.35
1278.43, 1187.33
1278.87, 1187.31
1279.3, 1187.29
1279.72, 1187.27
1280.15, 1187.25

waypoints
x, y
1250.97, 1188.24
1251.41, 1188.23
1251.84, 1188.22
1252.27, 1188.22
1252.7, 1188.21
1253.13, 1188.2
1253.56, 1188.19
1253.99, 1188.18
1254.42, 1188.17
1254.85, 1188.16
1255.28, 1188.15
1255.71, 1188.14
1256.14, 1188.13
1256.57, 1188.12
1257, 1188.1
1257.43, 1188.09
1257.86, 1188.08
1258.29, 1188.07
1258.72, 1188.05
1259.15, 1188.04
1259.58, 1188.02
1260.01, 1188.01
1260.44, 1188
1260.87, 1187.98
1261.31, 1187.97
1261.74, 1187.95
1262.17, 1187.94
1262.6, 1187.93
1263.03, 1187.91
1263.46, 1187.9
1263.89, 1187.89
1264.32, 1187.87
1264.75, 1187.86
1265.18, 1187.85
1265.61, 1187.83
1266.04, 1187.82
1266.47, 1187.8
1266.9, 1187.79
1267.33, 1187.78
1267.76, 1187.76
1268.19, 1187.75
1268.62, 1187.73
1269.05, 1187.72
1269.48, 1187.71
1269.91, 1187.69
1270.34, 1187.68
1270.77, 1187.67
1271.2, 1187.65
1271.56, 1187.64
1271.99, 1187.62
1272.42, 1187.6
1272.85, 1187.58
1273.28, 1187.56
1273.7, 1187.54
1274.13, 1187.52
1274.57, 1187.5
1274.99, 1187.48
1275.42, 1187.46
1275.85, 1187.45
1276.28, 1187.43
1276.71, 1187.41
1277.14, 1187.39
1277.57, 1187.37
1278, 1187.35
1278.43, 1187.33
1278.87, 1187.31
1279.3, 1187.29
1279.72, 1187.27
1280.15, 1187.25

waypoints
x, y
1252.7, 1188.21
1253.13, 1188.2
1253.56, 1188.19
1253.99, 1188.18
1254.42, 1188.17
1254.85, 1188.16
1255.28, 1188.15
1255.71, 1188.14
1256.14, 1188.13
1256.57, 1188.12
1257, 1188.1
1257.43, 1188.09
1257.86, 1188.08
1258.29, 1188.07
1258.72, 1188.05
1259.15, 1188.04
1259.58, 1188.02
1260.01, 1188.01
1260.44, 1188
1260.87, 1187.98
1261.31, 1187.97
1261.74, 1187.95
1262.17, 1187.94
1262.6, 1187.93
1263.03, 1187.91
1263.46, 1187.9
1263.89, 1187.89
1264.32, 1187.87
1264.75, 1187.86
1265.18, 1187.85
1265.61, 1187.83
1266.04, 1187.82
1266.47, 1187.8
1266.9, 1187.79
1267.33, 1187.78
1267.76, 1187.76
1268.19, 1187.75
1268.62, 1187.73
1269.05, 1187.72
1269.48, 1187.71
1269.91, 1187.69
1270.34, 1187.68
1270.77, 1187.67
1271.2, 1187.65
1271.56, 1187.64
1271.99, 1187.62
1272.42, 1187.6
1272.85, 1187.58
1273.28, 1187.56
1273.7, 1187.54
1274.13, 1187.52
1274.57, 1187.5
1274.99, 1187.48
1275.42, 1187.46
1275.85, 1187.45
1276.28, 1187.43
1276.71, 1187.41
1277.14, 1187.39
1277.57, 1187.37
1278, 1187.35
1278.43, 1187.33
1278.87, 1187.31
1279.3, 1187.29
1279.72, 1187.27
1280.15, 1187.25

waypoints
x, y
1254.85, 1188.16
1255.28, 1188.15
1255.71, 1188.14
1256.14, 1188.13
1256.57, 1188.12
1257, 1188.1
1257.43, 1188.09
1257.86, 1188.08
1258.29, 1188.07
1258.72, 1188.05
1259.15, 1188.04
1259.58, 1188.02
1260.01, 1188.01
1260.44, 1188
1260.87, 1187.98
1261.31, 1187.97
1261.74, 1187.95
1262.17, 1187.94
1262.6, 1187.93
1263.03, 1187.91
1263.46, 1187.9
1263.89, 1187.89
1264.32, 1187.87
1264.75, 1187.86
1265.18, 1187.85
1265.61, 1187.83
1266.04, 1187.82
1266.47, 1187.8
1266.9, 1187.79
1267.33, 1187.78
1267.76, 1187.76
1268.19, 1187.75
1268.62, 1187.73
1269.05, 1187.72
1269.48, 1187.71
1269.91, 1187.69
1270.34, 1187.68
1270.77, 1187.67
1271.2, 1187.65
1271.56, 1187.64
1271.99, 1187.62
1272.42, 1187.6
1272.85, 1187.58
1273.28, 1187.56
1273.7, 1187.54
1274.13, 1187.52
1274.57, 1187.5
1274.99, 1187.48
1275.42, 1187.46
1275.85, 1187.45
1276.28, 1187.43
1276.71, 1187.41
1277.14, 1187.39
1277.57, 1187.37
1278, 1187.35
1278.43, 1187.33
1278.87, 1187.31
1279.3, 1187.29
1279.72, 1187.27
1280.15, 1187.25

waypoints
x, y
1256.14, 1188.13
1256.57, 1188.12
1257, 1188.1
1257.43, 1188.09
1257.86, 1188.08
1258.29, 1188.07
1258.72, 1188.05
1259.15, 1188.04
1259.58, 1188.02
1260.01, 1188.01
1260.44, 1188
1260.87, 1187.98
1261.31, 1187.97
1261.74, 1187.95
1262.17, 1187.94
1262.6, 1187.93
1263.03, 1187.91
1263.46, 1187.9
1263.89, 1187.89
1264.32, 1187.87
1264.75, 1187.86
1265.18, 1187.85
1265.61, 1187.83
1266.04, 1187.82
1266.47, 1187.8
1266.9, 1187.79
1267.33, 1187.78
1267.76, 1187.76
1268.19, 1187.75
1268.62, 1187.73
1269.05, 1187.72
1269.48, 1187.71
1269.91, 1187.69
1270.34, 1187.68
1270.77, 1187.67
1271.2, 1187.65
1271.56, 1187.64
1271.99, 1187.62
1272.42, 1187.6
1272.85, 1187.58
1273.28, 1187.56
1273.7, 1187.54
1274.13, 1187.52
1274.57, 1187.5
1274.99, 1187.48
1275.42, 1187.46
1275.85, 1187.45
1276.28, 1187.43
1276.71, 1187.41
1277.14, 1187.39
1277.57, 1187.37
1278, 1187.35
1278.43, 1187.33
1278.87, 1187.31
1279.3, 1187.29
1279.72, 1187.27
1280.15, 1187.25

waypoints
x, y
1258.29, 1188.07
1258.72, 1188.05
1259.15, 1188.04
1259.58, 1188.02
1260.01, 1188.01
1260.44, 1188
1260.87, 1187.98
1261.31, 1187.97
1261.74, 1187.95
1262.17, 1187.94
1262.6, 1187.93
1263.03, 1187.91
1263.46, 1187.9
1263.89, 1187.89
1264.32, 1187.87
1264.75, 1187.86
1265.18, 1187.85
1265.61, 1187.83
1266.04, 1187.82
1266.47, 1187.8
1266.9, 1187.79
1267.33, 1187.78
1267.76, 1187.76
1268.19, 1187.75
1268.62, 1187.73
1269.05, 1187.72
1269.48, 1187.71
1269.91, 1187.69
1270.34, 1187.68
1270.77, 1187.67
1271.2, 1187.65
1271.56, 1187.64
1271.99, 1187.62
1272.42, 1187.6
1272.85, 1187.58
1273.28, 1187.56
1273.7, 1187.54
1274.13, 1187.52
1274.57, 1187.5
1274.99, 1187.48
1275.42, 1187.46
1275.85, 1187.45
1276.28, 1187.43
1276.71, 1187.41
1277.14, 1187.39
1277.57, 1187.37
1278, 1187.35
1278.43, 1187.33
1278.87, 1187.31
1279.3, 1187.29
1279.72, 1187.27
1280.15, 1187.25

waypoints
x, y
1260.01, 1188.01
1260.44, 1188
1260.87, 1187.98
1261.31, 1187.97
1261.74, 1187.95
1262.17, 1187.94
1262.6, 1187.93
1263.03, 1187.91
1263.46, 1187.9
1263.89, 1187.89
1264.32, 1187.87
1264.75, 1187.86
1265.18, 1187.85
1265.61, 1187.83
1266.04, 1187.82
1266.47, 1187.8
1266.9, 1187.79
1267.33, 1187.78
1267.76, 1187.76
1268.19, 1187.75
1268.62, 1187.73
1269.05, 1187.72
1269.48, 1187.71
1269.91, 1187.69
1270.34, 1187.68
1270.77, 1187.67
1271.2, 1187.65
1271.56, 1187.64
1271.99, 1187.62
1272.42, 1187.6
1272.85, 1187.58
1273.28, 1187.56
1273.7, 1187.54
1274.13, 1187.52
1274.57, 1187.5
1274.99, 1187.48
1275.42, 1187.46
1275.85, 1187.45
1276.28, 1187.43
1276.71, 1187.41
1277.14, 1187.39
1277.57, 1187.37
1278, 1187.35
1278.43, 1187.33
1278.87, 1187.31
1279.3, 1187.29
1279.72, 1187.27
1280.15, 1187.25
1280.59, 1187.23
1281.02, 1187.21
1281.45, 1187.19
1281.88, 1187.17
1282.31, 1187.15
1282.74, 1187.14
1283.17, 1187.12
1283.6, 1187.1
1284.03, 1187.08
1284.46, 1187.06
1284.89, 1187.04
1285.32, 1187.02
1285.75, 1187
1286.18, 1186.98
1286.61, 1186.96
1287.04, 1186.94
1287.47, 1186.92
1287.9, 1186.9
1288.33, 1186.88
1288.76, 1186.86
1289.19, 1186.84
1289.62, 1186.82
1290.05, 1186.81
1290.48, 1186.79
1290.91, 1186.77
1291.34, 1186.75
1291.77, 1186.73
1292.2, 1186.71
1292.63, 1186.69
1293.06, 1186.67
1293.49, 1186.65
1293.92, 1186.63
1294.35, 1186.61
1294.78, 1186.59
1295.21, 1186.57
1295.64, 1186.55
1296.07, 1186.53
1296.5, 1186.51
1296.93, 1186.5
1297.36, 1186.48
1297.79, 1186.46
1298.22, 1186.44
1298.65, 1186.42
1299.08, 1186.4
1299.51, 1186.38
1299.94, 1186.36
1300.37, 1186.34
1300.8, 1186.32
1301.23, 1186.3

waypoints
x, y
1261.74, 1187.95
1262.17, 1187.94
1262.6, 1187.93
1263.03, 1187.91
1263.46, 1187.9
1263.89, 1187.89
1264.32, 1187.87
1264.75, 1187.86
1265.18, 1187.85
1265.61, 1187.83
1266.04, 1187.82
1266.47, 1187.8
1266.9, 1187.79
1267.33, 1187.78
1267.76, 1187.76
1268.19, 1187.75
1268.62, 1187.73
1269.05, 1187.72
1269.48, 1187.71
1269.91, 1187.69
1270.34, 1187.68
1270.77, 1187.67
1271.2, 1187.65
1271.56, 1187.64
1271.99, 1187.62
1272.42, 1187.6
1272.85, 1187.58
1273.28, 1187.56
1273.7, 1187.54
1274.13, 1187.52
1274.57, 1187.5
1274.99, 1187.48
1275.42, 1187.46
1275.85, 1187.45
1276.28, 1187.43
1276.71, 1187.41
1277.14, 1187.39
1277.57, 1187.37
1278, 1187.35
1278.43, 1187.33
1278.87, 1187.31
1279.3, 1187.29
1279.72, 1187.27
1280.15, 1187.25
1280.59, 1187.23
1281.02, 1187.21
1281.45, 1187.19
1281.88, 1187.17
1282.31, 1187.15
1282.74, 1187.13
1283.17, 1187.12
1283.6, 1187.1
1284.03, 1187.08
1284.46, 1187.06
1284.89, 1187.04
1285.32, 1187.02
1285.75, 1187
1286.18, 1186.98
1286.61, 1186.96
1287.04, 1186.94
1287.47, 1186.92
1287.9, 1186.9
1288.34, 1186.88
1288.77, 1186.86
1289.19, 1186.84
1289.62, 1186.83
1290.06, 1186.81
1290.48, 1186.79
1290.91, 1186.77
1291.34, 1186.75
1291.77, 1186.73
1292.2, 1186.71
1292.63, 1186.69
1293.06, 1186.67
1293.49, 1186.65
1293.92, 1186.63
1294.35, 1186.61
1294.78, 1186.59
1295.21, 1186.57
1295.64, 1186.55
1296.07, 1186.53
1296.5, 1186.52
1296.93, 1186.49
1297.36, 1186.48
1297.79, 1186.46
1298.22, 1186.44
1298.65, 1186.42
1299.08, 1186.4
1299.51, 1186.38
1299.94, 1186.36
1300.37, 1186.34
1300.8, 1186.32
1301.23, 1186.3

waypoints
x, y
1263.46, 1187.9
1263.89, 1187.89
1264.32, 1187.87
1264.75, 1187.86
1265.18, 1187.85
1265.61, 1187.83
1266.04, 1187.82
1266.47, 1187.8
1266.9, 1187.79
1267.33, 1187.78
1267.76, 1187.76
1268.19, 1187.75
1268.62, 1187.73
1269.05, 1187.72
1269.48, 1187.71
1269.91, 1187.69
1270.34, 1187.68
1270.77, 1187.67
1271.2, 1187.65
1271.56, 1187.64
1271.99, 1187.62
1272.42, 1187.6
1272.85, 1187.58
1273.28, 1187.56
1273.7, 1187.54
1274.13, 1187.52
1274.57, 1187.5
1274.99, 1187.48
1275.42, 1187.46
1275.85, 1187.45
1276.28, 1187.43
1276.71, 1187.41
1277.14, 1187.39
1277.57, 1187.37
1278, 1187.35
1278.43, 1187.33
1278.87, 1187.31
1279.3, 1187.29
1279.72, 1187.27
1280.15, 1187.25
1280.59, 1187.23
1281.02, 1187.21
1281.45, 1187.19
1281.88, 1187.17
1282.31, 1187.15
1282.74, 1187.13
1283.17, 1187.12
1283.6, 1187.1
1284.03, 1187.08
1284.46, 1187.06
1284.89, 1187.04
1285.32, 1187.02
1285.75, 1187
1286.18, 1186.98
1286.61, 1186.96
1287.04, 1186.94
1287.47, 1186.92
1287.9, 1186.9
1288.34, 1186.88
1288.77, 1186.86
1289.19, 1186.84
1289.62, 1186.83
1290.06, 1186.81
1290.48, 1186.79
1290.91, 1186.77
1291.34, 1186.75
1291.77, 1186.73
1292.2, 1186.71
1292.63, 1186.69
1293.06, 1186.67
1293.49, 1186.65
1293.92, 1186.63
1294.35, 1186.61
1294.78, 1186.59
1295.21, 1186.57
1295.64, 1186.55
1296.07, 1186.53
1296.5, 1186.52
1296.93, 1186.49
1297.36, 1186.48
1297.79, 1186.46
1298.22, 1186.44
1298.65, 1186.42
1299.08, 1186.4
1299.51, 1186.38
1299.94, 1186.36
1300.37, 1186.34
1300.8, 1186.32
1301.23, 1186.3

waypoints
x, y
1265.18, 1187.85
1265.61, 1187.83
1266.04, 1187.82
1266.47, 1187.8
1266.9, 1187.79
1267.33, 1187.78
1267.76, 1187.76
1268.19, 1187.75
1268.62, 1187.73
1269.05, 1187.72
1269.48, 1187.71
1269.91, 1187.69
1270.34, 1187.68
1270.77, 1187.67
1271.2, 1187.65
1271.56, 1187.64
1271.99, 1187.62
1272.42, 1187.6
1272.85, 1187.58
1273.28, 1187.56
1273.7, 1187.54
1274.13, 1187.52
1274.57, 1187.5
1274.99, 1187.48
1275.42, 1187.46
1275.85, 1187.45
1276.28, 1187.43
1276.71, 1187.41
1277.14, 1187.39
1277.57, 1187.37
1278, 1187.35
1278.43, 1187.33
1278.87, 1187.31
1279.3, 1187.29
1279.72, 1187.27
1280.15, 1187.25
1280.59, 1187.23
1281.02, 1187.21
1281.45, 1187.19
1281.88, 1187.17
1282.31, 1187.15
1282.74, 1187.13
1283.17, 1187.12
1283.6, 1187.1
1284.03, 1187.08
1284.46, 1187.06
1284.89, 1187.04
1285.32, 1187.02
1285.75, 1187
1286.18, 1186.98
1286.61, 1186.96
1287.04, 1186.94
1287.47, 1186.92
1287.9, 1186.9
1288.34, 1186.88
1288.77, 1186.86
1289.19, 1186.84
1289.62, 1186.83
1290.06, 1186.81
1290.48, 1186.79
1290.91, 1186.77
1291.34, 1186.75
1291.77, 1186.73
1292.2, 1186.71
1292.63, 1186.69
1293.06, 1186.67
1293.49, 1186.65
1293.92, 1186.63
1294.35, 1186.61
1294.78, 1186.59
1295.21, 1186.57
1295.64, 1186.55
1296.07, 1186.53
1296.5, 1186.52
1296.93, 1186.49
1297.36, 1186.48
1297.79, 1186.46
1298.22, 1186.44
1298.65, 1186.42
1299.08, 1186.4
1299.51, 1186.38
1299.94, 1186.36
1300.37, 1186.34
1300.8, 1186.32
1301.23, 1186.3

waypoints
x, y
1266.9, 1187.79
1267.33, 1187.78
1267.76, 1187.76
1268.19, 1187.75
1268.62, 1187.73
1269.05, 1187.72
1269.48, 1187.71
1269.91, 1187.69
1270.34, 1187.68
1270.77, 1187.67
1271.2, 1187.65
1271.56, 1187.64
1271.99, 1187.62
1272.42, 1187.6
1272.85, 1187.58
1273.28, 1187.56
1273.7, 1187.54
1274.13, 1187.52
1274.57, 1187.5
1274.99, 1187.48
1275.42, 1187.46
1275.85, 1187.45
1276.28, 1187.43
1276.71, 1187.41
1277.14, 1187.39
1277.57, 1187.37
1278, 1187.35
1278.43, 1187.33
1278.87, 1187.31
1279.3, 1187.29
1279.72, 1187.27
1280.15, 1187.25
1280.59, 1187.23
1281.02, 1187.21
1281.45, 1187.19
1281.88, 1187.17
1282.31, 1187.15
1282.74, 1187.13
1283.17, 1187.12
1283.6, 1187.1
1284.03, 1187.08
1284.46, 1187.06
1284.89, 1187.04
1285.32, 1187.02
1285.75, 1187
1286.18, 1186.98
1286.61, 1186.96
1287.04, 1186.94
1287.47, 1186.92
1287.9, 1186.9
1288.34, 1186.88
1288.77, 1186.86
1289.19, 1186.84
1289.62, 1186.83
1290.06, 1186.81
1290.48, 1186.79
1290.91, 1186.77
1291.34, 1186.75
1291.77, 1186.73
1292.2, 1186.71
1292.63, 1186.69
1293.06, 1186.67
1293.49, 1186.65
1293.92, 1186.63
1294.35, 1186.61
1294.78, 1186.59
1295.21, 1186.57
1295.64, 1186.55
1296.07, 1186.53
1296.5, 1186.52
1296.93, 1186.49
1297.36, 1186.48
1297.79, 1186.46
1298.22, 1186.44
1298.65, 1186.42
1299.08, 1186.4
1299.51, 1186.38
1299.94, 1186.36
1300.37, 1186.34
1300.8, 1186.32
1301.23, 1186.3

waypoints
x, y
1268.62, 1187.73
1269.05, 1187.72
1269.48, 1187.71
1269.91, 1187.69
1270.34, 1187.68
1270.77, 1187.67
1271.2, 1187.65
1271.56, 1187.64
1271.99, 1187.62
1272.42, 1187.6
1272.85, 1187.58
1273.28, 1187.56
1273.7, 1187.54
1274.13, 1187.52
1274.57, 1187.5
1274.99, 1187.48
1275.42, 1187.46
1275.85, 1187.45
1276.28, 1187.43
1276.71, 1187.41
1277.14, 1187.39
1277.57, 1187.37
1278, 1187.35
1278.43, 1187.33
1278.87, 1187.31
1279.3, 1187.29
1279.72, 1187.27
1280.15, 1187.25
1280.59, 1187.23
1281.02, 1187.21
1281.45, 1187.19
1281.88, 1187.17
1282.31, 1187.15
1282.74, 1187.13
1283.17, 1187.12
1283.6, 1187.1
1284.03, 1187.08
1284.46, 1187.06
1284.89, 1187.04
1285.32, 1187.02
1285.75, 1187
1286.18, 1186.98
1286.61, 1186.96
1287.04, 1186.94
1287.47, 1186.92
1287.9, 1186.9
1288.34, 1186.88
1288.77, 1186.86
1289.19, 1186.84
1289.62, 1186.83
1290.06, 1186.81
1290.48, 1186.79
1290.91, 1186.77
1291.34, 1186.75
1291.77, 1186.73
1292.2, 1186.71
1292.63, 1186.69
1293.06, 1186.67
1293.49, 1186.65
1293.92, 1186.63
1294.35, 1186.61
1294.78, 1186.59
1295.21, 1186.57
1295.64, 1186.55
1296.07, 1186.53
1296.5, 1186.52
1296.93, 1186.49
1297.36, 1186.48
1297.79, 1186.46
1298.22, 1186.44
1298.65, 1186.42
1299.08, 1186.4
1299.51, 1186.38
1299.94, 1186.36
1300.37, 1186.34
1300.8, 1186.32
1301.23, 1186.3

waypoints
x, y
1270.34, 1187.68
1270.77, 1187.67
1271.2, 1187.65
1271.56, 1187.64
1271.99, 1187.62
1272.42, 1187.6
1272.85, 1187.58
1273.28, 1187.56
1273.7, 1187.54
1274.13, 1187.52
1274.57, 1187.5
1274.99, 1187.48
1275.42, 1187.46
1275.85, 1187.45
1276.28, 1187.43
1276.71, 1187.41
1277.14, 1187.39
1277.57, 1187.37
1278, 1187.35
1278.43, 1187.33
1278.87, 1187.31
1279.3, 1187.29
1279.72, 1187.27
1280.15, 1187.25
1280.59, 1187.23
1281.02, 1187.21
1281.45, 1187.19
1281.88, 1187.17
1282.31, 1187.15
1282.74, 1187.13
1283.17, 1187.12
1283.6, 1187.1
1284.03, 1187.08
1284.46, 1187.06
1284.89, 1187.04
1285.32, 1187.02
1285.75, 1187
1286.18, 1186.98
1286.61, 1186.96
1287.04, 1186.94
1287.47, 1186.92
1287.9, 1186.9
1288.34, 1186.88
1288.77, 1186.86
1289.19, 1186.84
1289.62, 1186.83
1290.06, 1186.81
1290.48, 1186.79
1290.91, 1186.77
1291.34, 1186.75
1291.77, 1186.73
1292.2, 1186.71
1292.63, 1186.69
1293.06, 1186.67
1293.49, 1186.65
1293.92, 1186.63
1294.35, 1186.61
1294.78, 1186.59
1295.21, 1186.57
1295.64, 1186.55
1296.07, 1186.53
1296.5, 1186.52
1296.93, 1186.49
1297.36, 1186.48
1297.79, 1186.46
1298.22, 1186.44
1298.65, 1186.42
1299.08, 1186.4
1299.51, 1186.38
1299.94, 1186.36
1300.37, 1186.34
1300.8, 1186.32
1301.23, 1186.3

waypoints
x, y
1271.99, 1187.62
1272.42, 1187.6
1272.85, 1187.58
1273.28, 1187.56
1273.7, 1187.54
1274.13, 1187.52
1274.57, 1187.5
1274.99, 1187.48
1275.42, 1187.46
1275.85, 1187.45
1276.28, 1187.43
1276.71, 1187.41
1277.14, 1187.39
1277.57, 1187.37
1278, 1187.35
1278.43, 1187.33
1278.87, 1187.31
1279.3, 1187.29
1279.72, 1187.27
1280.15, 1187.25
1280.59, 1187.23
1281.02, 1187.21
1281.45, 1187.19
1281.88, 1187.17
1282.31, 1187.15
1282.74, 1187.13
1283.17, 1187.12
1283.6, 1187.1
1284.03, 1187.08
1284.46, 1187.06
1284.89, 1187.04
1285.32, 1187.02
1285.75, 1187
1286.18, 1186.98
1286.61, 1186.96
1287.04, 1186.94
1287.47, 1186.92
1287.9, 1186.9
1288.34, 1186.88
1288.77, 1186.86
1289.19, 1186.84
1289.62, 1186.83
1290.06, 1186.81
1290.48, 1186.79
1290.91, 1186.77
1291.34, 1186.75
1291.77, 1186.73
1292.2, 1186.71
1292.63, 1186.69
1293.06, 1186.67
1293.49, 1186.65
1293.92, 1186.63
1294.35, 1186.61
1294.78, 1186.59
1295.21, 1186.57
1295.64, 1186.55
1296.07, 1186.53
1296.5, 1186.52
1296.93, 1186.49
1297.36, 1186.48
1297.79, 1186.46
1298.22, 1186.44
1298.65, 1186.42
1299.08, 1186.4
1299.51, 1186.38
1299.94, 1186.36
1300.37, 1186.34
1300.8, 1186.32
1301.23, 1186.3

waypoints
x, y
1273.7, 1187.54
1274.13, 1187.52
1274.57, 1187.5
1274.99, 1187.48
1275.42, 1187.46
1275.85, 1187.45
1276.28, 1187.43
1276.71, 1187.41
1277.14, 1187.39
1277.57, 1187.37
1278, 1187.35
1278.43, 1187.33
1278.87, 1187.31
1279.3, 1187.29
1279.72, 1187.27
1280.15, 1187.25
1280.59, 1187.23
1281.02, 1187.21
1281.45, 1187.19
1281.88, 1187.17
1282.31, 1187.15
1282.74, 1187.13
1283.17, 1187.12
1283.6, 1187.1
1284.03, 1187.08
1284.46, 1187.06
1284.89, 1187.04
1285.32, 1187.02
1285.75, 1187
1286.18, 1186.98
1286.61, 1186.96
1287.04, 1186.94
1287.47, 1186.92
1287.9, 1186.9
1288.34, 1186.88
1288.77, 1186.86
1289.19, 1186.84
1289.62, 1186.83
1290.06, 1186.81
1290.48, 1186.79
1290.91, 1186.77
1291.34, 1186.75
1291.77, 1186.73
1292.2, 1186.71
1292.63, 1186.69
1293.06, 1186.67
1293.49, 1186.65
1293.92, 1186.63
1294.35, 1186.61
1294.78, 1186.59
1295.21, 1186.57
1295.64, 1186.55
1296.07, 1186.53
1296.5, 1186.52
1296.93, 1186.49
1297.36, 1186.48
1297.79, 1186.46
1298.22, 1186.44
1298.65, 1186.42
1299.08, 1186.4
1299.51, 1186.38
1299.94, 1186.36
1300.37, 1186.34
1300.8, 1186.32
1301.23, 1186.3

waypoints
x, y
1275.42, 1187.46
1275.85, 1187.45
1276.28, 1187.43
1276.71, 1187.41
1277.14, 1187.39
1277.57, 1187.37
1278, 1187.35
1278.43, 1187.33
1278.87, 1187.31
1279.3, 1187.29
1279.72, 1187.27
1280.15, 1187.25
1280.59, 1187.23
1281.02, 1187.21
1281.45, 1187.19
1281.88, 1187.17
1282.31, 1187.15
1282.74, 1187.13
1283.17, 1187.12
1283.6, 1187.1
1284.03, 1187.08
1284.46, 1187.06
1284.89, 1187.04
1285.32, 1187.02
1285.75, 1187
1286.18, 1186.98
1286.61, 1186.96
1287.04, 1186.94
1287.47, 1186.92
1287.9, 1186.9
1288.34, 1186.88
1288.77, 1186.86
1289.19, 1186.84
1289.62, 1186.83
1290.06, 1186.81
1290.48, 1186.79
1290.91, 1186.77
1291.34, 1186.75
1291.77, 1186.73
1292.2, 1186.71
1292.63, 1186.69
1293.06, 1186.67
1293.49, 1186.65
1293.92, 1186.63
1294.35, 1186.61
1294.78, 1186.59
1295.21, 1186.57
1295.64, 1186.55
1296.07, 1186.53
1296.5, 1186.52
1296.93, 1186.49
1297.36, 1186.48
1297.79, 1186.46
1298.22, 1186.44
1298.65, 1186.42
1299.08, 1186.4
1299.51, 1186.38
1299.94, 1186.36
1300.37, 1186.34
1300.8, 1186.32
1301.23, 1186.3

waypoints
x, y
1277.14, 1187.39
1277.57, 1187.37
1278, 1187.35
1278.43, 1187.33
1278.87, 1187.31
1279.3, 1187.29
1279.72, 1187.27
1280.15, 1187.25
1280.59, 1187.23
1281.02, 1187.21
1281.45, 1187.19
1281.88, 1187.17
1282.31, 1187.15
1282.74, 1187.13
1283.17, 1187.12
1283.6, 1187.1
1284.03, 1187.08
1284.46, 1187.06
1284.89, 1187.04
1285.32, 1187.02
1285.75, 1187
1286.18, 1186.98
1286.61, 1186.96
1287.04, 1186.94
1287.47, 1186.92
1287.9, 1186.9
1288.34, 1186.88
1288.77, 1186.86
1289.19, 1186.84
1289.62, 1186.83
1290.06, 1186.81
1290.48, 1186.79
1290.91, 1186.77
1291.34, 1186.75
1291.77, 1186.73
1292.2, 1186.71
1292.63, 1186.69
1293.06, 1186.67
1293.49, 1186.65
1293.92, 1186.63
1294.35, 1186.61
1294.78, 1186.59
1295.21, 1186.57
1295.64, 1186.55
1296.07, 1186.53
1296.5, 1186.52
1296.93, 1186.49
1297.36, 1186.48
1297.79, 1186.46
1298.22, 1186.44
1298.65, 1186.42
1299.08, 1186.4
1299.51, 1186.38
1299.94, 1186.36
1300.37, 1186.34
1300.8, 1186.32
1301.23, 1186.3

waypoints
x, y
1278.87, 1187.31
1279.3, 1187.29
1279.72, 1187.27
1280.15, 1187.25
1280.59, 1187.23
1281.02, 1187.21
1281.45, 1187.19
1281.88, 1187.17
1282.31, 1187.15
1282.74, 1187.13
1283.17, 1187.12
1283.6, 1187.1
1284.03, 1187.08
1284.46, 1187.06
1284.89, 1187.04
1285.32, 1187.02
1285.75, 1187
1286.18, 1186.98
1286.61, 1186.96
1287.04, 1186.94
1287.47, 1186.92
1287.9, 1186.9
1288.34, 1186.88
1288.77, 1186.86
1289.19, 1186.84
1289.62, 1186.83
1290.06, 1186.81
1290.48, 1186.79
1290.91, 1186.77
1291.34, 1186.75
1291.77, 1186.73
1292.2, 1186.71
1292.63, 1186.69
1293.06, 1186.67
1293.49, 1186.65
1293.92, 1186.63
1294.35, 1186.61
1294.78, 1186.59
1295.21, 1186.57
1295.64, 1186.55
1296.07, 1186.53
1296.5, 1186.52
1296.93, 1186.49
1297.36, 1186.48
1297.79, 1186.46
1298.22, 1186.44
1298.65, 1186.42
1299.08, 1186.4
1299.51, 1186.38
1299.94, 1186.36
1300.37, 1186.34
1300.8, 1186.32
1301.23, 1186.3

waypoints
x, y
1280.59, 1187.23
1281.02, 1187.21
1281.45, 1187.19
1281.88, 1187.17
1282.31, 1187.15
1282.74, 1187.13
1283.17, 1187.12
1283.6, 1187.1
1284.03, 1187.08
1284.46, 1187.06
1284.89, 1187.04
1285.32, 1187.02
1285.75, 1187
1286.18, 1186.98
1286.61, 1186.96
1287.04, 1186.94
1287.47, 1186.92
1287.9, 1186.9
1288.34, 1186.88
1288.77, 1186.86
1289.19, 1186.84
1289.62, 1186.83
1290.06, 1186.81
1290.48, 1186.79
1290.91, 1186.77
1291.34, 1186.75
1291.77, 1186.73
1292.2, 1186.71
1292.63, 1186.69
1293.06, 1186.67
1293.49, 1186.65
1293.92, 1186.63
1294.35, 1186.61
1294.78, 1186.59
1295.21, 1186.57
1295.64, 1186.55
1296.07, 1186.53
1296.5, 1186.52
1296.93, 1186.49
1297.36, 1186.48
1297.79, 1186.46
1298.22, 1186.44
1298.65, 1186.42
1299.08, 1186.4
1299.51, 1186.38
1299.94, 1186.36
1300.37, 1186.34
1300.8, 1186.32
1301.23, 1186.3
1301.66, 1186.28
1302.09, 1186.26
1302.52, 1186.24
1302.95, 1186.22
1303.38, 1186.21
1303.81, 1186.19
1304.24, 1186.17
1304.67, 1186.15
1305.1, 1186.13
1305.53, 1186.11
1305.96, 1186.09
1306.39, 1186.07
1306.43, 1186.07
1306.85, 1186.02
1307.28, 1185.98
1307.71, 1185.93
1308.14, 1185.88
1308.57, 1185.83
1308.99, 1185.79
1309.42, 1185.74
1309.85, 1185.69
1310.28, 1185.64
1310.71, 1185.59
1311.13, 1185.55
1311.56, 1185.5
1311.99, 1185.45
1312.42, 1185.4
1312.85, 1185.36
1313.27, 1185.31
1313.7, 1185.26
1314.13, 1185.21
1314.56, 1185.16
1314.99, 1185.12
1315.41, 1185.07
1315.84, 1185.02
1316.27, 1184.97
1316.7, 1184.93
1317.13, 1184.88
1317.55, 1184.83
1317.98, 1184.78
1318.41, 1184.73
1318.84, 1184.69
1319.27, 1184.64
1319.69, 1184.59
1320.12, 1184.54
1320.55, 1184.5
1320.98, 1184.45
1321.4, 1184.4
1321.83, 1184.35

waypoints
x, y
1282.31, 1187.15
1282.74, 1187.13
1283.17, 1187.12
1283.6, 1187.1
1284.03, 1187.08
1284.46, 1187.06
1284.89, 1187.04
1285.32, 1187.02
1285.75, 1187
1286.18, 1186.98
1286.61, 1186.96
1287.04, 1186.94
1287.47, 1186.92
1287.9, 1186.9
1288.34, 1186.88
1288.77, 1186.86
1289.19, 1186.84
1289.62, 1186.83
1290.06, 1186.81
1290.48, 1186.79
1290.91, 1186.77
1291.34, 1186.75
1291.77, 1186.73
1292.2, 1186.71
1292.63, 1186.69
1293.06, 1186.67
1293.49, 1186.65
1293.92, 1186.63
1294.35, 1186.61
1294.78, 1186.59
1295.21, 1186.57
1295.64, 1186.55
1296.07, 1186.53
1296.5, 1186.52
1296.93, 1186.49
1297.36, 1186.48
1297.79, 1186.46
1298.22, 1186.44
1298.65, 1186.42
1299.08, 1186.4
1299.51, 1186.38
1299.94, 1186.36
1300.37, 1186.34
1300.8, 1186.32
1301.23, 1186.3
1301.66, 1186.28
1302.09, 1186.26
1302.52, 1186.24
1302.95, 1186.22
1303.38, 1186.2
1303.81, 1186.19
1304.24, 1186.17
1304.67, 1186.15
1305.1, 1186.13
1305.53, 1186.11
1305.96, 1186.09
1306.39, 1186.07
1306.43, 1186.07
1306.86, 1186.03
1307.28, 1185.98
1307.71, 1185.93
1308.14, 1185.88
1308.57, 1185.83
1308.99, 1185.79
1309.42, 1185.74
1309.85, 1185.69
1310.28, 1185.64
1310.71, 1185.6
1311.13, 1185.55
1311.56, 1185.5
1311.99, 1185.45
1312.42, 1185.4
1312.85, 1185.36
1313.27, 1185.31
1313.7, 1185.26
1314.13, 1185.21
1314.56, 1185.16
1314.99, 1185.12
1315.41, 1185.07
1315.84, 1185.02
1316.27, 1184.97
1316.7, 1184.92
1317.13, 1184.88
1317.55, 1184.83
1317.98, 1184.78
1318.41, 1184.73
1318.84, 1184.69
1319.27, 1184.64
1319.69, 1184.59
1320.12, 1184.54
1320.55, 1184.49
1320.98, 1184.45
1321.4, 1184.4
1321.83, 1184.35

waypoints
x, y
1284.46, 1187.06
1284.89, 1187.04
1285.32, 1187.02
1285.75, 1187
1286.18, 1186.98
1286.61, 1186.96
1287.04, 1186.94
1287.47, 1186.92
1287.9, 1186.9
1288.34, 1186.88
1288.77, 1186.86
1289.19, 1186.84
1289.62, 1186.83
1290.06, 1186.81
1290.48, 1186.79
1290.91, 1186.77
1291.34, 1186.75
1291.77, 1186.73
1292.2, 1186.71
1292.63, 1186.69
1293.06, 1186.67
1293.49, 1186.65
1293.92, 1186.63
1294.35, 1186.61
1294.78, 1186.59
1295.21, 1186.57
1295.64, 1186.55
1296.07, 1186.53
1296.5, 1186.52
1296.93, 1186.49
1297.36, 1186.48
1297.79, 1186.46
1298.22, 1186.44
1298.65, 1186.42
1299.08, 1186.4
1299.51, 1186.38
1299.94, 1186.36
1300.37, 1186.34
1300.8, 1186.32
1301.23, 1186.3
1301.66, 1186.28
1302.09, 1186.26
1302.52, 1186.24
1302.95, 1186.22
1303.38, 1186.2
1303.81, 1186.19
1304.24, 1186.17
1304.67, 1186.15
1305.1, 1186.13
1305.53, 1186.11
1305.96, 1186.09
1306.39, 1186.07
1306.43, 1186.07
1306.86, 1186.03
1307.28, 1185.98
1307.71, 1185.93
1308.14, 1185.88
1308.57, 1185.83
1308.99, 1185.79
1309.42, 1185.74
1309.85, 1185.69
1310.28, 1185.64
1310.71, 1185.6
1311.13, 1185.55
1311.56, 1185.5
1311.99, 1185.45
1312.42, 1185.4
1312.85, 1185.36
1313.27, 1185.31
1313.7, 1185.26
1314.13, 1185.21
1314.56, 1185.16
1314.99, 1185.12
1315.41, 1185.07
1315.84, 1185.02
1316.27, 1184.97
1316.7, 1184.92
1317.13, 1184.88
1317.55, 1184.83
1317.98, 1184.78
1318.41, 1184.73
1318.84, 1184.69
1319.27, 1184.64
1319.69, 1184.59
1320.12, 1184.54
1320.55, 1184.49
1320.98, 1184.45
1321.4, 1184.4
1321.83, 1184.35

waypoints
x, y
1286.18, 1186.98
1286.61, 1186.96
1287.04, 1186.94
1287.47, 1186.92
1287.9, 1186.9
1288.34, 1186.88
1288.77, 1186.86
1289.19, 1186.84
1289.62, 1186.83
1290.06, 1186.81
1290.48, 1186.79
1290.91, 1186.77
1291.34, 1186.75
1291.77, 1186.73
1292.2, 1186.71
1292.63, 1186.69
1293.06, 1186.67
1293.49, 1186.65
1293.92, 1186.63
1294.35, 1186.61
1294.78, 1186.59
1295.21, 1186.57
1295.64, 1186.55
1296.07, 1186.53
1296.5, 1186.52
1296.93, 1186.49
1297.36, 1186.48
1297.79, 1186.46
1298.22, 1186.44
1298.65, 1186.42
1299.08, 1186.4
1299.51, 1186.38
1299.94, 1186.36
1300.37, 1186.34
1300.8, 1186.32
1301.23, 1186.3
1301.66, 1186.28
1302.09, 1186.26
1302.52, 1186.24
1302.95, 1186.22
1303.38, 1186.2
1303.81, 1186.19
1304.24, 1186.17
1304.67, 1186.15
1305.1, 1186.13
1305.53, 1186.11
1305.96, 1186.09
1306.39, 1186.07
1306.43, 1186.07
1306.86, 1186.03
1307.28, 1185.98
1307.71, 1185.93
1308.14, 1185.88
1308.57, 1185.83
1308.99, 1185.79
1309.42, 1185.74
1309.85, 1185.69
1310.28, 1185.64
1310.71, 1185.6
1311.13, 1185.55
1311.56, 1185.5
1311.99, 1185.45
1312.42, 1185.4
1312.85, 1185.36
1313.27, 1185.31
1313.7, 1185.26
1314.13, 1185.21
1314.56, 1185.16
1314.99, 1185.12
1315.41, 1185.07
1315.84, 1185.02
1316.27, 1184.97
1316.7, 1184.92
1317.13, 1184.88
1317.55, 1184.83
1317.98, 1184.78
1318.41, 1184.73
1318.84, 1184.69
1319.27, 1184.64
1319.69, 1184.59
1320.12, 1184.54
1320.55, 1184.49
1320.98, 1184.45
1321.4, 1184.4
1321.83, 1184.35

waypoints
x, y
1287.9, 1186.9
1288.34, 1186.88
1288.77, 1186.86
1289.19, 1186.84
1289.62, 1186.83
1290.06, 1186.81
1290.48, 1186.79
1290.91, 1186.77
1291.34, 1186.75
1291.77, 1186.73
1292.2, 1186.71
1292.63, 1186.69
1293.06, 1186.67
1293.49, 1186.65
1293.92, 1186.63
1294.35, 1186.61
1294.78, 1186.59
1295.21, 1186.57
1295.64, 1186.55
1296.07, 1186.53
1296.5, 1186.52
1296.93, 1186.49
1297.36, 1186.48
1297.79, 1186.46
1298.22, 1186.44
1298.65, 1186.42
1299.08, 1186.4
1299.51, 1186.38
1299.94, 1186.36
1300.37, 1186.34
1300.8, 1186.32
1301.23, 1186.3
1301.66, 1186.28
1302.09, 1186.26
1302.52, 1186.24
1302.95, 1186.22
1303.38, 1186.2
1303.81, 1186.19
1304.24, 1186.17
1304.67, 1186.15
1305.1, 1186.13
1305.53, 1186.11
1305.96, 1186.09
1306.39, 1186.07
1306.43, 1186.07
1306.86, 1186.03
1307.28, 1185.98
1307.71, 1185.93
1308.14, 1185.88
1308.57, 1185.83
1308.99, 1185.79
1309.42, 1185.74
1309.85, 1185.69
1310.28, 1185.64
1310.71, 1185.6
1311.13, 1185.55
1311.56, 1185.5
1311.99, 1185.45
1312.42, 1185.4
1312.85, 1185.36
1313.27, 1185.31
1313.7, 1185.26
1314.13, 1185.21
1314.56, 1185.16
1314.99, 1185.12
1315.41, 1185.07
1315.84, 1185.02
1316.27, 1184.97
1316.7, 1184.92
1317.13, 1184.88
1317.55, 1184.83
1317.98, 1184.78
1318.41, 1184.73
1318.84, 1184.69
1319.27, 1184.64
1319.69, 1184.59
1320.12, 1184.54
1320.55, 1184.49
1320.98, 1184.45
1321.4, 1184.4
1321.83, 1184.35

waypoints
x, y
1289.62, 1186.83
1290.06, 1186.81
1290.48, 1186.79
1290.91, 1186.77
1291.34, 1186.75
1291.77, 1186.73
1292.2, 1186.71
1292.63, 1186.69
1293.06, 1186.67
1293.49, 1186.65
1293.92, 1186.63
1294.35, 1186.61
1294.78, 1186.59
1295.21, 1186.57
1295.64, 1186.55
1296.07, 1186.53
1296.5, 1186.52
1296.93, 1186.49
1297.36, 1186.48
1297.79, 1186.46
1298.22, 1186.44
1298.65, 1186.42
1299.08, 1186.4
1299.51, 1186.38
1299.94, 1186.36
1300.37, 1186.34
1300.8, 1186.32
1301.23, 1186.3
1301.66, 1186.28
1302.09, 1186.26
1302.52, 1186.24
1302.95, 1186.22
1303.38, 1186.2
1303.81, 1186.19
1304.24, 1186.17
1304.67, 1186.15
1305.1, 1186.13
1305.53, 1186.11
1305.96, 1186.09
1306.39, 1186.07
1306.43, 1186.07
1306.86, 1186.03
1307.28, 1185.98
1307.71, 1185.93
1308.14, 1185.88
1308.57, 1185.83
1308.99, 1185.79
1309.42, 1185.74
1309.85, 1185.69
1310.28, 1185.64
1310.71, 1185.6
1311.13, 1185.55
1311.56, 1185.5
1311.99, 1185.45
1312.42, 1185.4
1312.85, 1185.36
1313.27, 1185.31
1313.7, 1185.26
1314.13, 1185.21
1314.56, 1185.16
1314.99, 1185.12
1315.41, 1185.07
1315.84, 1185.02
1316.27, 1184.97
1316.7, 1184.92
1317.13, 1184.88
1317.55, 1184.83
1317.98, 1184.78
1318.41, 1184.73
1318.84, 1184.69
1319.27, 1184.64
1319.69, 1184.59
1320.12, 1184.54
1320.55, 1184.49
1320.98, 1184.45
1321.4, 1184.4
1321.83, 1184.35

waypoints
x, y
1291.34, 1186.75
1291.77, 1186.73
1292.2, 1186.71
1292.63, 1186.69
1293.06, 1186.67
1293.49, 1186.65
1293.92, 1186.63
1294.35, 1186.61
1294.78, 1186.59
1295.21, 1186.57
1295.64, 1186.55
1296.07, 1186.53
1296.5, 1186.52
1296.93, 1186.49
1297.36, 1186.48
1297.79, 1186.46
1298.22, 1186.44
1298.65, 1186.42
1299.08, 1186.4
1299.51, 1186.38
1299.94, 1186.36
1300.37, 1186.34
1300.8, 1186.32
1301.23, 1186.3
1301.66, 1186.28
1302.09, 1186.26
1302.52, 1186.24
1302.95, 1186.22
1303.38, 1186.2
1303.81, 1186.19
1304.24, 1186.17
1304.67, 1186.15
1305.1, 1186.13
1305.53, 1186.11
1305.96, 1186.09
1306.39, 1186.07
1306.43, 1186.07
1306.86, 1186.03
1307.28, 1185.98
1307.71, 1185.93
1308.14, 1185.88
1308.57, 1185.83
1308.99, 1185.79
1309.42, 1185.74
1309.85, 1185.69
1310.28, 1185.64
1310.71, 1185.6
1311.13, 1185.55
1311.56, 1185.5
1311.99, 1185.45
1312.42, 1185.4
1312.85, 1185.36
1313.27, 1185.31
1313.7, 1185.26
1314.13, 1185.21
1314.56, 1185.16
1314.99, 1185.12
1315.41, 1185.07
1315.84, 1185.02
1316.27, 1184.97
1316.7, 1184.92
1317.13, 1184.88
1317.55, 1184.83
1317.98, 1184.78
1318.41, 1184.73
1318.84, 1184.69
1319.27, 1184.64
1319.69, 1184.59
1320.12, 1184.54
1320.55, 1184.49
1320.98, 1184.45
1321.4, 1184.4
1321.83, 1184.35

waypoints
x, y
1293.49, 1186.65
1293.92, 1186.63
1294.35, 1186.61
1294.78, 1186.59
1295.21, 1186.57
1295.64, 1186.55
1296.07, 1186.53
1296.5, 1186.52
1296.93, 1186.49
1297.36, 1186.48
1297.79, 1186.46
1298.22, 1186.44
1298.65, 1186.42
1299.08, 1186.4
1299.51, 1186.38
1299.94, 1186.36
1300.37, 1186.34
1300.8, 1186.32
1301.23, 1186.3
1301.66, 1186.28
1302.09, 1186.26
1302.52, 1186.24
1302.95, 1186.22
1303.38, 1186.2
1303.81, 1186.19
1304.24, 1186.17
1304.67, 1186.15
1305.1, 1186.13
1305.53, 1186.11
1305.96, 1186.09
1306.39, 1186.07
1306.43, 1186.07
1306.86, 1186.03
1307.28, 1185.98
1307.71, 1185.93
1308.14, 1185.88
1308.57, 1185.83
1308.99, 1185.79
1309.42, 1185.74
1309.85, 1185.69
1310.28, 1185.64
1310.71, 1185.6
1311.13, 1185.55
1311.56, 1185.5
1311.99, 1185.45
1312.42, 1185.4
1312.85, 1185.36
1313.27, 1185.31
1313.7, 1185.26
1314.13, 1185.21
1314.56, 1185.16
1314.99, 1185.12
1315.41, 1185.07
1315.84, 1185.02
1316.27, 1184.97
1316.7, 1184.92
1317.13, 1184.88
1317.55, 1184.83
1317.98, 1184.78
1318.41, 1184.73
1318.84, 1184.69
1319.27, 1184.64
1319.69, 1184.59
1320.12, 1184.54
1320.55, 1184.49
1320.98, 1184.45
1321.4, 1184.4
1321.83, 1184.35

waypoints
x, y
1295.21, 1186.57
1295.64, 1186.55
1296.07, 1186.53
1296.5, 1186.52
1296.93, 1186.49
1297.36, 1186.48
1297.79, 1186.46
1298.22, 1186.44
1298.65, 1186.42
1299.08, 1186.4
1299.51, 1186.38
1299.94, 1186.36
1300.37, 1186.34
1300.8, 1186.32
1301.23, 1186.3
1301.66, 1186.28
1302.09, 1186.26
1302.52, 1186.24
1302.95, 1186.22
1303.38, 1186.2
1303.81, 1186.19
1304.24, 1186.17
1304.67, 1186.15
1305.1, 1186.13
1305.53, 1186.11
1305.96, 1186.09
1306.39, 1186.07
1306.43, 1186.07
1306.86, 1186.03
1307.28, 1185.98
1307.71, 1185.93
1308.14, 1185.88
1308.57, 1185.83
1308.99, 1185.79
1309.42, 1185.74
1309.85, 1185.69
1310.28, 1185.64
1310.71, 1185.6
1311.13, 1185.55
1311.56, 1185.5
1311.99, 1185.45
1312.42, 1185.4
1312.85, 1185.36
1313.27, 1185.31
1313.7, 1185.26
1314.13, 1185.21
1314.56, 1185.16
1314.99, 1185.12
1315.41, 1185.07
1315.84, 1185.02
1316.27, 1184.97
1316.7, 1184.92
1317.13, 1184.88
1317.55, 1184.83
1317.98, 1184.78
1318.41, 1184.73
1318.84, 1184.69
1319.27, 1184.64
1319.69, 1184.59
1320.12, 1184.54
1320.55, 1184.49
1320.98, 1184.45
1321.4, 1184.4
1321.83, 1184.35

waypoints
x, y
1296.93, 1186.49
1297.36, 1186.48
1297.79, 1186.46
1298.22, 1186.44
1298.65, 1186.42
1299.08, 1186.4
1299.51, 1186.38
1299.94, 1186.36
1300.37, 1186.34
1300.8, 1186.32
1301.23, 1186.3
1301.66, 1186.28
1302.09, 1186.26
1302.52, 1186.24
1302.95, 1186.22
1303.38, 1186.2
1303.81, 1186.19
1304.24, 1186.17
1304.67, 1186.15
1305.1, 1186.13
1305.53, 1186.11
1305.96, 1186.09
1306.39, 1186.07
1306.43, 1186.07
1306.86, 1186.03
1307.28, 1185.98
1307.71, 1185.93
1308.14, 1185.88
1308.57, 1185.83
1308.99, 1185.79
1309.42, 1185.74
1309.85, 1185.69
1310.28, 1185.64
1310.71, 1185.6
1311.13, 1185.55
1311.56, 1185.5
1311.99, 1185.45
1312.42, 1185.4
1312.85, 1185.36
1313.27, 1185.31
1313.7, 1185.26
1314.13, 1185.21
1314.56, 1185.16
1314.99, 1185.12
1315.41, 1185.07
1315.84, 1185.02
1316.27, 1184.97
1316.7, 1184.92
1317.13, 1184.88
1317.55, 1184.83
1317.98, 1184.78
1318.41, 1184.73
1318.84, 1184.69
1319.27, 1184.64
1319.69, 1184.59
1320.12, 1184.54
1320.55, 1184.49
1320.98, 1184.45
1321.4, 1184.4
1321.83, 1184.35

waypoints
x, y
1298.65, 1186.42
1299.08, 1186.4
1299.51, 1186.38
1299.94, 1186.36
1300.37, 1186.34
1300.8, 1186.32
1301.23, 1186.3
1301.66, 1186.28
1302.09, 1186.26
1302.52, 1186.24
1302.95, 1186.22
1303.38, 1186.2
1303.81, 1186.19
1304.24, 1186.17
1304.67, 1186.15
1305.1, 1186.13
1305.53, 1186.11
1305.96, 1186.09
1306.39, 1186.07
1306.43, 1186.07
1306.86, 1186.03
1307.28, 1185.98
1307.71, 1185.93
1308.14, 1185.88
1308.57, 1185.83
1308.99, 1185.79
1309.42, 1185.74
1309.85, 1185.69
1310.28, 1185.64
1310.71, 1185.6
1311.13, 1185.55
1311.56, 1185.5
1311.99, 1185.45
1312.42, 1185.4
1312.85, 1185.36
1313.27, 1185.31
1313.7, 1185.26
1314.13, 1185.21
1314.56, 1185.16
1314.99, 1185.12
1315.41, 1185.07
1315.84, 1185.02
1316.27, 1184.97
1316.7, 1184.92
1317.13, 1184.88
1317.55, 1184.83
1317.98, 1184.78
1318.41, 1184.73
1318.84, 1184.69
1319.27, 1184.64
1319.69, 1184.59
1320.12, 1184.54
1320.55, 1184.49
1320.98, 1184.45
1321.4, 1184.4
1321.83, 1184.35

waypoints
x, y
1300.8, 1186.32
1301.23, 1186.3
1301.66, 1186.28
1302.09, 1186.26
1302.52, 1186.24
1302.95, 1186.22
1303.38, 1186.2
1303.81, 1186.19
1304.24, 1186.17
1304.67, 1186.15
1305.1, 1186.13
1305.53, 1186.11
1305.96, 1186.09
1306.39, 1186.07
1306.43, 1186.07
1306.86, 1186.03
1307.28, 1185.98
1307.71, 1185.93
1308.14, 1185.88
1308.57, 1185.83
1308.99, 1185.79
1309.42, 1185.74
1309.85, 1185.69
1310.28, 1185.64
1310.71, 1185.6
1311.13, 1185.55
1311.56, 1185.5
1311.99, 1185.45
1312.42, 1185.4
1312.85, 1185.36
1313.27, 1185.31
1313.7, 1185.26
1314.13, 1185.21
1314.56, 1185.16
1314.99, 1185.12
1315.41, 1185.07
1315.84, 1185.02
1316.27, 1184.97
1316.7, 1184.92
1317.13, 1184.88
1317.55, 1184.83
1317.98, 1184.78
1318.41, 1184.73
1318.84, 1184.69
1319.27, 1184.64
1319.69, 1184.59
1320.12, 1184.54
1320.55, 1184.49
1320.98, 1184.45
1321.4, 1184.4
1321.83, 1184.35

waypoints
x, y
1302.52, 1186.24
1302.95, 1186.22
1303.38, 1186.2
1303.81, 1186.19
1304.24, 1186.17
1304.67, 1186.15
1305.1, 1186.13
1305.53, 1186.11
1305.96, 1186.09
1306.39, 1186.07
1306.43, 1186.07
1306.86, 1186.03
1307.28, 1185.98
1307.71, 1185.93
1308.14, 1185.88
1308.57, 1185.83
1308.99, 1185.79
1309.42, 1185.74
1309.85, 1185.69
1310.28, 1185.64
1310.71, 1185.6
1311.13, 1185.55
1311.56, 1185.5
1311.99, 1185.45
1312.42, 1185.4
1312.85, 1185.36
1313.27, 1185.31
1313.7, 1185.26
1314.13, 1185.21
1314.56, 1185.16
1314.99, 1185.12
1315.41, 1185.07
1315.84, 1185.02
1316.27, 1184.97
1316.7, 1184.92
1317.13, 1184.88
1317.55, 1184.83
1317.98, 1184.78
1318.41, 1184.73
1318.84, 1184.69
1319.27, 1184.64
1319.69, 1184.59
1320.12, 1184.54
1320.55, 1184.49
1320.98, 1184.45
1321.4, 1184.4
1321.83, 1184.35
1322.26, 1184.3
1322.69, 1184.26
1323.12, 1184.21
1323.54, 1184.16
1323.97, 1184.11
1324.4, 1184.07
1324.83, 1184.02
1325.26, 1183.97
1325.68, 1183.92
1326.11, 1183.87
1326.54, 1183.83
1326.97, 1183.78
1327.4, 1183.73
1327.82, 1183.68
1328.25, 1183.64
1328.68, 1183.59
1329.11, 1183.54
1329.54, 1183.49
1329.96, 1183.44
1330.39, 1183.4
1330.82, 1183.35
1331.25, 1183.3
1331.67, 1183.25
1332.1, 1183.21
1332.53, 1183.16
1332.96, 1183.11
1333.39, 1183.06
1333.81, 1183.01
1334.24, 1182.97
1334.67, 1182.92
1335.1, 1182.87
1335.53, 1182.82
1335.95, 1182.77
1336.38, 1182.73
1336.81, 1182.68
1337.24, 1182.63
1337.67, 1182.58
1338.09, 1182.54
1338.52, 1182.49
1338.95, 1182.44
1339.38, 1182.39
1339.81, 1182.34
1340.35, 1182.29
1340.78, 1182.25
1341.21, 1182.21
1341.64, 1182.18
1342.07, 1182.14
1342.5, 1182.1
1342.93, 1182.06

waypoints
x, y
1304.24, 1186.17
1304.67, 1186.15
1305.1, 1186.13
1305.53, 1186.11
1305.96, 1186.09
1306.39, 1186.07
1306.43, 1186.07
1306.86, 1186.03
1307.28, 1185.98
1307.71, 1185.93
1308.14, 1185.88
1308.57, 1185.83
1308.99, 1185.79
1309.42, 1185.74
1309.85, 1185.69
1310.28, 1185.64
1310.71, 1185.6
1311.13, 1185.55
1311.56, 1185.5
1311.99, 1185.45
1312.42, 1185.4
1312.85, 1185.36
1313.27, 1185.31
1313.7, 1185.26
1314.13, 1185.21
1314.56, 1185.16
1314.99, 1185.12
1315.41, 1185.07
1315.84, 1185.02
1316.27, 1184.97
1316.7, 1184.92
1317.13, 1184.88
1317.55, 1184.83
1317.98, 1184.78
1318.41, 1184.73
1318.84, 1184.69
1319.27, 1184.64
1319.69, 1184.59
1320.12, 1184.54
1320.55, 1184.49
1320.98, 1184.45
1321.4, 1184.4
1321.83, 1184.35
1322.26, 1184.3
1322.69, 1184.26
1323.12, 1184.21
1323.55, 1184.16
1323.97, 1184.11
1324.4, 1184.07
1324.83, 1184.02
1325.26, 1183.97
1325.68, 1183.92
1326.11, 1183.87
1326.54, 1183.83
1326.97, 1183.78
1327.4, 1183.73
1327.82, 1183.68
1328.25, 1183.63
1328.68, 1183.59
1329.11, 1183.54
1329.54, 1183.49
1329.96, 1183.44
1330.39, 1183.4
1330.82, 1183.35
1331.25, 1183.3
1331.67, 1183.25
1332.1, 1183.2
1332.53, 1183.16
1332.96, 1183.11
1333.39, 1183.06
1333.81, 1183.01
1334.24, 1182.97
1334.67, 1182.92
1335.1, 1182.87
1335.53, 1182.82
1335.95, 1182.78
1336.38, 1182.73
1336.81, 1182.68
1337.24, 1182.63
1337.67, 1182.58
1338.09, 1182.54
1338.52, 1182.49
1338.95, 1182.44
1339.38, 1182.39
1339.81, 1182.35
1340.35, 1182.29
1340.78, 1182.25
1341.21, 1182.21
1341.64, 1182.17
1342.07, 1182.14
1342.5, 1182.1
1342.92, 1182.06

waypoints
x, y
1305.96, 1186.09
1306.39, 1186.07
1306.43, 1186.07
1306.86, 1186.03
1307.28, 1185.98
1307.71, 1185.93
1308.14, 1185.88
1308.57, 1185.83
1308.99, 1185.79
1309.42, 1185.74
1309.85, 1185.69
1310.28, 1185.64
1310.71, 1185.6
1311.13, 1185.55
1311.56, 1185.5
1311.99, 1185.45
1312.42, 1185.4
1312.85, 1185.36
1313.27, 1185.31
1313.7, 1185.26
1314.13, 1185.21
1314.56, 1185.16
1314.99, 1185.12
1315.41, 1185.07
1315.84, 1185.02
1316.27, 1184.97
1316.7, 1184.92
1317.13, 1184.88
1317.55, 1184.83
1317.98, 1184.78
1318.41, 1184.73
1318.84, 1184.69
1319.27, 1184.64
1319.69, 1184.59
1320.12, 1184.54
1320.55, 1184.49
1320.98, 1184.45
1321.4, 1184.4
1321.83, 1184.35
1322.26, 1184.3
1322.69, 1184.26
1323.12, 1184.21
1323.55, 1184.16
1323.97, 1184.11
1324.4, 1184.07
1324.83, 1184.02
1325.26, 1183.97
1325.68, 1183.92
1326.11, 1183.87
1326.54, 1183.83
1326.97, 1183.78
1327.4, 1183.73
1327.82, 1183.68
1328.25, 1183.63
1328.68, 1183.59
1329.11, 1183.54
1329.54, 1183.49
1329.96, 1183.44
1330.39, 1183.4
1330.82, 1183.35
1331.25, 1183.3
1331.67, 1183.25
1332.1, 1183.2
1332.53, 1183.16
1332.96, 1183.11
1333.39, 1183.06
1333.81, 1183.01
1334.24, 1182.97
1334.67, 1182.92
1335.1, 1182.87
1335.53, 1182.82
1335.95, 1182.78
1336.38, 1182.73
1336.81, 1182.68
1337.24, 1182.63
1337.67, 1182.58
1338.09, 1182.54
1338.52, 1182.49
1338.95, 1182.44
1339.38, 1182.39
1339.81, 1182.35
1340.35, 1182.29
1340.78, 1182.25
1341.21, 1182.21
1341.64, 1182.17
1342.07, 1182.14
1342.5, 1182.1
1342.92, 1182.06

waypoints
x, y
1307.28, 1185.98
1307.71, 1185.93
1308.14, 1185.88
1308.57, 1185.83
1308.99, 1185.79
1309.42, 1185.74
1309.85, 1185.69
1310.28, 1185.64
1310.71, 1185.6
1311.13, 1185.55
1311.56, 1185.5
1311.99, 1185.45
1312.42, 1185.4
1312.85, 1185.36
1313.27, 1185.31
1313.7, 1185.26
1314.13, 1185.21
1314.56, 1185.16
1314.99, 1185.12
1315.41, 1185.07
1315.84, 1185.02
1316.27, 1184.97
1316.7, 1184.92
1317.13, 1184.88
1317.55, 1184.83
1317.98, 1184.78
1318.41, 1184.73
1318.84, 1184.69
1319.27, 1184.64
1319.69, 1184.59
1320.12, 1184.54
1320.55, 1184.49
1320.98, 1184.45
1321.4, 1184.4
1321.83, 1184.35
1322.26, 1184.3
1322.69, 1184.26
1323.12, 1184.21
1323.55, 1184.16
1323.97, 1184.11
1324.4, 1184.07
1324.83, 1184.02
1325.26, 1183.97
1325.68, 1183.92
1326.11, 1183.87
1326.54, 1183.83
1326.97, 1183.78
1327.4, 1183.73
1327.82, 1183.68
1328.25, 1183.63
1328.68, 1183.59
1329.11, 1183.54
1329.54, 1183.49
1329.96, 1183.44
1330.39, 1183.4
1330.82, 1183.35
1331.25, 1183.3
1331.67, 1183.25
1332.1, 1183.2
1332.53, 1183.16
1332.96, 1183.11
1333.39, 1183.06
1333.81, 1183.01
1334.24, 1182.97
1334.67, 1182.92
1335.1, 1182.87
1335.53, 1182.82
1335.95, 1182.78
1336.38, 1182.73
1336.81, 1182.68
1337.24, 1182.63
1337.67, 1182.58
1338.09, 1182.54
1338.52, 1182.49
1338.95, 1182.44
1339.38, 1182.39
1339.81, 1182.35
1340.35, 1182.29
1340.78, 1182.25
1341.21, 1182.21
1341.64, 1182.17
1342.07, 1182.14
1342.5, 1182.1
1342.92, 1182.06

waypoints
x, y
1308.99, 1185.79
1309.42, 1185.74
1309.85, 1185.69
1310.28, 1185.64
1310.71, 1185.6
1311.13, 1185.55
1311.56, 1185.5
1311.99, 1185.45
1312.42, 1185.4
1312.85, 1185.36
1313.27, 1185.31
1313.7, 1185.26
1314.13, 1185.21
1314.56, 1185.16
1314.99, 1185.12
1315.41, 1185.07
1315.84, 1185.02
1316.27, 1184.97
1316.7, 1184.92
1317.13, 1184.88
1317.55, 1184.83
1317.98, 1184.78
1318.41, 1184.73
1318.84, 1184.69
1319.27, 1184.64
1319.69, 1184.59
1320.12, 1184.54
1320.55, 1184.49
1320.98, 1184.45
1321.4, 1184.4
1321.83, 1184.35
1322.26, 1184.3
1322.69, 1184.26
1323.12, 1184.21
1323.55, 1184.16
1323.97, 1184.11
1324.4, 1184.07
1324.83, 1184.02
1325.26, 1183.97
1325.68, 1183.92
1326.11, 1183.87
1326.54, 1183.83
1326.97, 1183.78
1327.4, 1183.73
1327.82, 1183.68
1328.25, 1183.63
1328.68, 1183.59
1329.11, 1183.54
1329.54, 1183.49
1329.96, 1183.44
1330.39, 1183.4
1330.82, 1183.35
1331.25, 1183.3
1331.67, 1183.25
1332.1, 1183.2
1332.53, 1183.16
1332.96, 1183.11
1333.39, 1183.06
1333.81, 1183.01
1334.24, 1182.97
1334.67, 1182.92
1335.1, 1182.87
1335.53, 1182.82
1335.95, 1182.78
1336.38, 1182.73
1336.81, 1182.68
1337.24, 1182.63
1337.67, 1182.58
1338.09, 1182.54
1338.52, 1182.49
1338.95, 1182.44
1339.38, 1182.39
1339.81, 1182.35
1340.35, 1182.29
1340.78, 1182.25
1341.21, 1182.21
1341.64, 1182.17
1342.07, 1182.14
1342.5, 1182.1
1342.92, 1182.06

waypoints
x, y
1311.13, 1185.55
1311.56, 1185.5
1311.99, 1185.45
1312.42, 1185.4
1312.85, 1185.36
1313.27, 1185.31
1313.7, 1185.26
1314.13, 1185.21
1314.56, 1185.16
1314.99, 1185.12
1315.41, 1185.07
1315.84, 1185.02
1316.27, 1184.97
1316.7, 1184.92
1317.13, 1184.88
1317.55, 1184.83
1317.98, 1184.78
1318.41, 1184.73
1318.84, 1184.69
1319.27, 1184.64
1319.69, 1184.59
1320.12, 1184.54
1320.55, 1184.49
1320.98, 1184.45
1321.4, 1184.4
1321.83, 1184.35
1322.26, 1184.3
1322.69, 1184.26
1323.12, 1184.21
1323.55, 1184.16
1323.97, 1184.11
1324.4, 1184.07
1324.83, 1184.02
1325.26, 1183.97
1325.68, 1183.92
1326.11, 1183.87
1326.54, 1183.83
1326.97, 1183.78
1327.4, 1183.73
1327.82, 1183.68
1328.25, 1183.63
1328.68, 1183.59
1329.11, 1183.54
1329.54, 1183.49
1329.96, 1183.44
1330.39, 1183.4
1330.82, 1183.35
1331.25, 1183.3
1331.67, 1183.25
1332.1, 1183.2
1332.53, 1183.16
1332.96, 1183.11
1333.39, 1183.06
1333.81, 1183.01
1334.24, 1182.97
1334.67, 1182.92
1335.1, 1182.87
1335.53, 1182.82
1335.95, 1182.78
1336.38, 1182.73
1336.81, 1182.68
1337.24, 1182.63
1337.67, 1182.58
1338.09, 1182.54
1338.52, 1182.49
1338.95, 1182.44
1339.38, 1182.39
1339.81, 1182.35
1340.35, 1182.29
1340.78, 1182.25
1341.21, 1182.21
1341.64, 1182.17
1342.07, 1182.14
1342.5, 1182.1
1342.92, 1182.06

waypoints
x, y
1312.85, 1185.36
1313.27, 1185.31
1313.7, 1185.26
1314.13, 1185.21
1314.56, 1185.16
1314.99, 1185.12
1315.41, 1185.07
1315.84, 1185.02
1316.27, 1184.97
1316.7, 1184.92
1317.13, 1184.88
1317.55, 1184.83
1317.98, 1184.78
1318.41, 1184.73
1318.84, 1184.69
1319.27, 1184.64
1319.69, 1184.59
1320.12, 1184.54
1320.55, 1184.49
1320.98, 1184.45
1321.4, 1184.4
1321.83, 1184.35
1322.26, 1184.3
1322.69, 1184.26
1323.12, 1184.21
1323.55, 1184.16
1323.97, 1184.11
1324.4, 1184.07
1324.83, 1184.02
1325.26, 1183.97
1325.68, 1183.92
1326.11, 1183.87
1326.54, 1183.83
1326.97, 1183.78
1327.4, 1183.73
1327.82, 1183.68
1328.25, 1183.63
1328.68, 1183.59
1329.11, 1183.54
1329.54, 1183.49
1329.96, 1183.44
1330.39, 1183.4
1330.82, 1183.35
1331.25, 1183.3
1331.67, 1183.25
1332.1, 1183.2
1332.53, 1183.16
1332.96, 1183.11
1333.39, 1183.06
1333.81, 1183.01
1334.24, 1182.97
1334.67, 1182.92
1335.1, 1182.87
1335.53, 1182.82
1335.95, 1182.78
1336.38, 1182.73
1336.81, 1182.68
1337.24, 1182.63
1337.67, 1182.58
1338.09, 1182.54
1338.52, 1182.49
1338.95, 1182.44
1339.38, 1182.39
1339.81, 1182.35
1340.35, 1182.29
1340.78, 1182.25
1341.21, 1182.21
1341.64, 1182.17
1342.07, 1182.14
1342.5, 1182.1
1342.92, 1182.06

waypoints
x, y
1314.56, 1185.16
1314.99, 1185.12
1315.41, 1185.07
1315.84, 1185.02
1316.27, 1184.97
1316.7, 1184.92
1317.13, 1184.88
1317.55, 1184.83
1317.98, 1184.78
1318.41, 1184.73
1318.84, 1184.69
1319.27, 1184.64
1319.69, 1184.59
1320.12, 1184.54
1320.55, 1184.49
1320.98, 1184.45
1321.4, 1184.4
1321.83, 1184.35
1322.26, 1184.3
1322.69, 1184.26
1323.12, 1184.21
1323.55, 1184.16
1323.97, 1184.11
1324.4, 1184.07
1324.83, 1184.02
1325.26, 1183.97
1325.68, 1183.92
1326.11, 1183.87
1326.54, 1183.83
1326.97, 1183.78
1327.4, 1183.73
1327.82, 1183.68
1328.25, 1183.63
1328.68, 1183.59
1329.11, 1183.54
1329.54, 1183.49
1329.96, 1183.44
1330.39, 1183.4
1330.82, 1183.35
1331.25, 1183.3
1331.67, 1183.25
1332.1, 1183.2
1332.53, 1183.16
1332.96, 1183.11
1333.39, 1183.06
1333.81, 1183.01
1334.24, 1182.97
1334.67, 1182.92
1335.1, 1182.87
1335.53, 1182.82
1335.95, 1182.78
1336.38, 1182.73
1336.81, 1182.68
1337.24, 1182.63
1337.67, 1182.58
1338.09, 1182.54
1338.52, 1182.49
1338.95, 1182.44
1339.38, 1182.39
1339.81, 1182.35
1340.35, 1182.29
1340.78, 1182.25
1341.21, 1182.21
1341.64, 1182.17
1342.07, 1182.14
1342.5, 1182.1
1342.92, 1182.06

waypoints
x, y
1316.27, 1184.97
1316.7, 1184.92
1317.13, 1184.88
1317.55, 1184.83
1317.98, 1184.78
1318.41, 1184.73
1318.84, 1184.69
1319.27, 1184.64
1319.69, 1184.59
1320.12, 1184.54
1320.55, 1184.49
1320.98, 1184.45
1321.4, 1184.4
1321.83, 1184.35
1322.26, 1184.3
1322.69, 1184.26
1323.12, 1184.21
1323.55, 1184.16
1323.97, 1184.11
1324.4, 1184.07
1324.83, 1184.02
1325.26, 1183.97
1325.68, 1183.92
1326.11, 1183.87
1326.54, 1183.83
1326.97, 1183.78
1327.4, 1183.73
1327.82, 1183.68
1328.25, 1183.63
1328.68, 1183.59
1329.11, 1183.54
1329.54, 1183.49
1329.96, 1183.44
1330.39, 1183.4
1330.82, 1183.35
1331.25, 1183.3
1331.67, 1183.25
1332.1, 1183.2
1332.53, 1183.16
1332.96, 1183.11
1333.39, 1183.06
1333.81, 1183.01
1334.24, 1182.97
1334.67, 1182.92
1335.1, 1182.87
1335.53, 1182.82
1335.95, 1182.78
1336.38, 1182.73
1336.81, 1182.68
1337.24, 1182.63
1337.67, 1182.58
1338.09, 1182.54
1338.52, 1182.49
1338.95, 1182.44
1339.38, 1182.39
1339.81, 1182.35
1340.35, 1182.29
1340.78, 1182.25
1341.21, 1182.21
1341.64, 1182.17
1342.07, 1182.14
1342.5, 1182.1
1342.92, 1182.06

waypoints
x, y
1318.41, 1184.73
1318.84, 1184.69
1319.27, 1184.64
1319.69, 1184.59
1320.12, 1184.54
1320.55, 1184.49
1320.98, 1184.45
1321.4, 1184.4
1321.83, 1184.35
1322.26, 1184.3
1322.69, 1184.26
1323.12, 1184.21
1323.55, 1184.16
1323.97, 1184.11
1324.4, 1184.07
1324.83, 1184.02
1325.26, 1183.97
1325.68, 1183.92
1326.11, 1183.87
1326.54, 1183.83
1326.97, 1183.78
1327.4, 1183.73
1327.82, 1183.68
1328.25, 1183.63
1328.68, 1183.59
1329.11, 1183.54
1329.54, 1183.49
1329.96, 1183.44
1330.39, 1183.4
1330.82, 1183.35
1331.25, 1183.3
1331.67, 1183.25
1332.1, 1183.2
1332.53, 1183.16
1332.96, 1183.11
1333.39, 1183.06
1333.81, 1183.01
1334.24, 1182.97
1334.67, 1182.92
1335.1, 1182.87
1335.53, 1182.82
1335.95, 1182.78
1336.38, 1182.73
1336.81, 1182.68
1337.24, 1182.63
1337.67, 1182.58
1338.09, 1182.54
1338.52, 1182.49
1338.95, 1182.44
1339.38, 1182.39
1339.81, 1182.35
1340.35, 1182.29
1340.78, 1182.25
1341.21, 1182.21
1341.64, 1182.17
1342.07, 1182.14
1342.5, 1182.1
1342.92, 1182.06

waypoints
x, y
1319.69, 1184.59
1320.12, 1184.54
1320.55, 1184.49
1320.98, 1184.45
1321.4, 1184.4
1321.83, 1184.35
1322.26, 1184.3
1322.69, 1184.26
1323.12, 1184.21
1323.55, 1184.16
1323.97, 1184.11
1324.4, 1184.07
1324.83, 1184.02
1325.26, 1183.97
1325.68, 1183.92
1326.11, 1183.87
1326.54, 1183.83
1326.97, 1183.78
1327.4, 1183.73
1327.82, 1183.68
1328.25, 1183.63
1328.68, 1183.59
1329.11, 1183.54
1329.54, 1183.49
1329.96, 1183.44
1330.39, 1183.4
1330.82, 1183.35
1331.25, 1183.3
1331.67, 1183.25
1332.1, 1183.2
1332.53, 1183.16
1332.96, 1183.11
1333.39, 1183.06
1333.81, 1183.01
1334.24, 1182.97
1334.67, 1182.92
1335.1, 1182.87
1335.53, 1182.82
1335.95, 1182.78
1336.38, 1182.73
1336.81, 1182.68
1337.24, 1182.63
1337.67, 1182.58
1338.09, 1182.54
1338.52, 1182.49
1338.95, 1182.44
1339.38, 1182.39
1339.81, 1182.35
1340.35, 1182.29
1340.78, 1182.25
1341.21, 1182.21
1341.64, 1182.17
1342.07, 1182.14
1342.5, 1182.1
1342.92, 1182.06

waypoints
x, y
1321.4, 1184.4
1321.83, 1184.35
1322.26, 1184.3
1322.69, 1184.26
1323.12, 1184.21
1323.55, 1184.16
1323.97, 1184.11
1324.4, 1184.07
1324.83, 1184.02
1325.26, 1183.97
1325.68, 1183.92
1326.11, 1183.87
1326.54, 1183.83
1326.97, 1183.78
1327.4, 1183.73
1327.82, 1183.68
1328.25, 1183.63
1328.68, 1183.59
1329.11, 1183.54
1329.54, 1183.49
1329.96, 1183.44
1330.39, 1183.4
1330.82, 1183.35
1331.25, 1183.3
1331.67, 1183.25
1332.1, 1183.2
1332.53, 1183.16
1332.96, 1183.11
1333.39, 1183.06
1333.81, 1183.01
1334.24, 1182.97
1334.67, 1182.92
1335.1, 1182.87
1335.53, 1182.82
1335.95, 1182.78
1336.38, 1182.73
1336.81, 1182.68
1337.24, 1182.63
1337.67, 1182.58
1338.09, 1182.54
1338.52, 1182.49
1338.95, 1182.44
1339.38, 1182.39
1339.81, 1182.35
1340.35, 1182.29
1340.78, 1182.25
1341.21, 1182.21
1341.64, 1182.17
1342.07, 1182.14
1342.5, 1182.1
1342.92, 1182.06

waypoints
x, y
1323.12, 1184.21
1323.55, 1184.16
1323.97, 1184.11
1324.4, 1184.07
1324.83, 1184.02
1325.26, 1183.97
1325.68, 1183.92
1326.11, 1183.87
1326.54, 1183.83
1326.97, 1183.78
1327.4, 1183.73
1327.82, 1183.68
1328.25, 1183.63
1328.68, 1183.59
1329.11, 1183.54
1329.54, 1183.49
1329.96, 1183.44
1330.39, 1183.4
1330.82, 1183.35
1331.25, 1183.3
1331.67, 1183.25
1332.1, 1183.2
1332.53, 1183.16
1332.96, 1183.11
1333.39, 1183.06
1333.81, 1183.01
1334.24, 1182.97
1334.67, 1182.92
1335.1, 1182.87
1335.53, 1182.82
1335.95, 1182.78
1336.38, 1182.73
1336.81, 1182.68
1337.24, 1182.63
1337.67, 1182.58
1338.09, 1182.54
1338.52, 1182.49
1338.95, 1182.44
1339.38, 1182.39
1339.81, 1182.35
1340.35, 1182.29
1340.78, 1182.25
1341.21, 1182.21
1341.64, 1182.17
1342.07, 1182.14
1342.5, 1182.1
1342.92, 1182.06
1343.48, 1182.07
1343.91, 1182.03
1344.33, 1181.99
1344.76, 1181.95
1345.19, 1181.91
1345.62, 1181.87
1346.05, 1181.83
1346.48, 1181.79
1346.91, 1181.75
1347.34, 1181.71
1347.76, 1181.67
1348.19, 1181.63
1348.62, 1181.59
1349.05, 1181.55
1349.48, 1181.51
1349.91, 1181.47
1350.34, 1181.43
1350.76, 1181.38
1351.19, 1181.34
1351.62, 1181.3
1352.05, 1181.26
1352.48, 1181.22
1352.91, 1181.18
1353.34, 1181.14
1353.76, 1181.09
1354.19, 1181.05
1354.62, 1181.01
1355.05, 1180.97
1355.48, 1180.93
1355.91, 1180.89
1356.34, 1180.84
1356.77, 1180.8
1357.19, 1180.76
1357.62, 1180.72
1358.05, 1180.68
1358.48, 1180.64
1358.91, 1180.6
1359.34, 1180.56
1359.77, 1180.52
1360.19, 1180.48
1360.62, 1180.44
1361.05, 1180.4
1361.48, 1180.36
1361.91, 1180.32
1362.34, 1180.28
1362.77, 1180.24
1363.2, 1180.2
1363.62, 1180.16
1364.05, 1180.12

waypoints
x, y
1324.83, 1184.02
1325.26, 1183.97
1325.68, 1183.92
1326.11, 1183.87
1326.54, 1183.83
1326.97, 1183.78
1327.4, 1183.73
1327.82, 1183.68
1328.25, 1183.63
1328.68, 1183.59
1329.11, 1183.54
1329.54, 1183.49
1329.96, 1183.44
1330.39, 1183.4
1330.82, 1183.35
1331.25, 1183.3
1331.67, 1183.25
1332.1, 1183.2
1332.53, 1183.16
1332.96, 1183.11
1333.39, 1183.06
1333.81, 1183.01
1334.24, 1182.97
1334.67, 1182.92
1335.1, 1182.87
1335.53, 1182.82
1335.95, 1182.78
1336.38, 1182.73
1336.81, 1182.68
1337.24, 1182.63
1337.67, 1182.58
1338.09, 1182.54
1338.52, 1182.49
1338.95, 1182.44
1339.38, 1182.39
1339.81, 1182.35
1340.35, 1182.29
1340.78, 1182.25
1341.21, 1182.21
1341.64, 1182.17
1342.07, 1182.14
1342.5, 1182.1
1342.92, 1182.06
1343.48, 1182.07
1343.91, 1182.03
1344.34, 1181.99
1344.76, 1181.95
1345.19, 1181.91
1345.62, 1181.87
1346.05, 1181.83
1346.48, 1181.79
1346.91, 1181.75
1347.34, 1181.71
1347.76, 1181.67
1348.19, 1181.63
1348.62, 1181.59
1349.05, 1181.55
1349.48, 1181.51
1349.91, 1181.47
1350.34, 1181.42
1350.77, 1181.38
1351.19, 1181.34
1351.62, 1181.3
1352.05, 1181.26
1352.48, 1181.22
1352.91, 1181.18
1353.34, 1181.13
1353.77, 1181.09
1354.19, 1181.05
1354.62, 1181.01
1355.05, 1180.97
1355.48, 1180.93
1355.91, 1180.89
1356.34, 1180.85
1356.77, 1180.8
1357.19, 1180.76
1357.62, 1180.72
1358.05, 1180.68
1358.48, 1180.64
1358.91, 1180.6
1359.34, 1180.56
1359.77, 1180.52
1360.19, 1180.48
1360.62, 1180.44
1361.05, 1180.4
1361.48, 1180.36
1361.91, 1180.32
1362.34, 1180.28
1362.77, 1180.24
1363.2, 1180.2
1363.62, 1180.16
1364.05, 1180.12

waypoints
x, y
1326.54, 1183.83
1326.97, 1183.78
1327.4, 1183.73
1327.82, 1183.68
1328.25, 1183.63
1328.68, 1183.59
1329.11, 1183.54
1329.54, 1183.49
1329.96, 1183.44
1330.39, 1183.4
1330.82, 1183.35
1331.25, 1183.3
1331.67, 1183.25
1332.1, 1183.2
1332.53, 1183.16
1332.96, 1183.11
1333.39, 1183.06
1333.81, 1183.01
1334.24, 1182.97
1334.67, 1182.92
1335.1, 1182.87
1335.53, 1182.82
1335.95, 1182.78
1336.38, 1182.73
1336.81, 1182.68
1337.24, 1182.63
1337.67, 1182.58
1338.09, 1182.54
1338.52, 1182.49
1338.95, 1182.44
1339.38, 1182.39
1339.81, 1182.35
1340.35, 1182.29
1340.78, 1182.25
1341.21, 1182.21
1341.64, 1182.17
1342.07, 1182.14
1342.5, 1182.1
1342.92, 1182.06
1343.48, 1182.07
1343.91, 1182.03
1344.34, 1181.99
1344.76, 1181.95
1345.19, 1181.91
1345.62, 1181.87
1346.05, 1181.83
1346.48, 1181.79
1346.91, 1181.75
1347.34, 1181.71
1347.76, 1181.67
1348.19, 1181.63
1348.62, 1181.59
1349.05, 1181.55
1349.48, 1181.51
1349.91, 1181.47
1350.34, 1181.42
1350.77, 1181.38
1351.19, 1181.34
1351.62, 1181.3
1352.05, 1181.26
1352.48, 1181.22
1352.91, 1181.18
1353.34, 1181.13
1353.77, 1181.09
1354.19, 1181.05
1354.62, 1181.01
1355.05, 1180.97
1355.48, 1180.93
1355.91, 1180.89
1356.34, 1180.85
1356.77, 1180.8
1357.19, 1180.76
1357.62, 1180.72
1358.05, 1180.68
1358.48, 1180.64
1358.91, 1180.6
1359.34, 1180.56
1359.77, 1180.52
1360.19, 1180.48
1360.62, 1180.44
1361.05, 1180.4
1361.48, 1180.36
1361.91, 1180.32
1362.34, 1180.28
1362.77, 1180.24
1363.2, 1180.2
1363.62, 1180.16
1364.05, 1180.12

waypoints
x, y
1328.25, 1183.63
1328.68, 1183.59
1329.11, 1183.54
1329.54, 1183.49
1329.96, 1183.44
1330.39, 1183.4
1330.82, 1183.35
1331.25, 1183.3
1331.67, 1183.25
1332.1, 1183.2
1332.53, 1183.16
1332.96, 1183.11
1333.39, 1183.06
1333.81, 1183.01
1334.24, 1182.97
1334.67, 1182.92
1335.1, 1182.87
1335.53, 1182.82
1335.95, 1182.78
1336.38, 1182.73
1336.81, 1182.68
1337.24, 1182.63
1337.67, 1182.58
1338.09, 1182.54
1338.52, 1182.49
1338.95, 1182.44
1339.38, 1182.39
1339.81, 1182.35
1340.35, 1182.29
1340.78, 1182.25
1341.21, 1182.21
1341.64, 1182.17
1342.07, 1182.14
1342.5, 1182.1
1342.92, 1182.06
1343.48, 1182.07
1343.91, 1182.03
1344.34, 1181.99
1344.76, 1181.95
1345.19, 1181.91
1345.62, 1181.87
1346.05, 1181.83
1346.48, 1181.79
1346.91, 1181.75
1347.34, 1181.71
1347.76, 1181.67
1348.19, 1181.63
1348.62, 1181.59
1349.05, 1181.55
1349.48, 1181.51
1349.91, 1181.47
1350.34, 1181.42
1350.77, 1181.38
1351.19, 1181.34
1351.62, 1181.3
1352.05, 1181.26
1352.48, 1181.22
1352.91, 1181.18
1353.34, 1181.13
1353.77, 1181.09
1354.19, 1181.05
1354.62, 1181.01
1355.05, 1180.97
1355.48, 1180.93
1355.91, 1180.89
1356.34, 1180.85
1356.77, 1180.8
1357.19, 1180.76
1357.62, 1180.72
1358.05, 1180.68
1358.48, 1180.64
1358.91, 1180.6
1359.34, 1180.56
1359.77, 1180.52
1360.19, 1180.48
1360.62, 1180.44
1361.05, 1180.4
1361.48, 1180.36
1361.91, 1180.32
1362.34, 1180.28
1362.77, 1180.24
1363.2, 1180.2
1363.62, 1180.16
1364.05, 1180.12

waypoints
x, y
1329.96, 1183.44
1330.39, 1183.4
1330.82, 1183.35
1331.25, 1183.3
1331.67, 1183.25
1332.1, 1183.2
1332.53, 1183.16
1332.96, 1183.11
1333.39, 1183.06
1333.81, 1183.01
1334.24, 1182.97
1334.67, 1182.92
1335.1, 1182.87
1335.53, 1182.82
1335.95, 1182.78
1336.38, 1182.73
1336.81, 1182.68
1337.24, 1182.63
1337.67, 1182.58
1338.09, 1182.54
1338.52, 1182.49
1338.95, 1182.44
1339.38, 1182.39
1339.81, 1182.35
1340.35, 1182.29
1340.78, 1182.25
1341.21, 1182.21
1341.64, 1182.17
1342.07, 1182.14
1342.5, 1182.1
1342.92, 1182.06
1343.48, 1182.07
1343.91, 1182.03
1344.34, 1181.99
1344.76, 1181.95
1345.19, 1181.91
1345.62, 1181.87
1346.05, 1181.83
1346.48, 1181.79
1346.91, 1181.75
1347.34, 1181.71
1347.76, 1181.67
1348.19, 1181.63
1348.62, 1181.59
1349.05, 1181.55
1349.48, 1181.51
1349.91, 1181.47
1350.34, 1181.42
1350.77, 1181.38
1351.19, 1181.34
1351.62, 1181.3
1352.05, 1181.26
1352.48, 1181.22
1352.91, 1181.18
1353.34, 1181.13
1353.77, 1181.09
1354.19, 1181.05
1354.62, 1181.01
1355.05, 1180.97
1355.48, 1180.93
1355.91, 1180.89
1356.34, 1180.85
1356.77, 1180.8
1357.19, 1180.76
1357.62, 1180.72
1358.05, 1180.68
1358.48, 1180.64
1358.91, 1180.6
1359.34, 1180.56
1359.77, 1180.52
1360.19, 1180.48
1360.62, 1180.44
1361.05, 1180.4
1361.48, 1180.36
1361.91, 1180.32
1362.34, 1180.28
1362.77, 1180.24
1363.2, 1180.2
1363.62, 1180.16
1364.05, 1180.12

waypoints
x, y
1331.67, 1183.25
1332.1, 1183.2
1332.53, 1183.16
1332.96, 1183.11
1333.39, 1183.06
1333.81, 1183.01
1334.24, 1182.97
1334.67, 1182.92
1335.1, 1182.87
1335.53, 1182.82
1335.95, 1182.78
1336.38, 1182.73
1336.81, 1182.68
1337.24, 1182.63
1337.67, 1182.58
1338.09, 1182.54
1338.52, 1182.49
1338.95, 1182.44
1339.38, 1182.39
1339.81, 1182.35
1340.35, 1182.29
1340.78, 1182.25
1341.21, 1182.21
1341.64, 1182.17
1342.07, 1182.14
1342.5, 1182.1
1342.92, 1182.06
1343.48, 1182.07
1343.91, 1182.03
1344.34, 1181.99
1344.76, 1181.95
1345.19, 1181.91
1345.62, 1181.87
1346.05, 1181.83
1346.48, 1181.79
1346.91, 1181.75
1347.34, 1181.71
1347.76, 1181.67
1348.19, 1181.63
1348.62, 1181.59
1349.05, 1181.55
1349.48, 1181.51
1349.91, 1181.47
1350.34, 1181.42
1350.77, 1181.38
1351.19, 1181.34
1351.62, 1181.3
1352.05, 1181.26
1352.48, 1181.22
1352.91, 1181.18
1353.34, 1181.13
1353.77, 1181.09
1354.19, 1181.05
1354.62, 1181.01
1355.05, 1180.97
1355.48, 1180.93
1355.91, 1180.89
1356.34, 1180.85
1356.77, 1180.8
1357.19, 1180.76
1357.62, 1180.72
1358.05, 1180.68
1358.48, 1180.64
1358.91, 1180.6
1359.34, 1180.56
1359.77, 1180.52
1360.19, 1180.48
1360.62, 1180.44
1361.05, 1180.4
1361.48, 1180.36
1361.91, 1180.32
1362.34, 1180.28
1362.77, 1180.24
1363.2, 1180.2
1363.62, 1180.16
1364.05, 1180.12

waypoints
x, y
1333.39, 1183.06
1333.81, 1183.01
1334.24, 1182.97
1334.67, 1182.92
1335.1, 1182.87
1335.53, 1182.82
1335.95, 1182.78
1336.38, 1182.73
1336.81, 1182.68
1337.24, 1182.63
1337.67, 1182.58
1338.09, 1182.54
1338.52, 1182.49
1338.95, 1182.44
1339.38, 1182.39
1339.81, 1182.35
1340.35, 1182.29
1340.78, 1182.25
1341.21, 1182.21
1341.64, 1182.17
1342.07, 1182.14
1342.5, 1182.1
1342.92, 1182.06
1343.48, 1182.07
1343.91, 1182.03
1344.34, 1181.99
1344.76, 1181.95
1345.19, 1181.91
1345.62, 1181.87
1346.05, 1181.83
1346.48, 1181.79
1346.91, 1181.75
1347.34, 1181.71
1347.76, 1181.67
1348.19, 1181.63
1348.62, 1181.59
1349.05, 1181.55
1349.48, 1181.51
1349.91, 1181.47
1350.34, 1181.42
1350.77, 1181.38
1351.19, 1181.34
1351.62, 1181.3
1352.05, 1181.26
1352.48, 1181.22
1352.91, 1181.18
1353.34, 1181.13
1353.77, 1181.09
1354.19, 1181.05
1354.62, 1181.01
1355.05, 1180.97
1355.48, 1180.93
1355.91, 1180.89
1356.34, 1180.85
1356.77, 1180.8
1357.19, 1180.76
1357.62, 1180.72
1358.05, 1180.68
1358.48, 1180.64
1358.91, 1180.6
1359.34, 1180.56
1359.77, 1180.52
1360.19, 1180.48
1360.62, 1180.44
1361.05, 1180.4
1361.48, 1180.36
1361.91, 1180.32
1362.34, 1180.28
1362.77, 1180.24
1363.2, 1180.2
1363.62, 1180.16
1364.05, 1180.12

waypoints
x, y
1335.53, 1182.82
1335.95, 1182.78
1336.38, 1182.73
1336.81, 1182.68
1337.24, 1182.63
1337.67, 1182.58
1338.09, 1182.54
1338.52, 1182.49
1338.95, 1182.44
1339.38, 1182.39
1339.81, 1182.35
1340.35, 1182.29
1340.78, 1182.25
1341.21, 1182.21
1341.64, 1182.17
1342.07, 1182.14
1342.5, 1182.1
1342.92, 1182.06
1343.48, 1182.07
1343.91, 1182.03
1344.34, 1181.99
1344.76, 1181.95
1345.19, 1181.91
1345.62, 1181.87
1346.05, 1181.83
1346.48, 1181.79
1346.91, 1181.75
1347.34, 1181.71
1347.76, 1181.67
1348.19, 1181.63
1348.62, 1181.59
1349.05, 1181.55
1349.48, 1181.51
1349.91, 1181.47
1350.34, 1181.42
1350.77, 1181.38
1351.19, 1181.34
1351.62, 1181.3
1352.05, 1181.26
1352.48, 1181.22
1352.91, 1181.18
1353.34, 1181.13
1353.77, 1181.09
1354.19, 1181.05
1354.62, 1181.01
1355.05, 1180.97
1355.48, 1180.93
1355.91, 1180.89
1356.34, 1180.85
1356.77, 1180.8
1357.19, 1180.76
1357.62, 1180.72
1358.05, 1180.68
1358.48, 1180.64
1358.91, 1180.6
1359.34, 1180.56
1359.77, 1180.52
1360.19, 1180.48
1360.62, 1180.44
1361.05, 1180.4
1361.48, 1180.36
1361.91, 1180.32
1362.34, 1180.28
1362.77, 1180.24
1363.2, 1180.2
1363.62, 1180.16
1364.05, 1180.12

waypoints
x, y
1337.24, 1182.63
1337.67, 1182.58
1338.09, 1182.54
1338.52, 1182.49
1338.95, 1182.44
1339.38, 1182.39
1339.81, 1182.35
1340.35, 1182.29
1340.78, 1182.25
1341.21, 1182.21
1341.64, 1182.17
1342.07, 1182.14
1342.5, 1182.1
1342.92, 1182.06
1343.48, 1182.07
1343.91, 1182.03
1344.34, 1181.99
1344.76, 1181.95
1345.19, 1181.91
1345.62, 1181.87
1346.05, 1181.83
1346.48, 1181.79
1346.91, 1181.75
1347.34, 1181.71
1347.76, 1181.67
1348.19, 1181.63
1348.62, 1181.59
1349.05, 1181.55
1349.48, 1181.51
1349.91, 1181.47
1350.34, 1181.42
1350.77, 1181.38
1351.19, 1181.34
1351.62, 1181.3
1352.05, 1181.26
1352.48, 1181.22
1352.91, 1181.18
1353.34, 1181.13
1353.77, 1181.09
1354.19, 1181.05
1354.62, 1181.01
1355.05, 1180.97
1355.48, 1180.93
1355.91, 1180.89
1356.34, 1180.85
1356.77, 1180.8
1357.19, 1180.76
1357.62, 1180.72
1358.05, 1180.68
1358.48, 1180.64
1358.91, 1180.6
1359.34, 1180.56
1359.77, 1180.52
1360.19, 1180.48
1360.62, 1180.44
1361.05, 1180.4
1361.48, 1180.36
1361.91, 1180.32
1362.34, 1180.28
1362.77, 1180.24
1363.2, 1180.2
1363.62, 1180.16
1364.05, 1180.12

waypoints
x, y
1338.95, 1182.44
1339.38, 1182.39
1339.81, 1182.35
1340.35, 1182.29
1340.78, 1182.25
1341.21, 1182.21
1341.64, 1182.17
1342.07, 1182.14
1342.5, 1182.1
1342.92, 1182.06
1343.48, 1182.07
1343.91, 1182.03
1344.34, 1181.99
1344.76, 1181.95
1345.19, 1181.91
1345.62, 1181.87
1346.05, 1181.83
1346.48, 1181.79
1346.91, 1181.75
1347.34, 1181.71
1347.76, 1181.67
1348.19, 1181.63
1348.62, 1181.59
1349.05, 1181.55
1349.48, 1181.51
1349.91, 1181.47
1350.34, 1181.42
1350.77, 1181.38
1351.19, 1181.34
1351.62, 1181.3
1352.05, 1181.26
1352.48, 1181.22
1352.91, 1181.18
1353.34, 1181.13
1353.77, 1181.09
1354.19, 1181.05
1354.62, 1181.01
1355.05, 1180.97
1355.48, 1180.93
1355.91, 1180.89
1356.34, 1180.85
1356.77, 1180.8
1357.19, 1180.76
1357.62, 1180.72
1358.05, 1180.68
1358.48, 1180.64
1358.91, 1180.6
1359.34, 1180.56
1359.77, 1180.52
1360.19, 1180.48
1360.62, 1180.44
1361.05, 1180.4
1361.48, 1180.36
1361.91, 1180.32
1362.34, 1180.28
1362.77, 1180.24
1363.2, 1180.2
1363.62, 1180.16
1364.05, 1180.12

waypoints
x, y
1340.35, 1182.29
1340.78, 1182.25
1341.21, 1182.21
1341.64, 1182.17
1342.07, 1182.14
1342.5, 1182.1
1342.92, 1182.06
1343.48, 1182.07
1343.91, 1182.03
1344.34, 1181.99
1344.76, 1181.95
1345.19, 1181.91
1345.62, 1181.87
1346.05, 1181.83
1346.48, 1181.79
1346.91, 1181.75
1347.34, 1181.71
1347.76, 1181.67
1348.19, 1181.63
1348.62, 1181.59
1349.05, 1181.55
1349.48, 1181.51
1349.91, 1181.47
1350.34, 1181.42
1350.77, 1181.38
1351.19, 1181.34
1351.62, 1181.3
1352.05, 1181.26
1352.48, 1181.22
1352.91, 1181.18
1353.34, 1181.13
1353.77, 1181.09
1354.19, 1181.05
1354.62, 1181.01
1355.05, 1180.97
1355.48, 1180.93
1355.91, 1180.89
1356.34, 1180.85
1356.77, 1180.8
1357.19, 1180.76
1357.62, 1180.72
1358.05, 1180.68
1358.48, 1180.64
1358.91, 1180.6
1359.34, 1180.56
1359.77, 1180.52
1360.19, 1180.48
1360.62, 1180.44
1361.05, 1180.4
1361.48, 1180.36
1361.91, 1180.32
1362.34, 1180.28
1362.77, 1180.24
1363.2, 1180.2
1363.62, 1180.16
1364.05, 1180.12

waypoints
x, y
1342.07, 1182.14
1342.5, 1182.1
1342.92, 1182.06
1343.48, 1182.07
1343.91, 1182.03
1344.34, 1181.99
1344.76, 1181.95
1345.19, 1181.91
1345.62, 1181.87
1346.05, 1181.83
1346.48, 1181.79
1346.91, 1181.75
1347.34, 1181.71
1347.76, 1181.67
1348.19, 1181.63
1348.62, 1181.59
1349.05, 1181.55
1349.48, 1181.51
1349.91, 1181.47
1350.34, 1181.42
1350.77, 1181.38
1351.19, 1181.34
1351.62, 1181.3
1352.05, 1181.26
1352.48, 1181.22
1352.91, 1181.18
1353.34, 1181.13
1353.77, 1181.09
1354.19, 1181.05
1354.62, 1181.01
1355.05, 1180.97
1355.48, 1180.93
1355.91, 1180.89
1356.34, 1180.85
1356.77, 1180.8
1357.19, 1180.76
1357.62, 1180.72
1358.05, 1180.68
1358.48, 1180.64
1358.91, 1180.6
1359.34, 1180.56
1359.77, 1180.52
1360.19, 1180.48
1360.62, 1180.44
1361.05, 1180.4
1361.48, 1180.36
1361.91, 1180.32
1362.34, 1180.28
1362.77, 1180.24
1363.2, 1180.2
1363.62, 1180.16
1364.05, 1180.12

waypoints
x, y
1343.91, 1182.03
1344.34, 1181.99
1344.76, 1181.95
1345.19, 1181.91
1345.62, 1181.87
1346.05, 1181.83
1346.48, 1181.79
1346.91, 1181.75
1347.34, 1181.71
1347.76, 1181.67
1348.19, 1181.63
1348.62, 1181.59
1349.05, 1181.55
1349.48, 1181.51
1349.91, 1181.47
1350.34, 1181.42
1350.77, 1181.38
1351.19, 1181.34
1351.62, 1181.3
1352.05, 1181.26
1352.48, 1181.22
1352.91, 1181.18
1353.34, 1181.13
1353.77, 1181.09
1354.19, 1181.05
1354.62, 1181.01
1355.05, 1180.97
1355.48, 1180.93
1355.91, 1180.89
1356.34, 1180.85
1356.77, 1180.8
1357.19, 1180.76
1357.62, 1180.72
1358.05, 1180.68
1358.48, 1180.64
1358.91, 1180.6
1359.34, 1180.56
1359.77, 1180.52
1360.19, 1180.48
1360.62, 1180.44
1361.05, 1180.4
1361.48, 1180.36
1361.91, 1180.32
1362.34, 1180.28
1362.77, 1180.24
1363.2, 1180.2
1363.62, 1180.16
1364.05, 1180.12
1364.6, 1180.07
1365.15, 1180.02
1365.7, 1179.97
1366.24, 1179.92
1366.77, 1179.87
1367.3, 1179.82
1367.82, 1179.77
1368.33, 1179.73
1368.8, 1179.68
1369.3, 1179.64
1369.78, 1179.59
1370.26, 1179.54
1370.73, 1179.5
1371.18, 1179.45
1371.63, 1179.41
1372.07, 1179.37
1372.5, 1179.32
1372.92, 1179.28
1373.34, 1179.24
1373.74, 1179.2
1374.14, 1179.16
1374.53, 1179.13
1374.92, 1179.09
1375.3, 1179.05
1375.68, 1179.01
1376.05, 1178.98
1376.43, 1178.94
1376.79, 1178.91
1377.16, 1178.87
1377.53, 1178.83
1377.9, 1178.8
1378.26, 1178.76
1378.63, 1178.73
1379, 1178.69
1379.38, 1178.65
1379.75, 1178.62
1380.13, 1178.58
1380.52, 1178.54
1380.9, 1178.51
1381.3, 1178.47
1381.69, 1178.43
1382.09, 1178.39
1382.5, 1178.35
1382.91, 1178.31
1383.33, 1178.27
1383.75, 1178.23
1384.17, 1178.19
1384.59, 1178.15
1385.02, 1178.11

waypoints
x, y
1345.62, 1181.87
1346.05, 1181.83
1346.48, 1181.79
1346.91, 1181.75
1347.34, 1181.71
1347.76, 1181.67
1348.19, 1181.63
1348.62, 1181.59
1349.05, 1181.55
1349.48, 1181.51
1349.91, 1181.47
1350.34, 1181.42
1350.77, 1181.38
1351.19, 1181.34
1351.62, 1181.3
1352.05, 1181.26
1352.48, 1181.22
1352.91, 1181.18
1353.34, 1181.13
1353.77, 1181.09
1354.19, 1181.05
1354.62, 1181.01
1355.05, 1180.97
1355.48, 1180.93
1355.91, 1180.89
1356.34, 1180.85
1356.77, 1180.8
1357.19, 1180.76
1357.62, 1180.72
1358.05, 1180.68
1358.48, 1180.64
1358.91, 1180.6
1359.34, 1180.56
1359.77, 1180.52
1360.19, 1180.48
1360.62, 1180.44
1361.05, 1180.4
1361.48, 1180.36
1361.91, 1180.32
1362.34, 1180.28
1362.77, 1180.24
1363.2, 1180.2
1363.62, 1180.16
1364.05, 1180.12
1364.6, 1180.07
1365.15, 1180.02
1365.69, 1179.97
1366.24, 1179.92
1366.77, 1179.87
1367.3, 1179.82
1367.82, 1179.78
1368.33, 1179.73
1368.8, 1179.68
1369.3, 1179.63
1369.78, 1179.59
1370.26, 1179.54
1370.73, 1179.5
1371.18, 1179.45
1371.63, 1179.41
1372.07, 1179.37
1372.5, 1179.32
1372.92, 1179.28
1373.34, 1179.24
1373.74, 1179.2
1374.14, 1179.16
1374.53, 1179.13
1374.92, 1179.09
1375.3, 1179.05
1375.68, 1179.01
1376.05, 1178.98
1376.42, 1178.94
1376.79, 1178.91
1377.16, 1178.87
1377.53, 1178.83
1377.89, 1178.8
1378.26, 1178.76
1378.63, 1178.73
1379, 1178.69
1379.38, 1178.65
1379.75, 1178.62
1380.13, 1178.58
1380.52, 1178.54
1380.9, 1178.51
1381.3, 1178.47
1381.69, 1178.43
1382.09, 1178.39
1382.5, 1178.35
1382.91, 1178.31
1383.33, 1178.27
1383.75, 1178.23
1384.17, 1178.19
1384.59, 1178.15
1385.02, 1178.11

waypoints
x, y
1347.34, 1181.71
1347.76, 1181.67
1348.19, 1181.63
1348.62, 1181.59
1349.05, 1181.55
1349.48, 1181.51
1349.91, 1181.47
1350.34, 1181.42
1350.77, 1181.38
1351.19, 1181.34
1351.62, 1181.3
1352.05, 1181.26
1352.48, 1181.22
1352.91, 1181.18
1353.34, 1181.13
1353.77, 1181.09
1354.19, 1181.05
1354.62, 1181.01
1355.05, 1180.97
1355.48, 1180.93
1355.91, 1180.89
1356.34, 1180.85
1356.77, 1180.8
1357.19, 1180.76
1357.62, 1180.72
1358.05, 1180.68
1358.48, 1180.64
1358.91, 1180.6
1359.34, 1180.56
1359.77, 1180.52
1360.19, 1180.48
1360.62, 1180.44
1361.05, 1180.4
1361.48, 1180.36
1361.91, 1180.32
1362.34, 1180.28
1362.77, 1180.24
1363.2, 1180.2
1363.62, 1180.16
1364.05, 1180.12
1364.6, 1180.07
1365.15, 1180.02
1365.69, 1179.97
1366.24, 1179.92
1366.77, 1179.87
1367.3, 1179.82
1367.82, 1179.78
1368.33, 1179.73
1368.8, 1179.68
1369.3, 1179.63
1369.78, 1179.59
1370.26, 1179.54
1370.73, 1179.5
1371.18, 1179.45
1371.63, 1179.41
1372.07, 1179.37
1372.5, 1179.32
1372.92, 1179.28
1373.34, 1179.24
1373.74, 1179.2
1374.14, 1179.16
1374.53, 1179.13
1374.92, 1179.09
1375.3, 1179.05
1375.68, 1179.01
1376.05, 1178.98
1376.42, 1178.94
1376.79, 1178.91
1377.16, 1178.87
1377.53, 1178.83
1377.89, 1178.8
1378.26, 1178.76
1378.63, 1178.73
1379, 1178.69
1379.38, 1178.65
1379.75, 1178.62
1380.13, 1178.58
1380.52, 1178.54
1380.9, 1178.51
1381.3, 1178.47
1381.69, 1178.43
1382.09, 1178.39
1382.5, 1178.35
1382.91, 1178.31
1383.33, 1178.27
1383.75, 1178.23
1384.17, 1178.19
1384.59, 1178.15
1385.02, 1178.11

waypoints
x, y
1348.62, 1181.59
1349.05, 1181.55
1349.48, 1181.51
1349.91, 1181.47
1350.34, 1181.42
1350.77, 1181.38
1351.19, 1181.34
1351.62, 1181.3
1352.05, 1181.26
1352.48, 1181.22
1352.91, 1181.18
1353.34, 1181.13
1353.77, 1181.09
1354.19, 1181.05
1354.62, 1181.01
1355.05, 1180.97
1355.48, 1180.93
1355.91, 1180.89
1356.34, 1180.85
1356.77, 1180.8
1357.19, 1180.76
1357.62, 1180.72
1358.05, 1180.68
1358.48, 1180.64
1358.91, 1180.6
1359.34, 1180.56
1359.77, 1180.52
1360.19, 1180.48
1360.62, 1180.44
1361.05, 1180.4
1361.48, 1180.36
1361.91, 1180.32
1362.34, 1180.28
1362.77, 1180.24
1363.2, 1180.2
1363.62, 1180.16
1364.05, 1180.12
1364.6, 1180.07
1365.15, 1180.02
1365.69, 1179.97
1366.24, 1179.92
1366.77, 1179.87
1367.3, 1179.82
1367.82, 1179.78
1368.33, 1179.73
1368.8, 1179.68
1369.3, 1179.63
1369.78, 1179.59
1370.26, 1179.54
1370.73, 1179.5
1371.18, 1179.45
1371.63, 1179.41
1372.07, 1179.37
1372.5, 1179.32
1372.92, 1179.28
1373.34, 1179.24
1373.74, 1179.2
1374.14, 1179.16
1374.53, 1179.13
1374.92, 1179.09
1375.3, 1179.05
1375.68, 1179.01
1376.05, 1178.98
1376.42, 1178.94
1376.79, 1178.91
1377.16, 1178.87
1377.53, 1178.83
1377.89, 1178.8
1378.26, 1178.76
1378.63, 1178.73
1379, 1178.69
1379.38, 1178.65
1379.75, 1178.62
1380.13, 1178.58
1380.52, 1178.54
1380.9, 1178.51
1381.3, 1178.47
1381.69, 1178.43
1382.09, 1178.39
1382.5, 1178.35
1382.91, 1178.31
1383.33, 1178.27
1383.75, 1178.23
1384.17, 1178.19
1384.59, 1178.15
1385.02, 1178.11

waypoints
x, y
1350.34, 1181.42
1350.77, 1181.38
1351.19, 1181.34
1351.62, 1181.3
1352.05, 1181.26
1352.48, 1181.22
1352.91, 1181.18
1353.34, 1181.13
1353.77, 1181.09
1354.19, 1181.05
1354.62, 1181.01
1355.05, 1180.97
1355.48, 1180.93
1355.91, 1180.89
1356.34, 1180.85
1356.77, 1180.8
1357.19, 1180.76
1357.62, 1180.72
1358.05, 1180.68
1358.48, 1180.64
1358.91, 1180.6
1359.34, 1180.56
1359.77, 1180.52
1360.19, 1180.48
1360.62, 1180.44
1361.05, 1180.4
1361.48, 1180.36
1361.91, 1180.32
1362.34, 1180.28
1362.77, 1180.24
1363.2, 1180.2
1363.62, 1180.16
1364.05, 1180.12
1364.6, 1180.07
1365.15, 1180.02
1365.69, 1179.97
1366.24, 1179.92
1366.77, 1179.87
1367.3, 1179.82
1367.82, 1179.78
1368.33, 1179.73
1368.8, 1179.68
1369.3, 1179.63
1369.78, 1179.59
1370.26, 1179.54
1370.73, 1179.5
1371.18, 1179.45
1371.63, 1179.41
1372.07, 1179.37
1372.5, 1179.32
1372.92, 1179.28
1373.34, 1179.24
1373.74, 1179.2
1374.14, 1179.16
1374.53, 1179.13
1374.92, 1179.09
1375.3, 1179.05
1375.68, 1179.01
1376.05, 1178.98
1376.42, 1178.94
1376.79, 1178.91
1377.16, 1178.87
1377.53, 1178.83
1377.89, 1178.8
1378.26, 1178.76
1378.63, 1178.73
1379, 1178.69
1379.38, 1178.65
1379.75, 1178.62
1380.13, 1178.58
1380.52, 1178.54
1380.9, 1178.51
1381.3, 1178.47
1381.69, 1178.43
1382.09, 1178.39
1382.5, 1178.35
1382.91, 1178.31
1383.33, 1178.27
1383.75, 1178.23
1384.17, 1178.19
1384.59, 1178.15
1385.02, 1178.11

waypoints
x, y
1352.05, 1181.26
1352.48, 1181.22
1352.91, 1181.18
1353.34, 1181.13
1353.77, 1181.09
1354.19, 1181.05
1354.62, 1181.01
1355.05, 1180.97
1355.48, 1180.93
1355.91, 1180.89
1356.34, 1180.85
1356.77, 1180.8
1357.19, 1180.76
1357.62, 1180.72
1358.05, 1180.68
1358.48, 1180.64
1358.91, 1180.6
1359.34, 1180.56
1359.77, 1180.52
1360.19, 1180.48
1360.62, 1180.44
1361.05, 1180.4
1361.48, 1180.36
1361.91, 1180.32
1362.34, 1180.28
1362.77, 1180.24
1363.2, 1180.2
1363.62, 1180.16
1364.05, 1180.12
1364.6, 1180.07
1365.15, 1180.02
1365.69, 1179.97
1366.24, 1179.92
1366.77, 1179.87
1367.3, 1179.82
1367.82, 1179.78
1368.33, 1179.73
1368.8, 1179.68
1369.3, 1179.63
1369.78, 1179.59
1370.26, 1179.54
1370.73, 1179.5
1371.18, 1179.45
1371.63, 1179.41
1372.07, 1179.37
1372.5, 1179.32
1372.92, 1179.28
1373.34, 1179.24
1373.74, 1179.2
1374.14, 1179.16
1374.53, 1179.13
1374.92, 1179.09
1375.3, 1179.05
1375.68, 1179.01
1376.05, 1178.98
1376.42, 1178.94
1376.79, 1178.91
1377.16, 1178.87
1377.53, 1178.83
1377.89, 1178.8
1378.26, 1178.76
1378.63, 1178.73
1379, 1178.69
1379.38, 1178.65
1379.75, 1178.62
1380.13, 1178.58
1380.52, 1178.54
1380.9, 1178.51
1381.3, 1178.47
1381.69, 1178.43
1382.09, 1178.39
1382.5, 1178.35
1382.91, 1178.31
1383.33, 1178.27
1383.75, 1178.23
1384.17, 1178.19
1384.59, 1178.15
1385.02, 1178.11

waypoints
x, y
1353.34, 1181.13
1353.77, 1181.09
1354.19, 1181.05
1354.62, 1181.01
1355.05, 1180.97
1355.48, 1180.93
1355.91, 1180.89
1356.34, 1180.85
1356.77, 1180.8
1357.19, 1180.76
1357.62, 1180.72
1358.05, 1180.68
1358.48, 1180.64
1358.91, 1180.6
1359.34, 1180.56
1359.77, 1180.52
1360.19, 1180.48
1360.62, 1180.44
1361.05, 1180.4
1361.48, 1180.36
1361.91, 1180.32
1362.34, 1180.28
1362.77, 1180.24
1363.2, 1180.2
1363.62, 1180.16
1364.05, 1180.12
1364.6, 1180.07
1365.15, 1180.02
1365.69, 1179.97
1366.24, 1179.92
1366.77, 1179.87
1367.3, 1179.82
1367.82, 1179.78
1368.33, 1179.73
1368.8, 1179.68
1369.3, 1179.63
1369.78, 1179.59
1370.26, 1179.54
1370.73, 1179.5
1371.18, 1179.45
1371.63, 1179.41
1372.07, 1179.37
1372.5, 1179.32
1372.92, 1179.28
1373.34, 1179.24
1373.74, 1179.2
1374.14, 1179.16
1374.53, 1179.13
1374.92, 1179.09
1375.3, 1179.05
1375.68, 1179.01
1376.05, 1178.98
1376.42, 1178.94
1376.79, 1178.91
1377.16, 1178.87
1377.53, 1178.83
1377.89, 1178.8
1378.26, 1178.76
1378.63, 1178.73
1379, 1178.69
1379.38, 1178.65
1379.75, 1178.62
1380.13, 1178.58
1380.52, 1178.54
1380.9, 1178.51
1381.3, 1178.47
1381.69, 1178.43
1382.09, 1178.39
1382.5, 1178.35
1382.91, 1178.31
1383.33, 1178.27
1383.75, 1178.23
1384.17, 1178.19
1384.59, 1178.15
1385.02, 1178.11

waypoints
x, y
1355.05, 1180.97
1355.48, 1180.93
1355.91, 1180.89
1356.34, 1180.85
1356.77, 1180.8
1357.19, 1180.76
1357.62, 1180.72
1358.05, 1180.68
1358.48, 1180.64
1358.91, 1180.6
1359.34, 1180.56
1359.77, 1180.52
1360.19, 1180.48
1360.62, 1180.44
1361.05, 1180.4
1361.48, 1180.36
1361.91, 1180.32
1362.34, 1180.28
1362.77, 1180.24
1363.2, 1180.2
1363.62, 1180.16
1364.05, 1180.12
1364.6, 1180.07
1365.15, 1180.02
1365.69, 1179.97
1366.24, 1179.92
1366.77, 1179.87
1367.3, 1179.82
1367.82, 1179.78
1368.33, 1179.73
1368.8, 1179.68
1369.3, 1179.63
1369.78, 1179.59
1370.26, 1179.54
1370.73, 1179.5
1371.18, 1179.45
1371.63, 1179.41
1372.07, 1179.37
1372.5, 1179.32
1372.92, 1179.28
1373.34, 1179.24
1373.74, 1179.2
1374.14, 1179.16
1374.53, 1179.13
1374.92, 1179.09
1375.3, 1179.05
1375.68, 1179.01
1376.05, 1178.98
1376.42, 1178.94
1376.79, 1178.91
1377.16, 1178.87
1377.53, 1178.83
1377.89, 1178.8
1378.26, 1178.76
1378.63, 1178.73
1379, 1178.69
1379.38, 1178.65
1379.75, 1178.62
1380.13, 1178.58
1380.52, 1178.54
1380.9, 1178.51
1381.3, 1178.47
1381.69, 1178.43
1382.09, 1178.39
1382.5, 1178.35
1382.91, 1178.31
1383.33, 1178.27
1383.75, 1178.23
1384.17, 1178.19
1384.59, 1178.15
1385.02, 1178.11

waypoints
x, y
1356.77, 1180.8
1357.19, 1180.76
1357.62, 1180.72
1358.05, 1180.68
1358.48, 1180.64
1358.91, 1180.6
1359.34, 1180.56
1359.77, 1180.52
1360.19, 1180.48
1360.62, 1180.44
1361.05, 1180.4
1361.48, 1180.36
1361.91, 1180.32
1362.34, 1180.28
1362.77, 1180.24
1363.2, 1180.2
1363.62, 1180.16
1364.05, 1180.12
1364.6, 1180.07
1365.15, 1180.02
1365.69, 1179.97
1366.24, 1179.92
1366.77, 1179.87
1367.3, 1179.82
1367.82, 1179.78
1368.33, 1179.73
1368.8, 1179.68
1369.3, 1179.63
1369.78, 1179.59
1370.26, 1179.54
1370.73, 1179.5
1371.18, 1179.45
1371.63, 1179.41
1372.07, 1179.37
1372.5, 1179.32
1372.92, 1179.28
1373.34, 1179.24
1373.74, 1179.2
1374.14, 1179.16
1374.53, 1179.13
1374.92, 1179.09
1375.3, 1179.05
1375.68, 1179.01
1376.05, 1178.98
1376.42, 1178.94
1376.79, 1178.91
1377.16, 1178.87
1377.53, 1178.83
1377.89, 1178.8
1378.26, 1178.76
1378.63, 1178.73
1379, 1178.69
1379.38, 1178.65
1379.75, 1178.62
1380.13, 1178.58
1380.52, 1178.54
1380.9, 1178.51
1381.3, 1178.47
1381.69, 1178.43
1382.09, 1178.39
1382.5, 1178.35
1382.91, 1178.31
1383.33, 1178.27
1383.75, 1178.23
1384.17, 1178.19
1384.59, 1178.15
1385.02, 1178.11

waypoints
x, y
1358.05, 1180.68
1358.48, 1180.64
1358.91, 1180.6
1359.34, 1180.56
1359.77, 1180.52
1360.19, 1180.48
1360.62, 1180.44
1361.05, 1180.4
1361.48, 1180.36
1361.91, 1180.32
1362.34, 1180.28
1362.77, 1180.24
1363.2, 1180.2
1363.62, 1180.16
1364.05, 1180.12
1364.6, 1180.07
1365.15, 1180.02
1365.69, 1179.97
1366.24, 1179.92
1366.77, 1179.87
1367.3, 1179.82
1367.82, 1179.78
1368.33, 1179.73
1368.8, 1179.68
1369.3, 1179.63
1369.78, 1179.59
1370.26, 1179.54
1370.73, 1179.5
1371.18, 1179.45
1371.63, 1179.41
1372.07, 1179.37
1372.5, 1179.32
1372.92, 1179.28
1373.34, 1179.24
1373.74, 1179.2
1374.14, 1179.16
1374.53, 1179.13
1374.92, 1179.09
1375.3, 1179.05
1375.68, 1179.01
1376.05, 1178.98
1376.42, 1178.94
1376.79, 1178.91
1377.16, 1178.87
1377.53, 1178.83
1377.89, 1178.8
1378.26, 1178.76
1378.63, 1178.73
1379, 1178.69
1379.38, 1178.65
1379.75, 1178.62
1380.13, 1178.58
1380.52, 1178.54
1380.9, 1178.51
1381.3, 1178.47
1381.69, 1178.43
1382.09, 1178.39
1382.5, 1178.35
1382.91, 1178.31
1383.33, 1178.27
1383.75, 1178.23
1384.17, 1178.19
1384.59, 1178.15
1385.02, 1178.11

waypoints
x, y
1359.77, 1180.52
1360.19, 1180.48
1360.62, 1180.44
1361.05, 1180.4
1361.48, 1180.36
1361.91, 1180.32
1362.34, 1180.28
1362.77, 1180.24
1363.2, 1180.2
1363.62, 1180.16
1364.05, 1180.12
1364.6, 1180.07
1365.15, 1180.02
1365.69, 1179.97
1366.24, 1179.92
1366.77, 1179.87
1367.3, 1179.82
1367.82, 1179.78
1368.33, 1179.73
1368.8, 1179.68
1369.3, 1179.63
1369.78, 1179.59
1370.26, 1179.54
1370.73, 1179.5
1371.18, 1179.45
1371.63, 1179.41
1372.07, 1179.37
1372.5, 1179.32
1372.92, 1179.28
1373.34, 1179.24
1373.74, 1179.2
1374.14, 1179.16
1374.53, 1179.13
1374.92, 1179.09
1375.3, 1179.05
1375.68, 1179.01
1376.05, 1178.98
1376.42, 1178.94
1376.79, 1178.91
1377.16, 1178.87
1377.53, 1178.83
1377.89, 1178.8
1378.26, 1178.76
1378.63, 1178.73
1379, 1178.69
1379.38, 1178.65
1379.75, 1178.62
1380.13, 1178.58
1380.52, 1178.54
1380.9, 1178.51
1381.3, 1178.47
1381.69, 1178.43
1382.09, 1178.39
1382.5, 1178.35
1382.91, 1178.31
1383.33, 1178.27
1383.75, 1178.23
1384.17, 1178.19
1384.59, 1178.15
1385.02, 1178.11

waypoints
x, y
1361.48, 1180.36
1361.91, 1180.32
1362.34, 1180.28
1362.77, 1180.24
1363.2, 1180.2
1363.62, 1180.16
1364.05, 1180.12
1364.6, 1180.07
1365.15, 1180.02
1365.69, 1179.97
1366.24, 1179.92
1366.77, 1179.87
1367.3, 1179.82
1367.82, 1179.78
1368.33, 1179.73
1368.8, 1179.68
1369.3, 1179.63
1369.78, 1179.59
1370.26, 1179.54
1370.73, 1179.5
1371.18, 1179.45
1371.63, 1179.41
1372.07, 1179.37
1372.5, 1179.32
1372.92, 1179.28
1373.34, 1179.24
1373.74, 1179.2
1374.14, 1179.16
1374.53, 1179.13
1374.92, 1179.09
1375.3, 1179.05
1375.68, 1179.01
1376.05, 1178.98
1376.42, 1178.94
1376.79, 1178.91
1377.16, 1178.87
1377.53, 1178.83
1377.89, 1178.8
1378.26, 1178.76
1378.63, 1178.73
1379, 1178.69
1379.38, 1178.65
1379.75, 1178.62
1380.13, 1178.58
1380.52, 1178.54
1380.9, 1178.51
1381.3, 1178.47
1381.69, 1178.43
1382.09, 1178.39
1382.5, 1178.35
1382.91, 1178.31
1383.33, 1178.27
1383.75, 1178.23
1384.17, 1178.19
1384.59, 1178.15
1385.02, 1178.11

waypoints
x, y
1363.2, 1180.2
1363.62, 1180.16
1364.05, 1180.12
1364.6, 1180.07
1365.15, 1180.02
1365.69, 1179.97
1366.24, 1179.92
1366.77, 1179.87
1367.3, 1179.82
1367.82, 1179.78
1368.33, 1179.73
1368.8, 1179.68
1369.3, 1179.63
1369.78, 1179.59
1370.26, 1179.54
1370.73, 1179.5
1371.18, 1179.45
1371.63, 1179.41
1372.07, 1179.37
1372.5, 1179.32
1372.92, 1179.28
1373.34, 1179.24
1373.74, 1179.2
1374.14, 1179.16
1374.53, 1179.13
1374.92, 1179.09
1375.3, 1179.05
1375.68, 1179.01
1376.05, 1178.98
1376.42, 1178.94
1376.79, 1178.91
1377.16, 1178.87
1377.53, 1178.83
1377.89, 1178.8
1378.26, 1178.76
1378.63, 1178.73
1379, 1178.69
1379.38, 1178.65
1379.75, 1178.62
1380.13, 1178.58
1380.52, 1178.54
1380.9, 1178.51
1381.3, 1178.47
1381.69, 1178.43
1382.09, 1178.39
1382.5, 1178.35
1382.91, 1178.31
1383.33, 1178.27
1383.75, 1178.23
1384.17, 1178.19
1384.59, 1178.15
1385.02, 1178.11

waypoints
x, y
1365.15, 1180.02
1365.69, 1179.97
1366.24, 1179.92
1366.77, 1179.87
1367.3, 1179.82
1367.82, 1179.78
1368.33, 1179.73
1368.8, 1179.68
1369.3, 1179.63
1369.78, 1179.59
1370.26, 1179.54
1370.73, 1179.5
1371.18, 1179.45
1371.63, 1179.41
1372.07, 1179.37
1372.5, 1179.32
1372.92, 1179.28
1373.34, 1179.24
1373.74, 1179.2
1374.14, 1179.16
1374.53, 1179.13
1374.92, 1179.09
1375.3, 1179.05
1375.68, 1179.01
1376.05, 1178.98
1376.42, 1178.94
1376.79, 1178.91
1377.16, 1178.87
1377.53, 1178.83
1377.89, 1178.8
1378.26, 1178.76
1378.63, 1178.73
1379, 1178.69
1379.38, 1178.65
1379.75, 1178.62
1380.13, 1178.58
1380.52, 1178.54
1380.9, 1178.51
1381.3, 1178.47
1381.69, 1178.43
1382.09, 1178.39
1382.5, 1178.35
1382.91, 1178.31
1383.33, 1178.27
1383.75, 1178.23
1384.17, 1178.19
1384.59, 1178.15
1385.02, 1178.11
1385.57, 1178.05
1386.12, 1178
1386.66, 1177.95
1387.2, 1177.89
1387.74, 1177.84
1388.27, 1177.79
1388.79, 1177.74
1389.3, 1177.69
1389.8, 1177.64
1390.3, 1177.59
1390.78, 1177.54
1391.26, 1177.5
1391.73, 1177.45
1392.19, 1177.41
1392.63, 1177.36
1393.07, 1177.32
1393.5, 1177.28
1393.92, 1177.24
1394.34, 1177.2
1394.74, 1177.16
1395.14, 1177.12
1395.53, 1177.08
1395.92, 1177.04
1396.3, 1177.01
1396.68, 1176.97
1397.05, 1176.93
1397.43, 1176.9
1397.59, 1176.88
1397.96, 1176.83
1398.33, 1176.79
1398.69, 1176.74
1399.06, 1176.69
1399.42, 1176.64
1399.79, 1176.59
1400.17, 1176.54
1400.54, 1176.5
1400.92, 1176.45
1401.3, 1176.4
1401.69, 1176.35
1402.08, 1176.29
1402.47, 1176.24
1402.87, 1176.19
1403.28, 1176.14
1403.69, 1176.08
1404.1, 1176.03
1404.52, 1175.97
1404.94, 1175.92
1405.36, 1175.86
1405.79, 1175.81

waypoints
x, y
1366.77, 1179.87
1367.3, 1179.82
1367.82, 1179.78
1368.33, 1179.73
1368.8, 1179.68
1369.3, 1179.63
1369.78, 1179.59
1370.26, 1179.54
1370.73, 1179.5
1371.18, 1179.45
1371.63, 1179.41
1372.07, 1179.37
1372.5, 1179.32
1372.92, 1179.28
1373.34, 1179.24
1373.74, 1179.2
1374.14, 1179.16
1374.53, 1179.13
1374.92, 1179.09
1375.3, 1179.05
1375.68, 1179.01
1376.05, 1178.98
1376.42, 1178.94
1376.79, 1178.91
1377.16, 1178.87
1377.53, 1178.83
1377.89, 1178.8
1378.26, 1178.76
1378.63, 1178.73
1379, 1178.69
1379.38, 1178.65
1379.75, 1178.62
1380.13, 1178.58
1380.52, 1178.54
1380.9, 1178.51
1381.3, 1178.47
1381.69, 1178.43
1382.09, 1178.39
1382.5, 1178.35
1382.91, 1178.31
1383.33, 1178.27
1383.75, 1178.23
1384.17, 1178.19
1384.59, 1178.15
1385.02, 1178.11
1385.57, 1178.05
1386.12, 1178
1386.66, 1177.94
1387.2, 1177.89
1387.74, 1177.84
1388.27, 1177.79
1388.79, 1177.74
1389.3, 1177.69
1389.8, 1177.64
1390.3, 1177.59
1390.79, 1177.54
1391.26, 1177.5
1391.73, 1177.45
1392.18, 1177.41
1392.63, 1177.36
1393.07, 1177.32
1393.5, 1177.28
1393.92, 1177.24
1394.34, 1177.2
1394.74, 1177.16
1395.14, 1177.12
1395.54, 1177.08
1395.92, 1177.04
1396.3, 1177.01
1396.68, 1176.97
1397.06, 1176.93
1397.43, 1176.9
1397.6, 1176.88
1397.96, 1176.83
1398.33, 1176.79
1398.69, 1176.74
1399.06, 1176.69
1399.42, 1176.64
1399.79, 1176.59
1400.16, 1176.55
1400.54, 1176.5
1400.92, 1176.45
1401.3, 1176.4
1401.69, 1176.35
1402.08, 1176.29
1402.47, 1176.24
1402.87, 1176.19
1403.28, 1176.14
1403.69, 1176.08
1404.1, 1176.03
1404.52, 1175.97
1404.94, 1175.92
1405.36, 1175.86
1405.79, 1175.81

waypoints
x, y
1369.3, 1179.63
1369.78, 1179.59
1370.26, 1179.54
1370.73, 1179.5
1371.18, 1179.45
1371.63, 1179.41
1372.07, 1179.37
1372.5, 1179.32
1372.92, 1179.28
1373.34, 1179.24
1373.74, 1179.2
1374.14, 1179.16
1374.53, 1179.13
1374.92, 1179.09
1375.3, 1179.05
1375.68, 1179.01
1376.05, 1178.98
1376.42, 1178.94
1376.79, 1178.91
1377.16, 1178.87
1377.53, 1178.83
1377.89, 1178.8
1378.26, 1178.76
1378.63, 1178.73
1379, 1178.69
1379.38, 1178.65
1379.75, 1178.62
1380.13, 1178.58
1380.52, 1178.54
1380.9, 1178.51
1381.3, 1178.47
1381.69, 1178.43
1382.09, 1178.39
1382.5, 1178.35
1382.91, 1178.31
1383.33, 1178.27
1383.75, 1178.23
1384.17, 1178.19
1384.59, 1178.15
1385.02, 1178.11
1385.57, 1178.05
1386.12, 1178
1386.66, 1177.94
1387.2, 1177.89
1387.74, 1177.84
1388.27, 1177.79
1388.79, 1177.74
1389.3, 1177.69
1389.8, 1177.64
1390.3, 1177.59
1390.79, 1177.54
1391.26, 1177.5
1391.73, 1177.45
1392.18, 1177.41
1392.63, 1177.36
1393.07, 1177.32
1393.5, 1177.28
1393.92, 1177.24
1394.34, 1177.2
1394.74, 1177.16
1395.14, 1177.12
1395.54, 1177.08
1395.92, 1177.04
1396.3, 1177.01
1396.68, 1176.97
1397.06, 1176.93
1397.43, 1176.9
1397.6, 1176.88
1397.96, 1176.83
1398.33, 1176.79
1398.69, 1176.74
1399.06, 1176.69
1399.42, 1176.64
1399.79, 1176.59
1400.16, 1176.55
1400.54, 1176.5
1400.92, 1176.45
1401.3, 1176.4
1401.69, 1176.35
1402.08, 1176.29
1402.47, 1176.24
1402.87, 1176.19
1403.28, 1176.14
1403.69, 1176.08
1404.1, 1176.03
1404.52, 1175.97
1404.94, 1175.92
1405.36, 1175.86
1405.79, 1175.81

waypoints
x, y
1370.73, 1179.5
1371.18, 1179.45
1371.63, 1179.41
1372.07, 1179.37
1372.5, 1179.32
1372.92, 1179.28
1373.34, 1179.24
1373.74, 1179.2
1374.14, 1179.16
1374.53, 1179.13
1374.92, 1179.09
1375.3, 1179.05
1375.68, 1179.01
1376.05, 1178.98
1376.42, 1178.94
1376.79, 1178.91
1377.16, 1178.87
1377.53, 1178.83
1377.89, 1178.8
1378.26, 1178.76
1378.63, 1178.73
1379, 1178.69
1379.38, 1178.65
1379.75, 1178.62
1380.13, 1178.58
1380.52, 1178.54
1380.9, 1178.51
1381.3, 1178.47
1381.69, 1178.43
1382.09, 1178.39
1382.5, 1178.35
1382.91, 1178.31
1383.33, 1178.27
1383.75, 1178.23
1384.17, 1178.19
1384.59, 1178.15
1385.02, 1178.11
1385.57, 1178.05
1386.12, 1178
1386.66, 1177.94
1387.2, 1177.89
1387.74, 1177.84
1388.27, 1177.79
1388.79, 1177.74
1389.3, 1177.69
1389.8, 1177.64
1390.3, 1177.59
1390.79, 1177.54
1391.26, 1177.5
1391.73, 1177.45
1392.18, 1177.41
1392.63, 1177.36
1393.07, 1177.32
1393.5, 1177.28
1393.92, 1177.24
1394.34, 1177.2
1394.74, 1177.16
1395.14, 1177.12
1395.54, 1177.08
1395.92, 1177.04
1396.3, 1177.01
1396.68, 1176.97
1397.06, 1176.93
1397.43, 1176.9
1397.6, 1176.88
1397.96, 1176.83
1398.33, 1176.79
1398.69, 1176.74
1399.06, 1176.69
1399.42, 1176.64
1399.79, 1176.59
1400.16, 1176.55
1400.54, 1176.5
1400.92, 1176.45
1401.3, 1176.4
1401.69, 1176.35
1402.08, 1176.29
1402.47, 1176.24
1402.87, 1176.19
1403.28, 1176.14
1403.69, 1176.08
1404.1, 1176.03
1404.52, 1175.97
1404.94, 1175.92
1405.36, 1175.86
1405.79, 1175.81

waypoints
x, y
1372.5, 1179.32
1372.92, 1179.28
1373.34, 1179.24
1373.74, 1179.2
1374.14, 1179.16
1374.53, 1179.13
1374.92, 1179.09
1375.3, 1179.05
1375.68, 1179.01
1376.05, 1178.98
1376.42, 1178.94
1376.79, 1178.91
1377.16, 1178.87
1377.53, 1178.83
1377.89, 1178.8
1378.26, 1178.76
1378.63, 1178.73
1379, 1178.69
1379.38, 1178.65
1379.75, 1178.62
1380.13, 1178.58
1380.52, 1178.54
1380.9, 1178.51
1381.3, 1178.47
1381.69, 1178.43
1382.09, 1178.39
1382.5, 1178.35
1382.91, 1178.31
1383.33, 1178.27
1383.75, 1178.23
1384.17, 1178.19
1384.59, 1178.15
1385.02, 1178.11
1385.57, 1178.05
1386.12, 1178
1386.66, 1177.94
1387.2, 1177.89
1387.74, 1177.84
1388.27, 1177.79
1388.79, 1177.74
1389.3, 1177.69
1389.8, 1177.64
1390.3, 1177.59
1390.79, 1177.54
1391.26, 1177.5
1391.73, 1177.45
1392.18, 1177.41
1392.63, 1177.36
1393.07, 1177.32
1393.5, 1177.28
1393.92, 1177.24
1394.34, 1177.2
1394.74, 1177.16
1395.14, 1177.12
1395.54, 1177.08
1395.92, 1177.04
1396.3, 1177.01
1396.68, 1176.97
1397.06, 1176.93
1397.43, 1176.9
1397.6, 1176.88
1397.96, 1176.83
1398.33, 1176.79
1398.69, 1176.74
1399.06, 1176.69
1399.42, 1176.64
1399.79, 1176.59
1400.16, 1176.55
1400.54, 1176.5
1400.92, 1176.45
1401.3, 1176.4
1401.69, 1176.35
1402.08, 1176.29
1402.47, 1176.24
1402.87, 1176.19
1403.28, 1176.14
1403.69, 1176.08
1404.1, 1176.03
1404.52, 1175.97
1404.94, 1175.92
1405.36, 1175.86
1405.79, 1175.81

waypoints
x, y
1374.14, 1179.16
1374.53, 1179.13
1374.92, 1179.09
1375.3, 1179.05
1375.68, 1179.01
1376.05, 1178.98
1376.42, 1178.94
1376.79, 1178.91
1377.16, 1178.87
1377.53, 1178.83
1377.89, 1178.8
1378.26, 1178.76
1378.63, 1178.73
1379, 1178.69
1379.38, 1178.65
1379.75, 1178.62
1380.13, 1178.58
1380.52, 1178.54
1380.9, 1178.51
1381.3, 1178.47
1381.69, 1178.43
1382.09, 1178.39
1382.5, 1178.35
1382.91, 1178.31
1383.33, 1178.27
1383.75, 1178.23
1384.17, 1178.19
1384.59, 1178.15
1385.02, 1178.11
1385.57, 1178.05
1386.12, 1178
1386.66, 1177.94
1387.2, 1177.89
1387.74, 1177.84
1388.27, 1177.79
1388.79, 1177.74
1389.3, 1177.69
1389.8, 1177.64
1390.3, 1177.59
1390.79, 1177.54
1391.26, 1177.5
1391.73, 1177.45
1392.18, 1177.41
1392.63, 1177.36
1393.07, 1177.32
1393.5, 1177.28
1393.92, 1177.24
1394.34, 1177.2
1394.74, 1177.16
1395.14, 1177.12
1395.54, 1177.08
1395.92, 1177.04
1396.3, 1177.01
1396.68, 1176.97
1397.06, 1176.93
1397.43, 1176.9
1397.6, 1176.88
1397.96, 1176.83
1398.33, 1176.79
1398.69, 1176.74
1399.06, 1176.69
1399.42, 1176.64
1399.79, 1176.59
1400.16, 1176.55
1400.54, 1176.5
1400.92, 1176.45
1401.3, 1176.4
1401.69, 1176.35
1402.08, 1176.29
1402.47, 1176.24
1402.87, 1176.19
1403.28, 1176.14
1403.69, 1176.08
1404.1, 1176.03
1404.52, 1175.97
1404.94, 1175.92
1405.36, 1175.86
1405.79, 1175.81

waypoints
x, y
1375.68, 1179.01
1376.05, 1178.98
1376.42, 1178.94
1376.79, 1178.91
1377.16, 1178.87
1377.53, 1178.83
1377.89, 1178.8
1378.26, 1178.76
1378.63, 1178.73
1379, 1178.69
1379.38, 1178.65
1379.75, 1178.62
1380.13, 1178.58
1380.52, 1178.54
1380.9, 1178.51
1381.3, 1178.47
1381.69, 1178.43
1382.09, 1178.39
1382.5, 1178.35
1382.91, 1178.31
1383.33, 1178.27
1383.75, 1178.23
1384.17, 1178.19
1384.59, 1178.15
1385.02, 1178.11
1385.57, 1178.05
1386.12, 1178
1386.66, 1177.94
1387.2, 1177.89
1387.74, 1177.84
1388.27, 1177.79
1388.79, 1177.74
1389.3, 1177.69
1389.8, 1177.64
1390.3, 1177.59
1390.79, 1177.54
1391.26, 1177.5
1391.73, 1177.45
1392.18, 1177.41
1392.63, 1177.36
1393.07, 1177.32
1393.5, 1177.28
1393.92, 1177.24
1394.34, 1177.2
1394.74, 1177.16
1395.14, 1177.12
1395.54, 1177.08
1395.92, 1177.04
1396.3, 1177.01
1396.68, 1176.97
1397.06, 1176.93
1397.43, 1176.9
1397.6, 1176.88
1397.96, 1176.83
1398.33, 1176.79
1398.69, 1176.74
1399.06, 1176.69
1399.42, 1176.64
1399.79, 1176.59
1400.16, 1176.55
1400.54, 1176.5
1400.92, 1176.45
1401.3, 1176.4
1401.69, 1176.35
1402.08, 1176.29
1402.47, 1176.24
1402.87, 1176.19
1403.28, 1176.14
1403.69, 1176.08
1404.1, 1176.03
1404.52, 1175.97
1404.94, 1175.92
1405.36, 1175.86
1405.79, 1175.81

waypoints
x, y
1376.79, 1178.91
1377.16, 1178.87
1377.53, 1178.83
1377.89, 1178.8
1378.26, 1178.76
1378.63, 1178.73
1379, 1178.69
1379.38, 1178.65
1379.75, 1178.62
1380.13, 1178.58
1380.52, 1178.54
1380.9, 1178.51
1381.3, 1178.47
1381.69, 1178.43
1382.09, 1178.39
1382.5, 1178.35
1382.91, 1178.31
1383.33, 1178.27
1383.75, 1178.23
1384.17, 1178.19
1384.59, 1178.15
1385.02, 1178.11
1385.57, 1178.05
1386.12, 1178
1386.66, 1177.94
1387.2, 1177.89
1387.74, 1177.84
1388.27, 1177.79
1388.79, 1177.74
1389.3, 1177.69
1389.8, 1177.64
1390.3, 1177.59
1390.79, 1177.54
1391.26, 1177.5
1391.73, 1177.45
1392.18, 1177.41
1392.63, 1177.36
1393.07, 1177.32
1393.5, 1177.28
1393.92, 1177.24
1394.34, 1177.2
1394.74, 1177.16
1395.14, 1177.12
1395.54, 1177.08
1395.92, 1177.04
1396.3, 1177.01
1396.68, 1176.97
1397.06, 1176.93
1397.43, 1176.9
1397.6, 1176.88
1397.96, 1176.83
1398.33, 1176.79
1398.69, 1176.74
1399.06, 1176.69
1399.42, 1176.64
1399.79, 1176.59
1400.16, 1176.55
1400.54, 1176.5
1400.92, 1176.45
1401.3, 1176.4
1401.69, 1176.35
1402.08, 1176.29
1402.47, 1176.24
1402.87, 1176.19
1403.28, 1176.14
1403.69, 1176.08
1404.1, 1176.03
1404.52, 1175.97
1404.94, 1175.92
1405.36, 1175.86
1405.79, 1175.81

waypoints
x, y
1378.26, 1178.76
1378.63, 1178.73
1379, 1178.69
1379.38, 1178.65
1379.75, 1178.62
1380.13, 1178.58
1380.52, 1178.54
1380.9, 1178.51
1381.3, 1178.47
1381.69, 1178.43
1382.09, 1178.39
1382.5, 1178.35
1382.91, 1178.31
1383.33, 1178.27
1383.75, 1178.23
1384.17, 1178.19
1384.59, 1178.15
1385.02, 1178.11
1385.57, 1178.05
1386.12, 1178
1386.66, 1177.94
1387.2, 1177.89
1387.74, 1177.84
1388.27, 1177.79
1388.79, 1177.74
1389.3, 1177.69
1389.8, 1177.64
1390.3, 1177.59
1390.79, 1177.54
1391.26, 1177.5
1391.73, 1177.45
1392.18, 1177.41
1392.63, 1177.36
1393.07, 1177.32
1393.5, 1177.28
1393.92, 1177.24
1394.34, 1177.2
1394.74, 1177.16
1395.14, 1177.12
1395.54, 1177.08
1395.92, 1177.04
1396.3, 1177.01
1396.68, 1176.97
1397.06, 1176.93
1397.43, 1176.9
1397.6, 1176.88
1397.96, 1176.83
1398.33, 1176.79
1398.69, 1176.74
1399.06, 1176.69
1399.42, 1176.64
1399.79, 1176.59
1400.16, 1176.55
1400.54, 1176.5
1400.92, 1176.45
1401.3, 1176.4
1401.69, 1176.35
1402.08, 1176.29
1402.47, 1176.24
1402.87, 1176.19
1403.28, 1176.14
1403.69, 1176.08
1404.1, 1176.03
1404.52, 1175.97
1404.94, 1175.92
1405.36, 1175.86
1405.79, 1175.81

waypoints
x, y
1379.38, 1178.65
1379.75, 1178.62
1380.13, 1178.58
1380.52, 1178.54
1380.9, 1178.51
1381.3, 1178.47
1381.69, 1178.43
1382.09, 1178.39
1382.5, 1178.35
1382.91, 1178.31
1383.33, 1178.27
1383.75, 1178.23
1384.17, 1178.19
1384.59, 1178.15
1385.02, 1178.11
1385.57, 1178.05
1386.12, 1178
1386.66, 1177.94
1387.2, 1177.89
1387.74, 1177.84
1388.27, 1177.79
1388.79, 1177.74
1389.3, 1177.69
1389.8, 1177.64
1390.3, 1177.59
1390.79, 1177.54
1391.26, 1177.5
1391.73, 1177.45
1392.18, 1177.41
1392.63, 1177.36
1393.07, 1177.32
1393.5, 1177.28
1393.92, 1177.24
1394.34, 1177.2
1394.74, 1177.16
1395.14, 1177.12
1395.54, 1177.08
1395.92, 1177.04
1396.3, 1177.01
1396.68, 1176.97
1397.06, 1176.93
1397.43, 1176.9
1397.6, 1176.88
1397.96, 1176.83
1398.33, 1176.79
1398.69, 1176.74
1399.06, 1176.69
1399.42, 1176.64
1399.79, 1176.59
1400.16, 1176.55
1400.54, 1176.5
1400.92, 1176.45
1401.3, 1176.4
1401.69, 1176.35
1402.08, 1176.29
1402.47, 1176.24
1402.87, 1176.19
1403.28, 1176.14
1403.69, 1176.08
1404.1, 1176.03
1404.52, 1175.97
1404.94, 1175.92
1405.36, 1175.86
1405.79, 1175.81

waypoints
x, y
1380.9, 1178.51
1381.3, 1178.47
1381.69, 1178.43
1382.09, 1178.39
1382.5, 1178.35
1382.91, 1178.31
1383.33, 1178.27
1383.75, 1178.23
1384.17, 1178.19
1384.59, 1178.15
1385.02, 1178.11
1385.57, 1178.05
1386.12, 1178
1386.66, 1177.94
1387.2, 1177.89
1387.74, 1177.84
1388.27, 1177.79
1388.79, 1177.74
1389.3, 1177.69
1389.8, 1177.64
1390.3, 1177.59
1390.79, 1177.54
1391.26, 1177.5
1391.73, 1177.45
1392.18, 1177.41
1392.63, 1177.36
1393.07, 1177.32
1393.5, 1177.28
1393.92, 1177.24
1394.34, 1177.2
1394.74, 1177.16
1395.14, 1177.12
1395.54, 1177.08
1395.92, 1177.04
1396.3, 1177.01
1396.68, 1176.97
1397.06, 1176.93
1397.43, 1176.9
1397.6, 1176.88
1397.96, 1176.83
1398.33, 1176.79
1398.69, 1176.74
1399.06, 1176.69
1399.42, 1176.64
1399.79, 1176.59
1400.16, 1176.55
1400.54, 1176.5
1400.92, 1176.45
1401.3, 1176.4
1401.69, 1176.35
1402.08, 1176.29
1402.47, 1176.24
1402.87, 1176.19
1403.28, 1176.14
1403.69, 1176.08
1404.1, 1176.03
1404.52, 1175.97
1404.94, 1175.92
1405.36, 1175.86
1405.79, 1175.81

waypoints
x, y
1382.5, 1178.35
1382.91, 1178.31
1383.33, 1178.27
1383.75, 1178.23
1384.17, 1178.19
1384.59, 1178.15
1385.02, 1178.11
1385.57, 1178.05
1386.12, 1178
1386.66, 1177.94
1387.2, 1177.89
1387.74, 1177.84
1388.27, 1177.79
1388.79, 1177.74
1389.3, 1177.69
1389.8, 1177.64
1390.3, 1177.59
1390.79, 1177.54
1391.26, 1177.5
1391.73, 1177.45
1392.18, 1177.41
1392.63, 1177.36
1393.07, 1177.32
1393.5, 1177.28
1393.92, 1177.24
1394.34, 1177.2
1394.74, 1177.16
1395.14, 1177.12
1395.54, 1177.08
1395.92, 1177.04
1396.3, 1177.01
1396.68, 1176.97
1397.06, 1176.93
1397.43, 1176.9
1397.6, 1176.88
1397.96, 1176.83
1398.33, 1176.79
1398.69, 1176.74
1399.06, 1176.69
1399.42, 1176.64
1399.79, 1176.59
1400.16, 1176.55
1400.54, 1176.5
1400.92, 1176.45
1401.3, 1176.4
1401.69, 1176.35
1402.08, 1176.29
1402.47, 1176.24
1402.87, 1176.19
1403.28, 1176.14
1403.69, 1176.08
1404.1, 1176.03
1404.52, 1175.97
1404.94, 1175.92
1405.36, 1175.86
1405.79, 1175.81

waypoints
x, y
1384.17, 1178.19
1384.59, 1178.15
1385.02, 1178.11
1385.57, 1178.05
1386.12, 1178
1386.66, 1177.94
1387.2, 1177.89
1387.74, 1177.84
1388.27, 1177.79
1388.79, 1177.74
1389.3, 1177.69
1389.8, 1177.64
1390.3, 1177.59
1390.79, 1177.54
1391.26, 1177.5
1391.73, 1177.45
1392.18, 1177.41
1392.63, 1177.36
1393.07, 1177.32
1393.5, 1177.28
1393.92, 1177.24
1394.34, 1177.2
1394.74, 1177.16
1395.14, 1177.12
1395.54, 1177.08
1395.92, 1177.04
1396.3, 1177.01
1396.68, 1176.97
1397.06, 1176.93
1397.43, 1176.9
1397.6, 1176.88
1397.96, 1176.83
1398.33, 1176.79
1398.69, 1176.74
1399.06, 1176.69
1399.42, 1176.64
1399.79, 1176.59
1400.16, 1176.55
1400.54, 1176.5
1400.92, 1176.45
1401.3, 1176.4
1401.69, 1176.35
1402.08, 1176.29
1402.47, 1176.24
1402.87, 1176.19
1403.28, 1176.14
1403.69, 1176.08
1404.1, 1176.03
1404.52, 1175.97
1404.94, 1175.92
1405.36, 1175.86
1405.79, 1175.81

waypoints
x, y
1386.12, 1178
1386.66, 1177.94
1387.2, 1177.89
1387.74, 1177.84
1388.27, 1177.79
1388.79, 1177.74
1389.3, 1177.69
1389.8, 1177.64
1390.3, 1177.59
1390.79, 1177.54
1391.26, 1177.5
1391.73, 1177.45
1392.18, 1177.41
1392.63, 1177.36
1393.07, 1177.32
1393.5, 1177.28
1393.92, 1177.24
1394.34, 1177.2
1394.74, 1177.16
1395.14, 1177.12
1395.54, 1177.08
1395.92, 1177.04
1396.3, 1177.01
1396.68, 1176.97
1397.06, 1176.93
1397.43, 1176.9
1397.6, 1176.88
1397.96, 1176.83
1398.33, 1176.79
1398.69, 1176.74
1399.06, 1176.69
1399.42, 1176.64
1399.79, 1176.59
1400.16, 1176.55
1400.54, 1176.5
1400.92, 1176.45
1401.3, 1176.4
1401.69, 1176.35
1402.08, 1176.29
1402.47, 1176.24
1402.87, 1176.19
1403.28, 1176.14
1403.69, 1176.08
1404.1, 1176.03
1404.52, 1175.97
1404.94, 1175.92
1405.36, 1175.86
1405.79, 1175.81
1406.34, 1175.74
1406.88, 1175.66
1407.42, 1175.59
1407.96, 1175.52
1408.49, 1175.45
1409.02, 1175.38
1409.53, 1175.32
1410.05, 1175.25
1410.55, 1175.18
1411.04, 1175.12
1411.52, 1175.05
1412, 1174.99
1412.46, 1174.93
1412.92, 1174.87
1413.36, 1174.81
1413.8, 1174.76
1414.23, 1174.7
1414.65, 1174.64
1415.06, 1174.59
1415.47, 1174.54
1415.86, 1174.48
1416.26, 1174.43
1416.64, 1174.38
1417.02, 1174.33
1417.4, 1174.28
1417.77, 1174.23
1418.14, 1174.19
1418.51, 1174.14
1418.87, 1174.09
1419.24, 1174.04
1419.61, 1173.99
1419.97, 1173.94
1420.34, 1173.9
1420.71, 1173.85
1421.08, 1173.8
1421.46, 1173.75
1421.84, 1173.7
1422.22, 1173.65
1422.6, 1173.6
1423, 1173.55
1423.39, 1173.5
1423.79, 1173.44
1424.2, 1173.39
1424.61, 1173.34
1425.02, 1173.28
1425.44, 1173.23
1425.86, 1173.17
1426.28, 1173.12
1426.71, 1173.06

waypoints
x, y
1388.27, 1177.79
1388.79, 1177.74
1389.3, 1177.69
1389.8, 1177.64
1390.3, 1177.59
1390.79, 1177.54
1391.26, 1177.5
1391.73, 1177.45
1392.18, 1177.41
1392.63, 1177.36
1393.07, 1177.32
1393.5, 1177.28
1393.92, 1177.24
1394.34, 1177.2
1394.74, 1177.16
1395.14, 1177.12
1395.54, 1177.08
1395.92, 1177.04
1396.3, 1177.01
1396.68, 1176.97
1397.06, 1176.93
1397.43, 1176.9
1397.6, 1176.88
1397.96, 1176.83
1398.33, 1176.79
1398.69, 1176.74
1399.06, 1176.69
1399.42, 1176.64
1399.79, 1176.59
1400.16, 1176.55
1400.54, 1176.5
1400.92, 1176.45
1401.3, 1176.4
1401.69, 1176.35
1402.08, 1176.29
1402.47, 1176.24
1402.87, 1176.19
1403.28, 1176.14
1403.69, 1176.08
1404.1, 1176.03
1404.52, 1175.97
1404.94, 1175.92
1405.36, 1175.86
1405.79, 1175.81
1406.34, 1175.73
1406.88, 1175.66
1407.42, 1175.59
1407.96, 1175.52
1408.49, 1175.45
1409.02, 1175.38
1409.54, 1175.32
1410.05, 1175.25
1410.55, 1175.18
1411.04, 1175.12
1411.52, 1175.05
1412, 1174.99
1412.46, 1174.93
1412.92, 1174.87
1413.36, 1174.81
1413.8, 1174.76
1414.23, 1174.7
1414.65, 1174.64
1415.06, 1174.59
1415.47, 1174.54
1415.86, 1174.48
1416.26, 1174.43
1416.64, 1174.38
1417.02, 1174.33
1417.4, 1174.28
1417.77, 1174.23
1418.14, 1174.18
1418.51, 1174.14
1418.88, 1174.09
1419.24, 1174.04
1419.61, 1173.99
1419.97, 1173.94
1420.34, 1173.9
1420.71, 1173.85
1421.08, 1173.8
1421.46, 1173.75
1421.84, 1173.7
1422.22, 1173.65
1422.6, 1173.6
1422.99, 1173.55
1423.39, 1173.49
1423.79, 1173.44
1424.2, 1173.39
1424.61, 1173.34
1425.02, 1173.28
1425.44, 1173.23
1425.86, 1173.17
1426.28, 1173.12
1426.71, 1173.06

waypoints
x, y
1390.3, 1177.59
1390.79, 1177.54
1391.26, 1177.5
1391.73, 1177.45
1392.18, 1177.41
1392.63, 1177.36
1393.07, 1177.32
1393.5, 1177.28
1393.92, 1177.24
1394.34, 1177.2
1394.74, 1177.16
1395.14, 1177.12
1395.54, 1177.08
1395.92, 1177.04
1396.3, 1177.01
1396.68, 1176.97
1397.06, 1176.93
1397.43, 1176.9
1397.6, 1176.88
1397.96, 1176.83
1398.33, 1176.79
1398.69, 1176.74
1399.06, 1176.69
1399.42, 1176.64
1399.79, 1176.59
1400.16, 1176.55
1400.54, 1176.5
1400.92, 1176.45
1401.3, 1176.4
1401.69, 1176.35
1402.08, 1176.29
1402.47, 1176.24
1402.87, 1176.19
1403.28, 1176.14
1403.69, 1176.08
1404.1, 1176.03
1404.52, 1175.97
1404.94, 1175.92
1405.36, 1175.86
1405.79, 1175.81
1406.34, 1175.73
1406.88, 1175.66
1407.42, 1175.59
1407.96, 1175.52
1408.49, 1175.45
1409.02, 1175.38
1409.54, 1175.32
1410.05, 1175.25
1410.55, 1175.18
1411.04, 1175.12
1411.52, 1175.05
1412, 1174.99
1412.46, 1174.93
1412.92, 1174.87
1413.36, 1174.81
1413.8, 1174.76
1414.23, 1174.7
1414.65, 1174.64
1415.06, 1174.59
1415.47, 1174.54
1415.86, 1174.48
1416.26, 1174.43
1416.64, 1174.38
1417.02, 1174.33
1417.4, 1174.28
1417.77, 1174.23
1418.14, 1174.18
1418.51, 1174.14
1418.88, 1174.09
1419.24, 1174.04
1419.61, 1173.99
1419.97, 1173.94
1420.34, 1173.9
1420.71, 1173.85
1421.08, 1173.8
1421.46, 1173.75
1421.84, 1173.7
1422.22, 1173.65
1422.6, 1173.6
1422.99, 1173.55
1423.39, 1173.49
1423.79, 1173.44
1424.2, 1173.39
1424.61, 1173.34
1425.02, 1173.28
1425.44, 1173.23
1425.86, 1173.17
1426.28, 1173.12
1426.71, 1173.06

waypoints
x, y
1392.18, 1177.41
1392.63, 1177.36
1393.07, 1177.32
1393.5, 1177.28
1393.92, 1177.24
1394.34, 1177.2
1394.74, 1177.16
1395.14, 1177.12
1395.54, 1177.08
1395.92, 1177.04
1396.3, 1177.01
1396.68, 1176.97
1397.06, 1176.93
1397.43, 1176.9
1397.6, 1176.88
1397.96, 1176.83
1398.33, 1176.79
1398.69, 1176.74
1399.06, 1176.69
1399.42, 1176.64
1399.79, 1176.59
1400.16, 1176.55
1400.54, 1176.5
1400.92, 1176.45
1401.3, 1176.4
1401.69, 1176.35
1402.08, 1176.29
1402.47, 1176.24
1402.87, 1176.19
1403.28, 1176.14
1403.69, 1176.08
1404.1, 1176.03
1404.52, 1175.97
1404.94, 1175.92
1405.36, 1175.86
1405.79, 1175.81
1406.34, 1175.73
1406.88, 1175.66
1407.42, 1175.59
1407.96, 1175.52
1408.49, 1175.45
1409.02, 1175.38
1409.54, 1175.32
1410.05, 1175.25
1410.55, 1175.18
1411.04, 1175.12
1411.52, 1175.05
1412, 1174.99
1412.46, 1174.93
1412.92, 1174.87
1413.36, 1174.81
1413.8, 1174.76
1414.23, 1174.7
1414.65, 1174.64
1415.06, 1174.59
1415.47, 1174.54
1415.86, 1174.48
1416.26, 1174.43
1416.64, 1174.38
1417.02, 1174.33
1417.4, 1174.28
1417.77, 1174.23
1418.14, 1174.18
1418.51, 1174.14
1418.88, 1174.09
1419.24, 1174.04
1419.61, 1173.99
1419.97, 1173.94
1420.34, 1173.9
1420.71, 1173.85
1421.08, 1173.8
1421.46, 1173.75
1421.84, 1173.7
1422.22, 1173.65
1422.6, 1173.6
1422.99, 1173.55
1423.39, 1173.49
1423.79, 1173.44
1424.2, 1173.39
1424.61, 1173.34
1425.02, 1173.28
1425.44, 1173.23
1425.86, 1173.17
1426.28, 1173.12
1426.71, 1173.06

waypoints
x, y
1393.92, 1177.24
1394.34, 1177.2
1394.74, 1177.16
1395.14, 1177.12
1395.54, 1177.08
1395.92, 1177.04
1396.3, 1177.01
1396.68, 1176.97
1397.06, 1176.93
1397.43, 1176.9
1397.6, 1176.88
1397.96, 1176.83
1398.33, 1176.79
1398.69, 1176.74
1399.06, 1176.69
1399.42, 1176.64
1399.79, 1176.59
1400.16, 1176.55
1400.54, 1176.5
1400.92, 1176.45
1401.3, 1176.4
1401.69, 1176.35
1402.08, 1176.29
1402.47, 1176.24
1402.87, 1176.19
1403.28, 1176.14
1403.69, 1176.08
1404.1, 1176.03
1404.52, 1175.97
1404.94, 1175.92
1405.36, 1175.86
1405.79, 1175.81
1406.34, 1175.73
1406.88, 1175.66
1407.42, 1175.59
1407.96, 1175.52
1408.49, 1175.45
1409.02, 1175.38
1409.54, 1175.32
1410.05, 1175.25
1410.55, 1175.18
1411.04, 1175.12
1411.52, 1175.05
1412, 1174.99
1412.46, 1174.93
1412.92, 1174.87
1413.36, 1174.81
1413.8, 1174.76
1414.23, 1174.7
1414.65, 1174.64
1415.06, 1174.59
1415.47, 1174.54
1415.86, 1174.48
1416.26, 1174.43
1416.64, 1174.38
1417.02, 1174.33
1417.4, 1174.28
1417.77, 1174.23
1418.14, 1174.18
1418.51, 1174.14
1418.88, 1174.09
1419.24, 1174.04
1419.61, 1173.99
1419.97, 1173.94
1420.34, 1173.9
1420.71, 1173.85
1421.08, 1173.8
1421.46, 1173.75
1421.84, 1173.7
1422.22, 1173.65
1422.6, 1173.6
1422.99, 1173.55
1423.39, 1173.49
1423.79, 1173.44
1424.2, 1173.39
1424.61, 1173.34
1425.02, 1173.28
1425.44, 1173.23
1425.86, 1173.17
1426.28, 1173.12
1426.71, 1173.06

waypoints
x, y
1395.54, 1177.08
1395.92, 1177.04
1396.3, 1177.01
1396.68, 1176.97
1397.06, 1176.93
1397.43, 1176.9
1397.6, 1176.88
1397.96, 1176.83
1398.33, 1176.79
1398.69, 1176.74
1399.06, 1176.69
1399.42, 1176.64
1399.79, 1176.59
1400.16, 1176.55
1400.54, 1176.5
1400.92, 1176.45
1401.3, 1176.4
1401.69, 1176.35
1402.08, 1176.29
1402.47, 1176.24
1402.87, 1176.19
1403.28, 1176.14
1403.69, 1176.08
1404.1, 1176.03
1404.52, 1175.97
1404.94, 1175.92
1405.36, 1175.86
1405.79, 1175.81
1406.34, 1175.73
1406.88, 1175.66
1407.42, 1175.59
1407.96, 1175.52
1408.49, 1175.45
1409.02, 1175.38
1409.54, 1175.32
1410.05, 1175.25
1410.55, 1175.18
1411.04, 1175.12
1411.52, 1175.05
1412, 1174.99
1412.46, 1174.93
1412.92, 1174.87
1413.36, 1174.81
1413.8, 1174.76
1414.23, 1174.7
1414.65, 1174.64
1415.06, 1174.59
1415.47, 1174.54
1415.86, 1174.48
1416.26, 1174.43
1416.64, 1174.38
1417.02, 1174.33
1417.4, 1174.28
1417.77, 1174.23
1418.14, 1174.18
1418.51, 1174.14
1418.88, 1174.09
1419.24, 1174.04
1419.61, 1173.99
1419.97, 1173.94
1420.34, 1173.9
1420.71, 1173.85
1421.08, 1173.8
1421.46, 1173.75
1421.84, 1173.7
1422.22, 1173.65
1422.6, 1173.6
1422.99, 1173.55
1423.39, 1173.49
1423.79, 1173.44
1424.2, 1173.39
1424.61, 1173.34
1425.02, 1173.28
1425.44, 1173.23
1425.86, 1173.17
1426.28, 1173.12
1426.71, 1173.06

waypoints
x, y
1397.06, 1176.93
1397.43, 1176.9
1397.6, 1176.88
1397.96, 1176.83
1398.33, 1176.79
1398.69, 1176.74
1399.06, 1176.69
1399.42, 1176.64
1399.79, 1176.59
1400.16, 1176.55
1400.54, 1176.5
1400.92, 1176.45
1401.3, 1176.4
1401.69, 1176.35
1402.08, 1176.29
1402.47, 1176.24
1402.87, 1176.19
1403.28, 1176.14
1403.69, 1176.08
1404.1, 1176.03
1404.52, 1175.97
1404.94, 1175.92
1405.36, 1175.86
1405.79, 1175.81
1406.34, 1175.73
1406.88, 1175.66
1407.42, 1175.59
1407.96, 1175.52
1408.49, 1175.45
1409.02, 1175.38
1409.54, 1175.32
1410.05, 1175.25
1410.55, 1175.18
1411.04, 1175.12
1411.52, 1175.05
1412, 1174.99
1412.46, 1174.93
1412.92, 1174.87
1413.36, 1174.81
1413.8, 1174.76
1414.23, 1174.7
1414.65, 1174.64
1415.06, 1174.59
1415.47, 1174.54
1415.86, 1174.48
1416.26, 1174.43
1416.64, 1174.38
1417.02, 1174.33
1417.4, 1174.28
1417.77, 1174.23
1418.14, 1174.18
1418.51, 1174.14
1418.88, 1174.09
1419.24, 1174.04
1419.61, 1173.99
1419.97, 1173.94
1420.34, 1173.9
1420.71, 1173.85
1421.08, 1173.8
1421.46, 1173.75
1421.84, 1173.7
1422.22, 1173.65
1422.6, 1173.6
1422.99, 1173.55
1423.39, 1173.49
1423.79, 1173.44
1424.2, 1173.39
1424.61, 1173.34
1425.02, 1173.28
1425.44, 1173.23
1425.86, 1173.17
1426.28, 1173.12
1426.71, 1173.06

waypoints
x, y
1397.96, 1176.83
1398.33, 1176.79
1398.69, 1176.74
1399.06, 1176.69
1399.42, 1176.64
1399.79, 1176.59
1400.16, 1176.55
1400.54, 1176.5
1400.92, 1176.45
1401.3, 1176.4
1401.69, 1176.35
1402.08, 1176.29
1402.47, 1176.24
1402.87, 1176.19
1403.28, 1176.14
1403.69, 1176.08
1404.1, 1176.03
1404.52, 1175.97
1404.94, 1175.92
1405.36, 1175.86
1405.79, 1175.81
1406.34, 1175.73
1406.88, 1175.66
1407.42, 1175.59
1407.96, 1175.52
1408.49, 1175.45
1409.02, 1175.38
1409.54, 1175.32
1410.05, 1175.25
1410.55, 1175.18
1411.04, 1175.12
1411.52, 1175.05
1412, 1174.99
1412.46, 1174.93
1412.92, 1174.87
1413.36, 1174.81
1413.8, 1174.76
1414.23, 1174.7
1414.65, 1174.64
1415.06, 1174.59
1415.47, 1174.54
1415.86, 1174.48
1416.26, 1174.43
1416.64, 1174.38
1417.02, 1174.33
1417.4, 1174.28
1417.77, 1174.23
1418.14, 1174.18
1418.51, 1174.14
1418.88, 1174.09
1419.24, 1174.04
1419.61, 1173.99
1419.97, 1173.94
1420.34, 1173.9
1420.71, 1173.85
1421.08, 1173.8
1421.46, 1173.75
1421.84, 1173.7
1422.22, 1173.65
1422.6, 1173.6
1422.99, 1173.55
1423.39, 1173.49
1423.79, 1173.44
1424.2, 1173.39
1424.61, 1173.34
1425.02, 1173.28
1425.44, 1173.23
1425.86, 1173.17
1426.28, 1173.12
1426.71, 1173.06

waypoints
x, y
1399.42, 1176.64
1399.79, 1176.59
1400.16, 1176.55
1400.54, 1176.5
1400.92, 1176.45
1401.3, 1176.4
1401.69, 1176.35
1402.08, 1176.29
1402.47, 1176.24
1402.87, 1176.19
1403.28, 1176.14
1403.69, 1176.08
1404.1, 1176.03
1404.52, 1175.97
1404.94, 1175.92
1405.36, 1175.86
1405.79, 1175.81
1406.34, 1175.73
1406.88, 1175.66
1407.42, 1175.59
1407.96, 1175.52
1408.49, 1175.45
1409.02, 1175.38
1409.54, 1175.32
1410.05, 1175.25
1410.55, 1175.18
1411.04, 1175.12
1411.52, 1175.05
1412, 1174.99
1412.46, 1174.93
1412.92, 1174.87
1413.36, 1174.81
1413.8, 1174.76
1414.23, 1174.7
1414.65, 1174.64
1415.06, 1174.59
1415.47, 1174.54
1415.86, 1174.48
1416.26, 1174.43
1416.64, 1174.38
1417.02, 1174.33
1417.4, 1174.28
1417.77, 1174.23
1418.14, 1174.18
1418.51, 1174.14
1418.88, 1174.09
1419.24, 1174.04
1419.61, 1173.99
1419.97, 1173.94
1420.34, 1173.9
1420.71, 1173.85
1421.08, 1173.8
1421.46, 1173.75
1421.84, 1173.7
1422.22, 1173.65
1422.6, 1173.6
1422.99, 1173.55
1423.39, 1173.49
1423.79, 1173.44
1424.2, 1173.39
1424.61, 1173.34
1425.02, 1173.28
1425.44, 1173.23
1425.86, 1173.17
1426.28, 1173.12
1426.71, 1173.06

waypoints
x, y
1400.92, 1176.45
1401.3, 1176.4
1401.69, 1176.35
1402.08, 1176.29
1402.47, 1176.24
1402.87, 1176.19
1403.28, 1176.14
1403.69, 1176.08
1404.1, 1176.03
1404.52, 1175.97
1404.94, 1175.92
1405.36, 1175.86
1405.79, 1175.81
1406.34, 1175.73
1406.88, 1175.66
1407.42, 1175.59
1407.96, 1175.52
1408.49, 1175.45
1409.02, 1175.38
1409.54, 1175.32
1410.05, 1175.25
1410.55, 1175.18
1411.04, 1175.12
1411.52, 1175.05
1412, 1174.99
1412.46, 1174.93
1412.92, 1174.87
1413.36, 1174.81
1413.8, 1174.76
1414.23, 1174.7
1414.65, 1174.64
1415.06, 1174.59
1415.47, 1174.54
1415.86, 1174.48
1416.26, 1174.43
1416.64, 1174.38
1417.02, 1174.33
1417.4, 1174.28
1417.77, 1174.23
1418.14, 1174.18
1418.51, 1174.14
1418.88, 1174.09
1419.24, 1174.04
1419.61, 1173.99
1419.97, 1173.94
1420.34, 1173.9
1420.71, 1173.85
1421.08, 1173.8
1421.46, 1173.75
1421.84, 1173.7
1422.22, 1173.65
1422.6, 1173.6
1422.99, 1173.55
1423.39, 1173.49
1423.79, 1173.44
1424.2, 1173.39
1424.61, 1173.34
1425.02, 1173.28
1425.44, 1173.23
1425.86, 1173.17
1426.28, 1173.12
1426.71, 1173.06

waypoints
x, y
1402.47, 1176.24
1402.87, 1176.19
1403.28, 1176.14
1403.69, 1176.08
1404.1, 1176.03
1404.52, 1175.97
1404.94, 1175.92
1405.36, 1175.86
1405.79, 1175.81
1406.34, 1175.73
1406.88, 1175.66
1407.42, 1175.59
1407.96, 1175.52
1408.49, 1175.45
1409.02, 1175.38
1409.54, 1175.32
1410.05, 1175.25
1410.55, 1175.18
1411.04, 1175.12
1411.52, 1175.05
1412, 1174.99
1412.46, 1174.93
1412.92, 1174.87
1413.36, 1174.81
1413.8, 1174.76
1414.23, 1174.7
1414.65, 1174.64
1415.06, 1174.59
1415.47, 1174.54
1415.86, 1174.48
1416.26, 1174.43
1416.64, 1174.38
1417.02, 1174.33
1417.4, 1174.28
1417.77, 1174.23
1418.14, 1174.18
1418.51, 1174.14
1418.88, 1174.09
1419.24, 1174.04
1419.61, 1173.99
1419.97, 1173.94
1420.34, 1173.9
1420.71, 1173.85
1421.08, 1173.8
1421.46, 1173.75
1421.84, 1173.7
1422.22, 1173.65
1422.6, 1173.6
1422.99, 1173.55
1423.39, 1173.49
1423.79, 1173.44
1424.2, 1173.39
1424.61, 1173.34
1425.02, 1173.28
1425.44, 1173.23
1425.86, 1173.17
1426.28, 1173.12
1426.71, 1173.06

waypoints
x, y
1404.1, 1176.03
1404.52, 1175.97
1404.94, 1175.92
1405.36, 1175.86
1405.79, 1175.81
1406.34, 1175.73
1406.88, 1175.66
1407.42, 1175.59
1407.96, 1175.52
1408.49, 1175.45
1409.02, 1175.38
1409.54, 1175.32
1410.05, 1175.25
1410.55, 1175.18
1411.04, 1175.12
1411.52, 1175.05
1412, 1174.99
1412.46, 1174.93
1412.92, 1174.87
1413.36, 1174.81
1413.8, 1174.76
1414.23, 1174.7
1414.65, 1174.64
1415.06, 1174.59
1415.47, 1174.54
1415.86, 1174.48
1416.26, 1174.43
1416.64, 1174.38
1417.02, 1174.33
1417.4, 1174.28
1417.77, 1174.23
1418.14, 1174.18
1418.51, 1174.14
1418.88, 1174.09
1419.24, 1174.04
1419.61, 1173.99
1419.97, 1173.94
1420.34, 1173.9
1420.71, 1173.85
1421.08, 1173.8
1421.46, 1173.75
1421.84, 1173.7
1422.22, 1173.65
1422.6, 1173.6
1422.99, 1173.55
1423.39, 1173.49
1423.79, 1173.44
1424.2, 1173.39
1424.61, 1173.34
1425.02, 1173.28
1425.44, 1173.23
1425.86, 1173.17
1426.28, 1173.12
1426.71, 1173.06

waypoints
x, y
1405.79, 1175.81
1406.34, 1175.73
1406.88, 1175.66
1407.42, 1175.59
1407.96, 1175.52
1408.49, 1175.45
1409.02, 1175.38
1409.54, 1175.32
1410.05, 1175.25
1410.55, 1175.18
1411.04, 1175.12
1411.52, 1175.05
1412, 1174.99
1412.46, 1174.93
1412.92, 1174.87
1413.36, 1174.81
1413.8, 1174.76
1414.23, 1174.7
1414.65, 1174.64
1415.06, 1174.59
1415.47, 1174.54
1415.86, 1174.48
1416.26, 1174.43
1416.64, 1174.38
1417.02, 1174.33
1417.4, 1174.28
1417.77, 1174.23
1418.14, 1174.18
1418.51, 1174.14
1418.88, 1174.09
1419.24, 1174.04
1419.61, 1173.99
1419.97, 1173.94
1420.34, 1173.9
1420.71, 1173.85
1421.08, 1173.8
1421.46, 1173.75
1421.84, 1173.7
1422.22, 1173.65
1422.6, 1173.6
1422.99, 1173.55
1423.39, 1173.49
1423.79, 1173.44
1424.2, 1173.39
1424.61, 1173.34
1425.02, 1173.28
1425.44, 1173.23
1425.86, 1173.17
1426.28, 1173.12
1426.71, 1173.06

waypoints
x, y
1407.96, 1175.52
1408.49, 1175.45
1409.02, 1175.38
1409.54, 1175.32
1410.05, 1175.25
1410.55, 1175.18
1411.04, 1175.12
1411.52, 1175.05
1412, 1174.99
1412.46, 1174.93
1412.92, 1174.87
1413.36, 1174.81
1413.8, 1174.76
1414.23, 1174.7
1414.65, 1174.64
1415.06, 1174.59
1415.47, 1174.54
1415.86, 1174.48
1416.26, 1174.43
1416.64, 1174.38
1417.02, 1174.33
1417.4, 1174.28
1417.77, 1174.23
1418.14, 1174.18
1418.51, 1174.14
1418.88, 1174.09
1419.24, 1174.04
1419.61, 1173.99
1419.97, 1173.94
1420.34, 1173.9
1420.71, 1173.85
1421.08, 1173.8
1421.46, 1173.75
1421.84, 1173.7
1422.22, 1173.65
1422.6, 1173.6
1422.99, 1173.55
1423.39, 1173.49
1423.79, 1173.44
1424.2, 1173.39
1424.61, 1173.34
1425.02, 1173.28
1425.44, 1173.23
1425.86, 1173.17
1426.28, 1173.12
1426.71, 1173.06
1427.25, 1172.99
1427.79, 1172.92
1428.33, 1172.85
1428.86, 1172.78
1429.39, 1172.71
1429.94, 1172.64
1430.46, 1172.57
1430.96, 1172.51
1431.46, 1172.45
1431.95, 1172.38
1432.43, 1172.32
1432.91, 1172.27
1433.37, 1172.21
1433.83, 1172.15
1434.27, 1172.09
1434.71, 1172.04
1435.14, 1171.98
1435.56, 1171.93
1435.97, 1171.88
1436.38, 1171.83
1436.78, 1171.78
1437.17, 1171.73
1437.56, 1171.68
1437.94, 1171.63
1438.32, 1171.59
1438.69, 1171.54
1439.07, 1171.49
1439.44, 1171.44
1439.8, 1171.4
1440.17, 1171.35
1440.54, 1171.31
1440.91, 1171.26
1441.28, 1171.21
1441.65, 1171.17
1442.03, 1171.12
1442.41, 1171.07
1442.79, 1171.02
1443.17, 1170.98
1443.56, 1170.93
1443.95, 1170.88
1444.35, 1170.83
1444.75, 1170.78
1445.16, 1170.73
1445.57, 1170.67
1445.98, 1170.62
1446.4, 1170.57
1446.82, 1170.52
1447.25, 1170.46
1447.67, 1170.41

waypoints
x, y
1409.54, 1175.32
1410.05, 1175.25
1410.55, 1175.18
1411.04, 1175.12
1411.52, 1175.05
1412, 1174.99
1412.46, 1174.93
1412.92, 1174.87
1413.36, 1174.81
1413.8, 1174.76
1414.23, 1174.7
1414.65, 1174.64
1415.06, 1174.59
1415.47, 1174.54
1415.86, 1174.48
1416.26, 1174.43
1416.64, 1174.38
1417.02, 1174.33
1417.4, 1174.28
1417.77, 1174.23
1418.14, 1174.18
1418.51, 1174.14
1418.88, 1174.09
1419.24, 1174.04
1419.61, 1173.99
1419.97, 1173.94
1420.34, 1173.9
1420.71, 1173.85
1421.08, 1173.8
1421.46, 1173.75
1421.84, 1173.7
1422.22, 1173.65
1422.6, 1173.6
1422.99, 1173.55
1423.39, 1173.49
1423.79, 1173.44
1424.2, 1173.39
1424.61, 1173.34
1425.02, 1173.28
1425.44, 1173.23
1425.86, 1173.17
1426.28, 1173.12
1426.71, 1173.06
1427.25, 1172.99
1427.79, 1172.92
1428.33, 1172.85
1428.86, 1172.78
1429.39, 1172.71
1429.94, 1172.64
1430.46, 1172.57
1430.96, 1172.51
1431.46, 1172.45
1431.95, 1172.38
1432.43, 1172.32
1432.91, 1172.27
1433.37, 1172.21
1433.83, 1172.15
1434.27, 1172.09
1434.71, 1172.04
1435.14, 1171.98
1435.56, 1171.93
1435.97, 1171.88
1436.38, 1171.83
1436.78, 1171.78
1437.17, 1171.73
1437.56, 1171.68
1437.94, 1171.63
1438.32, 1171.59
1438.69, 1171.54
1439.07, 1171.49
1439.44, 1171.44
1439.81, 1171.4
1440.17, 1171.35
1440.54, 1171.31
1440.91, 1171.26
1441.28, 1171.21
1441.65, 1171.17
1442.03, 1171.12
1442.4, 1171.07
1442.79, 1171.02
1443.17, 1170.97
1443.56, 1170.93
1443.95, 1170.88
1444.35, 1170.83
1444.75, 1170.78
1445.16, 1170.73
1445.57, 1170.67
1445.98, 1170.62
1446.4, 1170.57
1446.82, 1170.52
1447.25, 1170.46
1447.67, 1170.41

waypoints
x, y
1412, 1174.99
1412.46, 1174.93
1412.92, 1174.87
1413.36, 1174.81
1413.8, 1174.76
1414.23, 1174.7
1414.65, 1174.64
1415.06, 1174.59
1415.47, 1174.54
1415.86, 1174.48
1416.26, 1174.43
1416.64, 1174.38
1417.02, 1174.33
1417.4, 1174.28
1417.77, 1174.23
1418.14, 1174.18
1418.51, 1174.14
1418.88, 1174.09
1419.24, 1174.04
1419.61, 1173.99
1419.97, 1173.94
1420.34, 1173.9
1420.71, 1173.85
1421.08, 1173.8
1421.46, 1173.75
1421.84, 1173.7
1422.22, 1173.65
1422.6, 1173.6
1422.99, 1173.55
1423.39, 1173.49
1423.79, 1173.44
1424.2, 1173.39
1424.61, 1173.34
1425.02, 1173.28
1425.44, 1173.23
1425.86, 1173.17
1426.28, 1173.12
1426.71, 1173.06
1427.25, 1172.99
1427.79, 1172.92
1428.33, 1172.85
1428.86, 1172.78
1429.39, 1172.71
1429.94, 1172.64
1430.46, 1172.57
1430.96, 1172.51
1431.46, 1172.45
1431.95, 1172.38
1432.43, 1172.32
1432.91, 1172.27
1433.37, 1172.21
1433.83, 1172.15
1434.27, 1172.09
1434.71, 1172.04
1435.14, 1171.98
1435.56, 1171.93
1435.97, 1171.88
1436.38, 1171.83
1436.78, 1171.78
1437.17, 1171.73
1437.56, 1171.68
1437.94, 1171.63
1438.32, 1171.59
1438.69, 1171.54
1439.07, 1171.49
1439.44, 1171.44
1439.81, 1171.4
1440.17, 1171.35
1440.54, 1171.31
1440.91, 1171.26
1441.28, 1171.21
1441.65, 1171.17
1442.03, 1171.12
1442.4, 1171.07
1442.79, 1171.02
1443.17, 1170.97
1443.56, 1170.93
1443.95, 1170.88
1444.35, 1170.83
1444.75, 1170.78
1445.16, 1170.73
1445.57, 1170.67
1445.98, 1170.62
1446.4, 1170.57
1446.82, 1170.52
1447.25, 1170.46
1447.67, 1170.41

waypoints
x, y
1413.8, 1174.76
1414.23, 1174.7
1414.65, 1174.64
1415.06, 1174.59
1415.47, 1174.54
1415.86, 1174.48
1416.26, 1174.43
1416.64, 1174.38
1417.02, 1174.33
1417.4, 1174.28
1417.77, 1174.23
1418.14, 1174.18
1418.51, 1174.14
1418.88, 1174.09
1419.24, 1174.04
1419.61, 1173.99
1419.97, 1173.94
1420.34, 1173.9
1420.71, 1173.85
1421.08, 1173.8
1421.46, 1173.75
1421.84, 1173.7
1422.22, 1173.65
1422.6, 1173.6
1422.99, 1173.55
1423.39, 1173.49
1423.79, 1173.44
1424.2, 1173.39
1424.61, 1173.34
1425.02, 1173.28
1425.44, 1173.23
1425.86, 1173.17
1426.28, 1173.12
1426.71, 1173.06
1427.25, 1172.99
1427.79, 1172.92
1428.33, 1172.85
1428.86, 1172.78
1429.39, 1172.71
1429.94, 1172.64
1430.46, 1172.57
1430.96, 1172.51
1431.46, 1172.45
1431.95, 1172.38
1432.43, 1172.32
1432.91, 1172.27
1433.37, 1172.21
1433.83, 1172.15
1434.27, 1172.09
1434.71, 1172.04
1435.14, 1171.98
1435.56, 1171.93
1435.97, 1171.88
1436.38, 1171.83
1436.78, 1171.78
1437.17, 1171.73
1437.56, 1171.68
1437.94, 1171.63
1438.32, 1171.59
1438.69, 1171.54
1439.07, 1171.49
1439.44, 1171.44
1439.81, 1171.4
1440.17, 1171.35
1440.54, 1171.31
1440.91, 1171.26
1441.28, 1171.21
1441.65, 1171.17
1442.03, 1171.12
1442.4, 1171.07
1442.79, 1171.02
1443.17, 1170.97
1443.56, 1170.93
1443.95, 1170.88
1444.35, 1170.83
1444.75, 1170.78
1445.16, 1170.73
1445.57, 1170.67
1445.98, 1170.62
1446.4, 1170.57
1446.82, 1170.52
1447.25, 1170.46
1447.67, 1170.41

waypoints
x, y
1415.47, 1174.54
1415.86, 1174.48
1416.26, 1174.43
1416.64, 1174.38
1417.02, 1174.33
1417.4, 1174.28
1417.77, 1174.23
1418.14, 1174.18
1418.51, 1174.14
1418.88, 1174.09
1419.24, 1174.04
1419.61, 1173.99
1419.97, 1173.94
1420.34, 1173.9
1420.71, 1173.85
1421.08, 1173.8
1421.46, 1173.75
1421.84, 1173.7
1422.22, 1173.65
1422.6, 1173.6
1422.99, 1173.55
1423.39, 1173.49
1423.79, 1173.44
1424.2, 1173.39
1424.61, 1173.34
1425.02, 1173.28
1425.44, 1173.23
1425.86, 1173.17
1426.28, 1173.12
1426.71, 1173.06
1427.25, 1172.99
1427.79, 1172.92
1428.33, 1172.85
1428.86, 1172.78
1429.39, 1172.71
1429.94, 1172.64
1430.46, 1172.57
1430.96, 1172.51
1431.46, 1172.45
1431.95, 1172.38
1432.43, 1172.32
1432.91, 1172.27
1433.37, 1172.21
1433.83, 1172.15
1434.27, 1172.09
1434.71, 1172.04
1435.14, 1171.98
1435.56, 1171.93
1435.97, 1171.88
1436.38, 1171.83
1436.78, 1171.78
1437.17, 1171.73
1437.56, 1171.68
1437.94, 1171.63
1438.32, 1171.59
1438.69, 1171.54
1439.07, 1171.49
1439.44, 1171.44
1439.81, 1171.4
1440.17, 1171.35
1440.54, 1171.31
1440.91, 1171.26
1441.28, 1171.21
1441.65, 1171.17
1442.03, 1171.12
1442.4, 1171.07
1442.79, 1171.02
1443.17, 1170.97
1443.56, 1170.93
1443.95, 1170.88
1444.35, 1170.83
1444.75, 1170.78
1445.16, 1170.73
1445.57, 1170.67
1445.98, 1170.62
1446.4, 1170.57
1446.82, 1170.52
1447.25, 1170.46
1447.67, 1170.41

waypoints
x, y
1417.02, 1174.33
1417.4, 1174.28
1417.77, 1174.23
1418.14, 1174.18
1418.51, 1174.14
1418.88, 1174.09
1419.24, 1174.04
1419.61, 1173.99
1419.97, 1173.94
1420.34, 1173.9
1420.71, 1173.85
1421.08, 1173.8
1421.46, 1173.75
1421.84, 1173.7
1422.22, 1173.65
1422.6, 1173.6
1422.99, 1173.55
1423.39, 1173.49
1423.79, 1173.44
1424.2, 1173.39
1424.61, 1173.34
1425.02, 1173.28
1425.44, 1173.23
1425.86, 1173.17
1426.28, 1173.12
1426.71, 1173.06
1427.25, 1172.99
1427.79, 1172.92
1428.33, 1172.85
1428.86, 1172.78
1429.39, 1172.71
1429.94, 1172.64
1430.46, 1172.57
1430.96, 1172.51
1431.46, 1172.45
1431.95, 1172.38
1432.43, 1172.32
1432.91, 1172.27
1433.37, 1172.21
1433.83, 1172.15
1434.27, 1172.09
1434.71, 1172.04
1435.14, 1171.98
1435.56, 1171.93
1435.97, 1171.88
1436.38, 1171.83
1436.78, 1171.78
1437.17, 1171.73
1437.56, 1171.68
1437.94, 1171.63
1438.32, 1171.59
1438.69, 1171.54
1439.07, 1171.49
1439.44, 1171.44
1439.81, 1171.4
1440.17, 1171.35
1440.54, 1171.31
1440.91, 1171.26
1441.28, 1171.21
1441.65, 1171.17
1442.03, 1171.12
1442.4, 1171.07
1442.79, 1171.02
1443.17, 1170.97
1443.56, 1170.93
1443.95, 1170.88
1444.35, 1170.83
1444.75, 1170.78
1445.16, 1170.73
1445.57, 1170.67
1445.98, 1170.62
1446.4, 1170.57
1446.82, 1170.52
1447.25, 1170.46
1447.67, 1170.41

waypoints
x, y
1418.51, 1174.14
1418.88, 1174.09
1419.24, 1174.04
1419.61, 1173.99
1419.97, 1173.94
1420.34, 1173.9
1420.71, 1173.85
1421.08, 1173.8
1421.46, 1173.75
1421.84, 1173.7
1422.22, 1173.65
1422.6, 1173.6
1422.99, 1173.55
1423.39, 1173.49
1423.79, 1173.44
1424.2, 1173.39
1424.61, 1173.34
1425.02, 1173.28
1425.44, 1173.23
1425.86, 1173.17
1426.28, 1173.12
1426.71, 1173.06
1427.25, 1172.99
1427.79, 1172.92
1428.33, 1172.85
1428.86, 1172.78
1429.39, 1172.71
1429.94, 1172.64
1430.46, 1172.57
1430.96, 1172.51
1431.46, 1172.45
1431.95, 1172.38
1432.43, 1172.32
1432.91, 1172.27
1433.37, 1172.21
1433.83, 1172.15
1434.27, 1172.09
1434.71, 1172.04
1435.14, 1171.98
1435.56, 1171.93
1435.97, 1171.88
1436.38, 1171.83
1436.78, 1171.78
1437.17, 1171.73
1437.56, 1171.68
1437.94, 1171.63
1438.32, 1171.59
1438.69, 1171.54
1439.07, 1171.49
1439.44, 1171.44
1439.81, 1171.4
1440.17, 1171.35
1440.54, 1171.31
1440.91, 1171.26
1441.28, 1171.21
1441.65, 1171.17
1442.03, 1171.12
1442.4, 1171.07
1442.79, 1171.02
1443.17, 1170.97
1443.56, 1170.93
1443.95, 1170.88
1444.35, 1170.83
1444.75, 1170.78
1445.16, 1170.73
1445.57, 1170.67
1445.98, 1170.62
1446.4, 1170.57
1446.82, 1170.52
1447.25, 1170.46
1447.67, 1170.41

waypoints
x, y
1419.97, 1173.94
1420.34, 1173.9
1420.71, 1173.85
1421.08, 1173.8
1421.46, 1173.75
1421.84, 1173.7
1422.22, 1173.65
1422.6, 1173.6
1422.99, 1173.55
1423.39, 1173.49
1423.79, 1173.44
1424.2, 1173.39
1424.61, 1173.34
1425.02, 1173.28
1425.44, 1173.23
1425.86, 1173.17
1426.28, 1173.12
1426.71, 1173.06
1427.25, 1172.99
1427.79, 1172.92
1428.33, 1172.85
1428.86, 1172.78
1429.39, 1172.71
1429.94, 1172.64
1430.46, 1172.57
1430.96, 1172.51
1431.46, 1172.45
1431.95, 1172.38
1432.43, 1172.32
1432.91, 1172.27
1433.37, 1172.21
1433.83, 1172.15
1434.27, 1172.09
1434.71, 1172.04
1435.14, 1171.98
1435.56, 1171.93
1435.97, 1171.88
1436.38, 1171.83
1436.78, 1171.78
1437.17, 1171.73
1437.56, 1171.68
1437.94, 1171.63
1438.32, 1171.59
1438.69, 1171.54
1439.07, 1171.49
1439.44, 1171.44
1439.81, 1171.4
1440.17, 1171.35
1440.54, 1171.31
1440.91, 1171.26
1441.28, 1171.21
1441.65, 1171.17
1442.03, 1171.12
1442.4, 1171.07
1442.79, 1171.02
1443.17, 1170.97
1443.56, 1170.93
1443.95, 1170.88
1444.35, 1170.83
1444.75, 1170.78
1445.16, 1170.73
1445.57, 1170.67
1445.98, 1170.62
1446.4, 1170.57
1446.82, 1170.52
1447.25, 1170.46
1447.67, 1170.41

waypoints
x, y
1421.46, 1173.75
1421.84, 1173.7
1422.22, 1173.65
1422.6, 1173.6
1422.99, 1173.55
1423.39, 1173.49
1423.79, 1173.44
1424.2, 1173.39
1424.61, 1173.34
1425.02, 1173.28
1425.44, 1173.23
1425.86, 1173.17
1426.28, 1173.12
1426.71, 1173.06
1427.25, 1172.99
1427.79, 1172.92
1428.33, 1172.85
1428.86, 1172.78
1429.39, 1172.71
1429.94, 1172.64
1430.46, 1172.57
1430.96, 1172.51
1431.46, 1172.45
1431.95, 1172.38
1432.43, 1172.32
1432.91, 1172.27
1433.37, 1172.21
1433.83, 1172.15
1434.27, 1172.09
1434.71, 1172.04
1435.14, 1171.98
1435.56, 1171.93
1435.97, 1171.88
1436.38, 1171.83
1436.78, 1171.78
1437.17, 1171.73
1437.56, 1171.68
1437.94, 1171.63
1438.32, 1171.59
1438.69, 1171.54
1439.07, 1171.49
1439.44, 1171.44
1439.81, 1171.4
1440.17, 1171.35
1440.54, 1171.31
1440.91, 1171.26
1441.28, 1171.21
1441.65, 1171.17
1442.03, 1171.12
1442.4, 1171.07
1442.79, 1171.02
1443.17, 1170.97
1443.56, 1170.93
1443.95, 1170.88
1444.35, 1170.83
1444.75, 1170.78
1445.16, 1170.73
1445.57, 1170.67
1445.98, 1170.62
1446.4, 1170.57
1446.82, 1170.52
1447.25, 1170.46
1447.67, 1170.41

waypoints
x, y
1423.39, 1173.49
1423.79, 1173.44
1424.2, 1173.39
1424.61, 1173.34
1425.02, 1173.28
1425.44, 1173.23
1425.86, 1173.17
1426.28, 1173.12
1426.71, 1173.06
1427.25, 1172.99
1427.79, 1172.92
1428.33, 1172.85
1428.86, 1172.78
1429.39, 1172.71
1429.94, 1172.64
1430.46, 1172.57
1430.96, 1172.51
1431.46, 1172.45
1431.95, 1172.38
1432.43, 1172.32
1432.91, 1172.27
1433.37, 1172.21
1433.83, 1172.15
1434.27, 1172.09
1434.71, 1172.04
1435.14, 1171.98
1435.56, 1171.93
1435.97, 1171.88
1436.38, 1171.83
1436.78, 1171.78
1437.17, 1171.73
1437.56, 1171.68
1437.94, 1171.63
1438.32, 1171.59
1438.69, 1171.54
1439.07, 1171.49
1439.44, 1171.44
1439.81, 1171.4
1440.17, 1171.35
1440.54, 1171.31
1440.91, 1171.26
1441.28, 1171.21
1441.65, 1171.17
1442.03, 1171.12
1442.4, 1171.07
1442.79, 1171.02
1443.17, 1170.97
1443.56, 1170.93
1443.95, 1170.88
1444.35, 1170.83
1444.75, 1170.78
1445.16, 1170.73
1445.57, 1170.67
1445.98, 1170.62
1446.4, 1170.57
1446.82, 1170.52
1447.25, 1170.46
1447.67, 1170.41

waypoints
x, y
1425.44, 1173.23
1425.86, 1173.17
1426.28, 1173.12
1426.71, 1173.06
1427.25, 1172.99
1427.79, 1172.92
1428.33, 1172.85
1428.86, 1172.78
1429.39, 1172.71
1429.94, 1172.64
1430.46, 1172.57
1430.96, 1172.51
1431.46, 1172.45
1431.95, 1172.38
1432.43, 1172.32
1432.91, 1172.27
1433.37, 1172.21
1433.83, 1172.15
1434.27, 1172.09
1434.71, 1172.04
1435.14, 1171.98
1435.56, 1171.93
1435.97, 1171.88
1436.38, 1171.83
1436.78, 1171.78
1437.17, 1171.73
1437.56, 1171.68
1437.94, 1171.63
1438.32, 1171.59
1438.69, 1171.54
1439.07, 1171.49
1439.44, 1171.44
1439.81, 1171.4
1440.17, 1171.35
1440.54, 1171.31
1440.91, 1171.26
1441.28, 1171.21
1441.65, 1171.17
1442.03, 1171.12
1442.4, 1171.07
1442.79, 1171.02
1443.17, 1170.97
1443.56, 1170.93
1443.95, 1170.88
1444.35, 1170.83
1444.75, 1170.78
1445.16, 1170.73
1445.57, 1170.67
1445.98, 1170.62
1446.4, 1170.57
1446.82, 1170.52
1447.25, 1170.46
1447.67, 1170.41

waypoints
x, y
1426.71, 1173.06
1427.25, 1172.99
1427.79, 1172.92
1428.33, 1172.85
1428.86, 1172.78
1429.39, 1172.71
1429.94, 1172.64
1430.46, 1172.57
1430.96, 1172.51
1431.46, 1172.45
1431.95, 1172.38
1432.43, 1172.32
1432.91, 1172.27
1433.37, 1172.21
1433.83, 1172.15
1434.27, 1172.09
1434.71, 1172.04
1435.14, 1171.98
1435.56, 1171.93
1435.97, 1171.88
1436.38, 1171.83
1436.78, 1171.78
1437.17, 1171.73
1437.56, 1171.68
1437.94, 1171.63
1438.32, 1171.59
1438.69, 1171.54
1439.07, 1171.49
1439.44, 1171.44
1439.81, 1171.4
1440.17, 1171.35
1440.54, 1171.31
1440.91, 1171.26
1441.28, 1171.21
1441.65, 1171.17
1442.03, 1171.12
1442.4, 1171.07
1442.79, 1171.02
1443.17, 1170.97
1443.56, 1170.93
1443.95, 1170.88
1444.35, 1170.83
1444.75, 1170.78
1445.16, 1170.73
1445.57, 1170.67
1445.98, 1170.62
1446.4, 1170.57
1446.82, 1170.52
1447.25, 1170.46
1447.67, 1170.41

waypoints
x, y
1428.86, 1172.78
1429.39, 1172.71
1429.94, 1172.64
1430.46, 1172.57
1430.96, 1172.51
1431.46, 1172.45
1431.95, 1172.38
1432.43, 1172.32
1432.91, 1172.27
1433.37, 1172.21
1433.83, 1172.15
1434.27, 1172.09
1434.71, 1172.04
1435.14, 1171.98
1435.56, 1171.93
1435.97, 1171.88
1436.38, 1171.83
1436.78, 1171.78
1437.17, 1171.73
1437.56, 1171.68
1437.94, 1171.63
1438.32, 1171.59
1438.69, 1171.54
1439.07, 1171.49
1439.44, 1171.44
1439.81, 1171.4
1440.17, 1171.35
1440.54, 1171.31
1440.91, 1171.26
1441.28, 1171.21
1441.65, 1171.17
1442.03, 1171.12
1442.4, 1171.07
1442.79, 1171.02
1443.17, 1170.97
1443.56, 1170.93
1443.95, 1170.88
1444.35, 1170.83
1444.75, 1170.78
1445.16, 1170.73
1445.57, 1170.67
1445.98, 1170.62
1446.4, 1170.57
1446.82, 1170.52
1447.25, 1170.46
1447.67, 1170.41
1448.21, 1170.34
1448.75, 1170.27
1449.28, 1170.21
1449.81, 1170.14
1450.34, 1170.08
1450.85, 1170.01
1451.37, 1169.95
1451.87, 1169.88
1452.37, 1169.82
1452.86, 1169.76
1453.34, 1169.7
1453.81, 1169.64
1454.27, 1169.58
1454.72, 1169.52
1455.17, 1169.47
1455.6, 1169.41
1456.03, 1169.36
1456.45, 1169.31
1456.87, 1169.25
1457.27, 1169.2
1457.67, 1169.15
1458.07, 1169.1
1458.46, 1169.05
1458.84, 1169.01
1459.22, 1168.96
1459.6, 1168.91
1459.97, 1168.86
1460.35, 1168.82
1460.72, 1168.77
1461.09, 1168.72
1461.46, 1168.68
1461.83, 1168.63
1462.2, 1168.58
1462.57, 1168.54
1462.95, 1168.49
1463.33, 1168.44
1463.71, 1168.39
1464.1, 1168.35
1464.49, 1168.3
1464.88, 1168.25
1465.28, 1168.2
1465.68, 1168.15
1466.09, 1168.09
1466.49, 1168.04
1466.91, 1167.99
1467.33, 1167.94
1467.75, 1167.88
1468.17, 1167.83
1468.6, 1167.78

waypoints
x, y
1430.96, 1172.51
1431.46, 1172.45
1431.95, 1172.38
1432.43, 1172.32
1432.91, 1172.27
1433.37, 1172.21
1433.83, 1172.15
1434.27, 1172.09
1434.71, 1172.04
1435.14, 1171.98
1435.56, 1171.93
1435.97, 1171.88
1436.38, 1171.83
1436.78, 1171.78
1437.17, 1171.73
1437.56, 1171.68
1437.94, 1171.63
1438.32, 1171.59
1438.69, 1171.54
1439.07, 1171.49
1439.44, 1171.44
1439.81, 1171.4
1440.17, 1171.35
1440.54, 1171.31
1440.91, 1171.26
1441.28, 1171.21
1441.65, 1171.17
1442.03, 1171.12
1442.4, 1171.07
1442.79, 1171.02
1443.17, 1170.97
1443.56, 1170.93
1443.95, 1170.88
1444.35, 1170.83
1444.75, 1170.78
1445.16, 1170.73
1445.57, 1170.67
1445.98, 1170.62
1446.4, 1170.57
1446.82, 1170.52
1447.25, 1170.46
1447.67, 1170.41
1448.21, 1170.34
1448.75, 1170.28
1449.28, 1170.21
1449.81, 1170.14
1450.34, 1170.08
1450.85, 1170.01
1451.37, 1169.95
1451.87, 1169.88
1452.37, 1169.82
1452.86, 1169.76
1453.34, 1169.7
1453.81, 1169.64
1454.27, 1169.58
1454.72, 1169.52
1455.17, 1169.47
1455.61, 1169.41
1456.03, 1169.36
1456.45, 1169.31
1456.87, 1169.25
1457.27, 1169.2
1457.67, 1169.15
1458.07, 1169.1
1458.46, 1169.05
1458.84, 1169.01
1459.22, 1168.96
1459.6, 1168.91
1459.97, 1168.86
1460.35, 1168.82
1460.72, 1168.77
1461.09, 1168.72
1461.46, 1168.68
1461.83, 1168.63
1462.2, 1168.58
1462.57, 1168.54
1462.95, 1168.49
1463.33, 1168.44
1463.71, 1168.39
1464.1, 1168.35
1464.49, 1168.3
1464.88, 1168.25
1465.28, 1168.2
1465.68, 1168.15
1466.09, 1168.1
1466.49, 1168.04
1466.91, 1167.99
1467.33, 1167.94
1467.75, 1167.88
1468.17, 1167.83
1468.6, 1167.78

waypoints
x, y
1432.91, 1172.27
1433.37, 1172.21
1433.83, 1172.15
1434.27, 1172.09
1434.71, 1172.04
1435.14, 1171.98
1435.56, 1171.93
1435.97, 1171.88
1436.38, 1171.83
1436.78, 1171.78
1437.17, 1171.73
1437.56, 1171.68
1437.94, 1171.63
1438.32, 1171.59
1438.69, 1171.54
1439.07, 1171.49
1439.44, 1171.44
1439.81, 1171.4
1440.17, 1171.35
1440.54, 1171.31
1440.91, 1171.26
1441.28, 1171.21
1441.65, 1171.17
1442.03, 1171.12
1442.4, 1171.07
1442.79, 1171.02
1443.17, 1170.97
1443.56, 1170.93
1443.95, 1170.88
1444.35, 1170.83
1444.75, 1170.78
1445.16, 1170.73
1445.57, 1170.67
1445.98, 1170.62
1446.4, 1170.57
1446.82, 1170.52
1447.25, 1170.46
1447.67, 1170.41
1448.21, 1170.34
1448.75, 1170.28
1449.28, 1170.21
1449.81, 1170.14
1450.34, 1170.08
1450.85, 1170.01
1451.37, 1169.95
1451.87, 1169.88
1452.37, 1169.82
1452.86, 1169.76
1453.34, 1169.7
1453.81, 1169.64
1454.27, 1169.58
1454.72, 1169.52
1455.17, 1169.47
1455.61, 1169.41
1456.03, 1169.36
1456.45, 1169.31
1456.87, 1169.25
1457.27, 1169.2
1457.67, 1169.15
1458.07, 1169.1
1458.46, 1169.05
1458.84, 1169.01
1459.22, 1168.96
1459.6, 1168.91
1459.97, 1168.86
1460.35, 1168.82
1460.72, 1168.77
1461.09, 1168.72
1461.46, 1168.68
1461.83, 1168.63
1462.2, 1168.58
1462.57, 1168.54
1462.95, 1168.49
1463.33, 1168.44
1463.71, 1168.39
1464.1, 1168.35
1464.49, 1168.3
1464.88, 1168.25
1465.28, 1168.2
1465.68, 1168.15
1466.09, 1168.1
1466.49, 1168.04
1466.91, 1167.99
1467.33, 1167.94
1467.75, 1167.88
1468.17, 1167.83
1468.6, 1167.78

waypoints
x, y
1434.71, 1172.04
1435.14, 1171.98
1435.56, 1171.93
1435.97, 1171.88
1436.38, 1171.83
1436.78, 1171.78
1437.17, 1171.73
1437.56, 1171.68
1437.94, 1171.63
1438.32, 1171.59
1438.69, 1171.54
1439.07, 1171.49
1439.44, 1171.44
1439.81, 1171.4
1440.17, 1171.35
1440.54, 1171.31
1440.91, 1171.26
1441.28, 1171.21
1441.65, 1171.17
1442.03, 1171.12
1442.4, 1171.07
1442.79, 1171.02
1443.17, 1170.97
1443.56, 1170.93
1443.95, 1170.88
1444.35, 1170.83
1444.75, 1170.78
1445.16, 1170.73
1445.57, 1170.67
1445.98, 1170.62
1446.4, 1170.57
1446.82, 1170.52
1447.25, 1170.46
1447.67, 1170.41
1448.21, 1170.34
1448.75, 1170.28
1449.28, 1170.21
1449.81, 1170.14
1450.34, 1170.08
1450.85, 1170.01
1451.37, 1169.95
1451.87, 1169.88
1452.37, 1169.82
1452.86, 1169.76
1453.34, 1169.7
1453.81, 1169.64
1454.27, 1169.58
1454.72, 1169.52
1455.17, 1169.47
1455.61, 1169.41
1456.03, 1169.36
1456.45, 1169.31
1456.87, 1169.25
1457.27, 1169.2
1457.67, 1169.15
1458.07, 1169.1
1458.46, 1169.05
1458.84, 1169.01
1459.22, 1168.96
1459.6, 1168.91
1459.97, 1168.86
1460.35, 1168.82
1460.72, 1168.77
1461.09, 1168.72
1461.46, 1168.68
1461.83, 1168.63
1462.2, 1168.58
1462.57, 1168.54
1462.95, 1168.49
1463.33, 1168.44
1463.71, 1168.39
1464.1, 1168.35
1464.49, 1168.3
1464.88, 1168.25
1465.28, 1168.2
1465.68, 1168.15
1466.09, 1168.1
1466.49, 1168.04
1466.91, 1167.99
1467.33, 1167.94
1467.75, 1167.88
1468.17, 1167.83
1468.6, 1167.78

waypoints
x, y
1436.38, 1171.83
1436.78, 1171.78
1437.17, 1171.73
1437.56, 1171.68
1437.94, 1171.63
1438.32, 1171.59
1438.69, 1171.54
1439.07, 1171.49
1439.44, 1171.44
1439.81, 1171.4
1440.17, 1171.35
1440.54, 1171.31
1440.91, 1171.26
1441.28, 1171.21
1441.65, 1171.17
1442.03, 1171.12
1442.4, 1171.07
1442.79, 1171.02
1443.17, 1170.97
1443.56, 1170.93
1443.95, 1170.88
1444.35, 1170.83
1444.75, 1170.78
1445.16, 1170.73
1445.57, 1170.67
1445.98, 1170.62
1446.4, 1170.57
1446.82, 1170.52
1447.25, 1170.46
1447.67, 1170.41
1448.21, 1170.34
1448.75, 1170.28
1449.28, 1170.21
1449.81, 1170.14
1450.34, 1170.08
1450.85, 1170.01
1451.37, 1169.95
1451.87, 1169.88
1452.37, 1169.82
1452.86, 1169.76
1453.34, 1169.7
1453.81, 1169.64
1454.27, 1169.58
1454.72, 1169.52
1455.17, 1169.47
1455.61, 1169.41
1456.03, 1169.36
1456.45, 1169.31
1456.87, 1169.25
1457.27, 1169.2
1457.67, 1169.15
1458.07, 1169.1
1458.46, 1169.05
1458.84, 1169.01
1459.22, 1168.96
1459.6, 1168.91
1459.97, 1168.86
1460.35, 1168.82
1460.72, 1168.77
1461.09, 1168.72
1461.46, 1168.68
1461.83, 1168.63
1462.2, 1168.58
1462.57, 1168.54
1462.95, 1168.49
1463.33, 1168.44
1463.71, 1168.39
1464.1, 1168.35
1464.49, 1168.3
1464.88, 1168.25
1465.28, 1168.2
1465.68, 1168.15
1466.09, 1168.1
1466.49, 1168.04
1466.91, 1167.99
1467.33, 1167.94
1467.75, 1167.88
1468.17, 1167.83
1468.6, 1167.78

waypoints
x, y
1437.94, 1171.63
1438.32, 1171.59
1438.69, 1171.54
1439.07, 1171.49
1439.44, 1171.44
1439.81, 1171.4
1440.17, 1171.35
1440.54, 1171.31
1440.91, 1171.26
1441.28, 1171.21
1441.65, 1171.17
1442.03, 1171.12
1442.4, 1171.07
1442.79, 1171.02
1443.17, 1170.97
1443.56, 1170.93
1443.95, 1170.88
1444.35, 1170.83
1444.75, 1170.78
1445.16, 1170.73
1445.57, 1170.67
1445.98, 1170.62
1446.4, 1170.57
1446.82, 1170.52
1447.25, 1170.46
1447.67, 1170.41
1448.21, 1170.34
1448.75, 1170.28
1449.28, 1170.21
1449.81, 1170.14
1450.34, 1170.08
1450.85, 1170.01
1451.37, 1169.95
1451.87, 1169.88
1452.37, 1169.82
1452.86, 1169.76
1453.34, 1169.7
1453.81, 1169.64
1454.27, 1169.58
1454.72, 1169.52
1455.17, 1169.47
1455.61, 1169.41
1456.03, 1169.36
1456.45, 1169.31
1456.87, 1169.25
1457.27, 1169.2
1457.67, 1169.15
1458.07, 1169.1
1458.46, 1169.05
1458.84, 1169.01
1459.22, 1168.96
1459.6, 1168.91
1459.97, 1168.86
1460.35, 1168.82
1460.72, 1168.77
1461.09, 1168.72
1461.46, 1168.68
1461.83, 1168.63
1462.2, 1168.58
1462.57, 1168.54
1462.95, 1168.49
1463.33, 1168.44
1463.71, 1168.39
1464.1, 1168.35
1464.49, 1168.3
1464.88, 1168.25
1465.28, 1168.2
1465.68, 1168.15
1466.09, 1168.1
1466.49, 1168.04
1466.91, 1167.99
1467.33, 1167.94
1467.75, 1167.88
1468.17, 1167.83
1468.6, 1167.78

waypoints
x, y
1439.81, 1171.4
1440.17, 1171.35
1440.54, 1171.31
1440.91, 1171.26
1441.28, 1171.21
1441.65, 1171.17
1442.03, 1171.12
1442.4, 1171.07
1442.79, 1171.02
1443.17, 1170.97
1443.56, 1170.93
1443.95, 1170.88
1444.35, 1170.83
1444.75, 1170.78
1445.16, 1170.73
1445.57, 1170.67
1445.98, 1170.62
1446.4, 1170.57
1446.82, 1170.52
1447.25, 1170.46
1447.67, 1170.41
1448.21, 1170.34
1448.75, 1170.28
1449.28, 1170.21
1449.81, 1170.14
1450.34, 1170.08
1450.85, 1170.01
1451.37, 1169.95
1451.87, 1169.88
1452.37, 1169.82
1452.86, 1169.76
1453.34, 1169.7
1453.81, 1169.64
1454.27, 1169.58
1454.72, 1169.52
1455.17, 1169.47
1455.61, 1169.41
1456.03, 1169.36
1456.45, 1169.31
1456.87, 1169.25
1457.27, 1169.2
1457.67, 1169.15
1458.07, 1169.1
1458.46, 1169.05
1458.84, 1169.01
1459.22, 1168.96
1459.6, 1168.91
1459.97, 1168.86
1460.35, 1168.82
1460.72, 1168.77
1461.09, 1168.72
1461.46, 1168.68
1461.83, 1168.63
1462.2, 1168.58
1462.57, 1168.54
1462.95, 1168.49
1463.33, 1168.44
1463.71, 1168.39
1464.1, 1168.35
1464.49, 1168.3
1464.88, 1168.25
1465.28, 1168.2
1465.68, 1168.15
1466.09, 1168.1
1466.49, 1168.04
1466.91, 1167.99
1467.33, 1167.94
1467.75, 1167.88
1468.17, 1167.83
1468.6, 1167.78

waypoints
x, y
1440.91, 1171.26
1441.28, 1171.21
1441.65, 1171.17
1442.03, 1171.12
1442.4, 1171.07
1442.79, 1171.02
1443.17, 1170.97
1443.56, 1170.93
1443.95, 1170.88
1444.35, 1170.83
1444.75, 1170.78
1445.16, 1170.73
1445.57, 1170.67
1445.98, 1170.62
1446.4, 1170.57
1446.82, 1170.52
1447.25, 1170.46
1447.67, 1170.41
1448.21, 1170.34
1448.75, 1170.28
1449.28, 1170.21
1449.81, 1170.14
1450.34, 1170.08
1450.85, 1170.01
1451.37, 1169.95
1451.87, 1169.88
1452.37, 1169.82
1452.86, 1169.76
1453.34, 1169.7
1453.81, 1169.64
1454.27, 1169.58
1454.72, 1169.52
1455.17, 1169.47
1455.61, 1169.41
1456.03, 1169.36
1456.45, 1169.31
1456.87, 1169.25
1457.27, 1169.2
1457.67, 1169.15
1458.07, 1169.1
1458.46, 1169.05
1458.84, 1169.01
1459.22, 1168.96
1459.6, 1168.91
1459.97, 1168.86
1460.35, 1168.82
1460.72, 1168.77
1461.09, 1168.72
1461.46, 1168.68
1461.83, 1168.63
1462.2, 1168.58
1462.57, 1168.54
1462.95, 1168.49
1463.33, 1168.44
1463.71, 1168.39
1464.1, 1168.35
1464.49, 1168.3
1464.88, 1168.25
1465.28, 1168.2
1465.68, 1168.15
1466.09, 1168.1
1466.49, 1168.04
1466.91, 1167.99
1467.33, 1167.94
1467.75, 1167.88
1468.17, 1167.83
1468.6, 1167.78

waypoints
x, y
1442.4, 1171.07
1442.79, 1171.02
1443.17, 1170.97
1443.56, 1170.93
1443.95, 1170.88
1444.35, 1170.83
1444.75, 1170.78
1445.16, 1170.73
1445.57, 1170.67
1445.98, 1170.62
1446.4, 1170.57
1446.82, 1170.52
1447.25, 1170.46
1447.67, 1170.41
1448.21, 1170.34
1448.75, 1170.28
1449.28, 1170.21
1449.81, 1170.14
1450.34, 1170.08
1450.85, 1170.01
1451.37, 1169.95
1451.87, 1169.88
1452.37, 1169.82
1452.86, 1169.76
1453.34, 1169.7
1453.81, 1169.64
1454.27, 1169.58
1454.72, 1169.52
1455.17, 1169.47
1455.61, 1169.41
1456.03, 1169.36
1456.45, 1169.31
1456.87, 1169.25
1457.27, 1169.2
1457.67, 1169.15
1458.07, 1169.1
1458.46, 1169.05
1458.84, 1169.01
1459.22, 1168.96
1459.6, 1168.91
1459.97, 1168.86
1460.35, 1168.82
1460.72, 1168.77
1461.09, 1168.72
1461.46, 1168.68
1461.83, 1168.63
1462.2, 1168.58
1462.57, 1168.54
1462.95, 1168.49
1463.33, 1168.44
1463.71, 1168.39
1464.1, 1168.35
1464.49, 1168.3
1464.88, 1168.25
1465.28, 1168.2
1465.68, 1168.15
1466.09, 1168.1
1466.49, 1168.04
1466.91, 1167.99
1467.33, 1167.94
1467.75, 1167.88
1468.17, 1167.83
1468.6, 1167.78

waypoints
x, y
1443.56, 1170.93
1443.95, 1170.88
1444.35, 1170.83
1444.75, 1170.78
1445.16, 1170.73
1445.57, 1170.67
1445.98, 1170.62
1446.4, 1170.57
1446.82, 1170.52
1447.25, 1170.46
1447.67, 1170.41
1448.21, 1170.34
1448.75, 1170.28
1449.28, 1170.21
1449.81, 1170.14
1450.34, 1170.08
1450.85, 1170.01
1451.37, 1169.95
1451.87, 1169.88
1452.37, 1169.82
1452.86, 1169.76
1453.34, 1169.7
1453.81, 1169.64
1454.27, 1169.58
1454.72, 1169.52
1455.17, 1169.47
1455.61, 1169.41
1456.03, 1169.36
1456.45, 1169.31
1456.87, 1169.25
1457.27, 1169.2
1457.67, 1169.15
1458.07, 1169.1
1458.46, 1169.05
1458.84, 1169.01
1459.22, 1168.96
1459.6, 1168.91
1459.97, 1168.86
1460.35, 1168.82
1460.72, 1168.77
1461.09, 1168.72
1461.46, 1168.68
1461.83, 1168.63
1462.2, 1168.58
1462.57, 1168.54
1462.95, 1168.49
1463.33, 1168.44
1463.71, 1168.39
1464.1, 1168.35
1464.49, 1168.3
1464.88, 1168.25
1465.28, 1168.2
1465.68, 1168.15
1466.09, 1168.1
1466.49, 1168.04
1466.91, 1167.99
1467.33, 1167.94
1467.75, 1167.88
1468.17, 1167.83
1468.6, 1167.78

waypoints
x, y
1445.16, 1170.73
1445.57, 1170.67
1445.98, 1170.62
1446.4, 1170.57
1446.82, 1170.52
1447.25, 1170.46
1447.67, 1170.41
1448.21, 1170.34
1448.75, 1170.28
1449.28, 1170.21
1449.81, 1170.14
1450.34, 1170.08
1450.85, 1170.01
1451.37, 1169.95
1451.87, 1169.88
1452.37, 1169.82
1452.86, 1169.76
1453.34, 1169.7
1453.81, 1169.64
1454.27, 1169.58
1454.72, 1169.52
1455.17, 1169.47
1455.61, 1169.41
1456.03, 1169.36
1456.45, 1169.31
1456.87, 1169.25
1457.27, 1169.2
1457.67, 1169.15
1458.07, 1169.1
1458.46, 1169.05
1458.84, 1169.01
1459.22, 1168.96
1459.6, 1168.91
1459.97, 1168.86
1460.35, 1168.82
1460.72, 1168.77
1461.09, 1168.72
1461.46, 1168.68
1461.83, 1168.63
1462.2, 1168.58
1462.57, 1168.54
1462.95, 1168.49
1463.33, 1168.44
1463.71, 1168.39
1464.1, 1168.35
1464.49, 1168.3
1464.88, 1168.25
1465.28, 1168.2
1465.68, 1168.15
1466.09, 1168.1
1466.49, 1168.04
1466.91, 1167.99
1467.33, 1167.94
1467.75, 1167.88
1468.17, 1167.83
1468.6, 1167.78

waypoints
x, y
1446.4, 1170.57
1446.82, 1170.52
1447.25, 1170.46
1447.67, 1170.41
1448.21, 1170.34
1448.75, 1170.28
1449.28, 1170.21
1449.81, 1170.14
1450.34, 1170.08
1450.85, 1170.01
1451.37, 1169.95
1451.87, 1169.88
1452.37, 1169.82
1452.86, 1169.76
1453.34, 1169.7
1453.81, 1169.64
1454.27, 1169.58
1454.72, 1169.52
1455.17, 1169.47
1455.61, 1169.41
1456.03, 1169.36
1456.45, 1169.31
1456.87, 1169.25
1457.27, 1169.2
1457.67, 1169.15
1458.07, 1169.1
1458.46, 1169.05
1458.84, 1169.01
1459.22, 1168.96
1459.6, 1168.91
1459.97, 1168.86
1460.35, 1168.82
1460.72, 1168.77
1461.09, 1168.72
1461.46, 1168.68
1461.83, 1168.63
1462.2, 1168.58
1462.57, 1168.54
1462.95, 1168.49
1463.33, 1168.44
1463.71, 1168.39
1464.1, 1168.35
1464.49, 1168.3
1464.88, 1168.25
1465.28, 1168.2
1465.68, 1168.15
1466.09, 1168.1
1466.49, 1168.04
1466.91, 1167.99
1467.33, 1167.94
1467.75, 1167.88
1468.17, 1167.83
1468.6, 1167.78

waypoints
x, y
1448.21, 1170.34
1448.75, 1170.28
1449.28, 1170.21
1449.81, 1170.14
1450.34, 1170.08
1450.85, 1170.01
1451.37, 1169.95
1451.87, 1169.88
1452.37, 1169.82
1452.86, 1169.76
1453.34, 1169.7
1453.81, 1169.64
1454.27, 1169.58
1454.72, 1169.52
1455.17, 1169.47
1455.61, 1169.41
1456.03, 1169.36
1456.45, 1169.31
1456.87, 1169.25
1457.27, 1169.2
1457.67, 1169.15
1458.07, 1169.1
1458.46, 1169.05
1458.84, 1169.01
1459.22, 1168.96
1459.6, 1168.91
1459.97, 1168.86
1460.35, 1168.82
1460.72, 1168.77
1461.09, 1168.72
1461.46, 1168.68
1461.83, 1168.63
1462.2, 1168.58
1462.57, 1168.54
1462.95, 1168.49
1463.33, 1168.44
1463.71, 1168.39
1464.1, 1168.35
1464.49, 1168.3
1464.88, 1168.25
1465.28, 1168.2
1465.68, 1168.15
1466.09, 1168.1
1466.49, 1168.04
1466.91, 1167.99
1467.33, 1167.94
1467.75, 1167.88
1468.17, 1167.83
1468.6, 1167.78
1469.01, 1167.72
1469.44, 1167.67
1469.87, 1167.61
1470.29, 1167.56
1470.72, 1167.5
1471.14, 1167.45
1471.57, 1167.39
1472, 1167.34
1472.42, 1167.29
1472.85, 1167.23
1473.28, 1167.18
1473.7, 1167.12
1474.13, 1167.07
1474.56, 1167.01
1474.98, 1166.96
1475.41, 1166.91
1475.84, 1166.85
1476.26, 1166.8
1476.69, 1166.74
1477.12, 1166.69
1477.55, 1166.64
1477.97, 1166.58
1478.4, 1166.53
1478.83, 1166.47
1479.26, 1166.42
1479.68, 1166.36
1480.11, 1166.31
1480.54, 1166.26
1480.97, 1166.2
1481.4, 1166.15
1481.82, 1166.09
1482.25, 1166.04
1482.68, 1165.98
1483.11, 1165.93
1483.53, 1165.88
1483.96, 1165.82
1484.39, 1165.77
1484.82, 1165.71
1485.24, 1165.66
1485.67, 1165.6
1486.1, 1165.55
1486.53, 1165.49
1486.95, 1165.44
1487.38, 1165.39
1487.81, 1165.33
1488.24, 1165.28
1488.66, 1165.22
1489.09, 1165.17
1489.52, 1165.11

waypoints
x, y
1450.34, 1170.08
1450.85, 1170.01
1451.37, 1169.95
1451.87, 1169.88
1452.37, 1169.82
1452.86, 1169.76
1453.34, 1169.7
1453.81, 1169.64
1454.27, 1169.58
1454.72, 1169.52
1455.17, 1169.47
1455.61, 1169.41
1456.03, 1169.36
1456.45, 1169.31
1456.87, 1169.25
1457.27, 1169.2
1457.67, 1169.15
1458.07, 1169.1
1458.46, 1169.05
1458.84, 1169.01
1459.22, 1168.96
1459.6, 1168.91
1459.97, 1168.86
1460.35, 1168.82
1460.72, 1168.77
1461.09, 1168.72
1461.46, 1168.68
1461.83, 1168.63
1462.2, 1168.58
1462.57, 1168.54
1462.95, 1168.49
1463.33, 1168.44
1463.71, 1168.39
1464.1, 1168.35
1464.49, 1168.3
1464.88, 1168.25
1465.28, 1168.2
1465.68, 1168.15
1466.09, 1168.1
1466.49, 1168.04
1466.91, 1167.99
1467.33, 1167.94
1467.75, 1167.88
1468.17, 1167.83
1468.6, 1167.78
1469.01, 1167.72
1469.44, 1167.66
1469.87, 1167.61
1470.29, 1167.56
1470.72, 1167.5
1471.14, 1167.45
1471.57, 1167.39
1472, 1167.34
1472.42, 1167.29
1472.85, 1167.23
1473.28, 1167.18
1473.7, 1167.12
1474.13, 1167.07
1474.56, 1167.02
1474.98, 1166.96
1475.41, 1166.91
1475.84, 1166.85
1476.26, 1166.8
1476.69, 1166.74
1477.12, 1166.69
1477.55, 1166.63
1477.97, 1166.58
1478.4, 1166.53
1478.83, 1166.47
1479.26, 1166.42
1479.68, 1166.36
1480.11, 1166.31
1480.54, 1166.26
1480.97, 1166.2
1481.4, 1166.15
1481.82, 1166.09
1482.25, 1166.04
1482.68, 1165.98
1483.11, 1165.93
1483.53, 1165.88
1483.96, 1165.82
1484.39, 1165.77
1484.82, 1165.71
1485.24, 1165.66
1485.67, 1165.6
1486.1, 1165.55
1486.53, 1165.49
1486.95, 1165.44
1487.38, 1165.39
1487.81, 1165.33
1488.24, 1165.28
1488.66, 1165.22
1489.09, 1165.17
1489.52, 1165.12

waypoints
x, y
1452.37, 1169.82
1452.86, 1169.76
1453.34, 1169.7
1453.81, 1169.64
1454.27, 1169.58
1454.72, 1169.52
1455.17, 1169.47
1455.61, 1169.41
1456.03, 1169.36
1456.45, 1169.31
1456.87, 1169.25
1457.27, 1169.2
1457.67, 1169.15
1458.07, 1169.1
1458.46, 1169.05
1458.84, 1169.01
1459.22, 1168.96
1459.6, 1168.91
1459.97, 1168.86
1460.35, 1168.82
1460.72, 1168.77
1461.09, 1168.72
1461.46, 1168.68
1461.83, 1168.63
1462.2, 1168.58
1462.57, 1168.54
1462.95, 1168.49
1463.33, 1168.44
1463.71, 1168.39
1464.1, 1168.35
1464.49, 1168.3
1464.88, 1168.25
1465.28, 1168.2
1465.68, 1168.15
1466.09, 1168.1
1466.49, 1168.04
1466.91, 1167.99
1467.33, 1167.94
1467.75, 1167.88
1468.17, 1167.83
1468.6, 1167.78
1469.01, 1167.72
1469.44, 1167.66
1469.87, 1167.61
1470.29, 1167.56
1470.72, 1167.5
1471.14, 1167.45
1471.57, 1167.39
1472, 1167.34
1472.42, 1167.29
1472.85, 1167.23
1473.28, 1167.18
1473.7, 1167.12
1474.13, 1167.07
1474.56, 1167.02
1474.98, 1166.96
1475.41, 1166.91
1475.84, 1166.85
1476.26, 1166.8
1476.69, 1166.74
1477.12, 1166.69
1477.55, 1166.63
1477.97, 1166.58
1478.4, 1166.53
1478.83, 1166.47
1479.26, 1166.42
1479.68, 1166.36
1480.11, 1166.31
1480.54, 1166.26
1480.97, 1166.2
1481.4, 1166.15
1481.82, 1166.09
1482.25, 1166.04
1482.68, 1165.98
1483.11, 1165.93
1483.53, 1165.88
1483.96, 1165.82
1484.39, 1165.77
1484.82, 1165.71
1485.24, 1165.66
1485.67, 1165.6
1486.1, 1165.55
1486.53, 1165.49
1486.95, 1165.44
1487.38, 1165.39
1487.81, 1165.33
1488.24, 1165.28
1488.66, 1165.22
1489.09, 1165.17
1489.52, 1165.12

waypoints
x, y
1453.81, 1169.64
1454.27, 1169.58
1454.72, 1169.52
1455.17, 1169.47
1455.61, 1169.41
1456.03, 1169.36
1456.45, 1169.31
1456.87, 1169.25
1457.27, 1169.2
1457.67, 1169.15
1458.07, 1169.1
1458.46, 1169.05
1458.84, 1169.01
1459.22, 1168.96
1459.6, 1168.91
1459.97, 1168.86
1460.35, 1168.82
1460.72, 1168.77
1461.09, 1168.72
1461.46, 1168.68
1461.83, 1168.63
1462.2, 1168.58
1462.57, 1168.54
1462.95, 1168.49
1463.33, 1168.44
1463.71, 1168.39
1464.1, 1168.35
1464.49, 1168.3
1464.88, 1168.25
1465.28, 1168.2
1465.68, 1168.15
1466.09, 1168.1
1466.49, 1168.04
1466.91, 1167.99
1467.33, 1167.94
1467.75, 1167.88
1468.17, 1167.83
1468.6, 1167.78
1469.01, 1167.72
1469.44, 1167.66
1469.87, 1167.61
1470.29, 1167.56
1470.72, 1167.5
1471.14, 1167.45
1471.57, 1167.39
1472, 1167.34
1472.42, 1167.29
1472.85, 1167.23
1473.28, 1167.18
1473.7, 1167.12
1474.13, 1167.07
1474.56, 1167.02
1474.98, 1166.96
1475.41, 1166.91
1475.84, 1166.85
1476.26, 1166.8
1476.69, 1166.74
1477.12, 1166.69
1477.55, 1166.63
1477.97, 1166.58
1478.4, 1166.53
1478.83, 1166.47
1479.26, 1166.42
1479.68, 1166.36
1480.11, 1166.31
1480.54, 1166.26
1480.97, 1166.2
1481.4, 1166.15
1481.82, 1166.09
1482.25, 1166.04
1482.68, 1165.98
1483.11, 1165.93
1483.53, 1165.88
1483.96, 1165.82
1484.39, 1165.77
1484.82, 1165.71
1485.24, 1165.66
1485.67, 1165.6
1486.1, 1165.55
1486.53, 1165.49
1486.95, 1165.44
1487.38, 1165.39
1487.81, 1165.33
1488.24, 1165.28
1488.66, 1165.22
1489.09, 1165.17
1489.52, 1165.12

waypoints
x, y
1455.61, 1169.41
1456.03, 1169.36
1456.45, 1169.31
1456.87, 1169.25
1457.27, 1169.2
1457.67, 1169.15
1458.07, 1169.1
1458.46, 1169.05
1458.84, 1169.01
1459.22, 1168.96
1459.6, 1168.91
1459.97, 1168.86
1460.35, 1168.82
1460.72, 1168.77
1461.09, 1168.72
1461.46, 1168.68
1461.83, 1168.63
1462.2, 1168.58
1462.57, 1168.54
1462.95, 1168.49
1463.33, 1168.44
1463.71, 1168.39
1464.1, 1168.35
1464.49, 1168.3
1464.88, 1168.25
1465.28, 1168.2
1465.68, 1168.15
1466.09, 1168.1
1466.49, 1168.04
1466.91, 1167.99
1467.33, 1167.94
1467.75, 1167.88
1468.17, 1167.83
1468.6, 1167.78
1469.01, 1167.72
1469.44, 1167.66
1469.87, 1167.61
1470.29, 1167.56
1470.72, 1167.5
1471.14, 1167.45
1471.57, 1167.39
1472, 1167.34
1472.42, 1167.29
1472.85, 1167.23
1473.28, 1167.18
1473.7, 1167.12
1474.13, 1167.07
1474.56, 1167.02
1474.98, 1166.96
1475.41, 1166.91
1475.84, 1166.85
1476.26, 1166.8
1476.69, 1166.74
1477.12, 1166.69
1477.55, 1166.63
1477.97, 1166.58
1478.4, 1166.53
1478.83, 1166.47
1479.26, 1166.42
1479.68, 1166.36
1480.11, 1166.31
1480.54, 1166.26
1480.97, 1166.2
1481.4, 1166.15
1481.82, 1166.09
1482.25, 1166.04
1482.68, 1165.98
1483.11, 1165.93
1483.53, 1165.88
1483.96, 1165.82
1484.39, 1165.77
1484.82, 1165.71
1485.24, 1165.66
1485.67, 1165.6
1486.1, 1165.55
1486.53, 1165.49
1486.95, 1165.44
1487.38, 1165.39
1487.81, 1165.33
1488.24, 1165.28
1488.66, 1165.22
1489.09, 1165.17
1489.52, 1165.12

waypoints
x, y
1457.27, 1169.2
1457.67, 1169.15
1458.07, 1169.1
1458.46, 1169.05
1458.84, 1169.01
1459.22, 1168.96
1459.6, 1168.91
1459.97, 1168.86
1460.35, 1168.82
1460.72, 1168.77
1461.09, 1168.72
1461.46, 1168.68
1461.83, 1168.63
1462.2, 1168.58
1462.57, 1168.54
1462.95, 1168.49
1463.33, 1168.44
1463.71, 1168.39
1464.1, 1168.35
1464.49, 1168.3
1464.88, 1168.25
1465.28, 1168.2
1465.68, 1168.15
1466.09, 1168.1
1466.49, 1168.04
1466.91, 1167.99
1467.33, 1167.94
1467.75, 1167.88
1468.17, 1167.83
1468.6, 1167.78
1469.01, 1167.72
1469.44, 1167.66
1469.87, 1167.61
1470.29, 1167.56
1470.72, 1167.5
1471.14, 1167.45
1471.57, 1167.39
1472, 1167.34
1472.42, 1167.29
1472.85, 1167.23
1473.28, 1167.18
1473.7, 1167.12
1474.13, 1167.07
1474.56, 1167.02
1474.98, 1166.96
1475.41, 1166.91
1475.84, 1166.85
1476.26, 1166.8
1476.69, 1166.74
1477.12, 1166.69
1477.55, 1166.63
1477.97, 1166.58
1478.4, 1166.53
1478.83, 1166.47
1479.26, 1166.42
1479.68, 1166.36
1480.11, 1166.31
1480.54, 1166.26
1480.97, 1166.2
1481.4, 1166.15
1481.82, 1166.09
1482.25, 1166.04
1482.68, 1165.98
1483.11, 1165.93
1483.53, 1165.88
1483.96, 1165.82
1484.39, 1165.77
1484.82, 1165.71
1485.24, 1165.66
1485.67, 1165.6
1486.1, 1165.55
1486.53, 1165.49
1486.95, 1165.44
1487.38, 1165.39
1487.81, 1165.33
1488.24, 1165.28
1488.66, 1165.22
1489.09, 1165.17
1489.52, 1165.12

waypoints
x, y
1458.84, 1169.01
1459.22, 1168.96
1459.6, 1168.91
1459.97, 1168.86
1460.35, 1168.82
1460.72, 1168.77
1461.09, 1168.72
1461.46, 1168.68
1461.83, 1168.63
1462.2, 1168.58
1462.57, 1168.54
1462.95, 1168.49
1463.33, 1168.44
1463.71, 1168.39
1464.1, 1168.35
1464.49, 1168.3
1464.88, 1168.25
1465.28, 1168.2
1465.68, 1168.15
1466.09, 1168.1
1466.49, 1168.04
1466.91, 1167.99
1467.33, 1167.94
1467.75, 1167.88
1468.17, 1167.83
1468.6, 1167.78
1469.01, 1167.72
1469.44, 1167.66
1469.87, 1167.61
1470.29, 1167.56
1470.72, 1167.5
1471.14, 1167.45
1471.57, 1167.39
1472, 1167.34
1472.42, 1167.29
1472.85, 1167.23
1473.28, 1167.18
1473.7, 1167.12
1474.13, 1167.07
1474.56, 1167.02
1474.98, 1166.96
1475.41, 1166.91
1475.84, 1166.85
1476.26, 1166.8
1476.69, 1166.74
1477.12, 1166.69
1477.55, 1166.63
1477.97, 1166.58
1478.4, 1166.53
1478.83, 1166.47
1479.26, 1166.42
1479.68, 1166.36
1480.11, 1166.31
1480.54, 1166.26
1480.97, 1166.2
1481.4, 1166.15
1481.82, 1166.09
1482.25, 1166.04
1482.68, 1165.98
1483.11, 1165.93
1483.53, 1165.88
1483.96, 1165.82
1484.39, 1165.77
1484.82, 1165.71
1485.24, 1165.66
1485.67, 1165.6
1486.1, 1165.55
1486.53, 1165.49
1486.95, 1165.44
1487.38, 1165.39
1487.81, 1165.33
1488.24, 1165.28
1488.66, 1165.22
1489.09, 1165.17
1489.52, 1165.12

waypoints
x, y
1460.35, 1168.82
1460.72, 1168.77
1461.09, 1168.72
1461.46, 1168.68
1461.83, 1168.63
1462.2, 1168.58
1462.57, 1168.54
1462.95, 1168.49
1463.33, 1168.44
1463.71, 1168.39
1464.1, 1168.35
1464.49, 1168.3
1464.88, 1168.25
1465.28, 1168.2
1465.68, 1168.15
1466.09, 1168.1
1466.49, 1168.04
1466.91, 1167.99
1467.33, 1167.94
1467.75, 1167.88
1468.17, 1167.83
1468.6, 1167.78
1469.01, 1167.72
1469.44, 1167.66
1469.87, 1167.61
1470.29, 1167.56
1470.72, 1167.5
1471.14, 1167.45
1471.57, 1167.39
1472, 1167.34
1472.42, 1167.29
1472.85, 1167.23
1473.28, 1167.18
1473.7, 1167.12
1474.13, 1167.07
1474.56, 1167.02
1474.98, 1166.96
1475.41, 1166.91
1475.84, 1166.85
1476.26, 1166.8
1476.69, 1166.74
1477.12, 1166.69
1477.55, 1166.63
1477.97, 1166.58
1478.4, 1166.53
1478.83, 1166.47
1479.26, 1166.42
1479.68, 1166.36
1480.11, 1166.31
1480.54, 1166.26
1480.97, 1166.2
1481.4, 1166.15
1481.82, 1166.09
1482.25, 1166.04
1482.68, 1165.98
1483.11, 1165.93
1483.53, 1165.88
1483.96, 1165.82
1484.39, 1165.77
1484.82, 1165.71
1485.24, 1165.66
1485.67, 1165.6
1486.1, 1165.55
1486.53, 1165.49
1486.95, 1165.44
1487.38, 1165.39
1487.81, 1165.33
1488.24, 1165.28
1488.66, 1165.22
1489.09, 1165.17
1489.52, 1165.12

waypoints
x, y
1461.83, 1168.63
1462.2, 1168.58
1462.57, 1168.54
1462.95, 1168.49
1463.33, 1168.44
1463.71, 1168.39
1464.1, 1168.35
1464.49, 1168.3
1464.88, 1168.25
1465.28, 1168.2
1465.68, 1168.15
1466.09, 1168.1
1466.49, 1168.04
1466.91, 1167.99
1467.33, 1167.94
1467.75, 1167.88
1468.17, 1167.83
1468.6, 1167.78
1469.01, 1167.72
1469.44, 1167.66
1469.87, 1167.61
1470.29, 1167.56
1470.72, 1167.5
1471.14, 1167.45
1471.57, 1167.39
1472, 1167.34
1472.42, 1167.29
1472.85, 1167.23
1473.28, 1167.18
1473.7, 1167.12
1474.13, 1167.07
1474.56, 1167.02
1474.98, 1166.96
1475.41, 1166.91
1475.84, 1166.85
1476.26, 1166.8
1476.69, 1166.74
1477.12, 1166.69
1477.55, 1166.63
1477.97, 1166.58
1478.4, 1166.53
1478.83, 1166.47
1479.26, 1166.42
1479.68, 1166.36
1480.11, 1166.31
1480.54, 1166.26
1480.97, 1166.2
1481.4, 1166.15
1481.82, 1166.09
1482.25, 1166.04
1482.68, 1165.98
1483.11, 1165.93
1483.53, 1165.88
1483.96, 1165.82
1484.39, 1165.77
1484.82, 1165.71
1485.24, 1165.66
1485.67, 1165.6
1486.1, 1165.55
1486.53, 1165.49
1486.95, 1165.44
1487.38, 1165.39
1487.81, 1165.33
1488.24, 1165.28
1488.66, 1165.22
1489.09, 1165.17
1489.52, 1165.12

waypoints
x, y
1463.33, 1168.44
1463.71, 1168.39
1464.1, 1168.35
1464.49, 1168.3
1464.88, 1168.25
1465.28, 1168.2
1465.68, 1168.15
1466.09, 1168.1
1466.49, 1168.04
1466.91, 1167.99
1467.33, 1167.94
1467.75, 1167.88
1468.17, 1167.83
1468.6, 1167.78
1469.01, 1167.72
1469.44, 1167.66
1469.87, 1167.61
1470.29, 1167.56
1470.72, 1167.5
1471.14, 1167.45
1471.57, 1167.39
1472, 1167.34
1472.42, 1167.29
1472.85, 1167.23
1473.28, 1167.18
1473.7, 1167.12
1474.13, 1167.07
1474.56, 1167.02
1474.98, 1166.96
1475.41, 1166.91
1475.84, 1166.85
1476.26, 1166.8
1476.69, 1166.74
1477.12, 1166.69
1477.55, 1166.63
1477.97, 1166.58
1478.4, 1166.53
1478.83, 1166.47
1479.26, 1166.42
1479.68, 1166.36
1480.11, 1166.31
1480.54, 1166.26
1480.97, 1166.2
1481.4, 1166.15
1481.82, 1166.09
1482.25, 1166.04
1482.68, 1165.98
1483.11, 1165.93
1483.53, 1165.88
1483.96, 1165.82
1484.39, 1165.77
1484.82, 1165.71
1485.24, 1165.66
1485.67, 1165.6
1486.1, 1165.55
1486.53, 1165.49
1486.95, 1165.44
1487.38, 1165.39
1487.81, 1165.33
1488.24, 1165.28
1488.66, 1165.22
1489.09, 1165.17
1489.52, 1165.12

waypoints
x, y
1464.88, 1168.25
1465.28, 1168.2
1465.68, 1168.15
1466.09, 1168.1
1466.49, 1168.04
1466.91, 1167.99
1467.33, 1167.94
1467.75, 1167.88
1468.17, 1167.83
1468.6, 1167.78
1469.01, 1167.72
1469.44, 1167.66
1469.87, 1167.61
1470.29, 1167.56
1470.72, 1167.5
1471.14, 1167.45
1471.57, 1167.39
1472, 1167.34
1472.42, 1167.29
1472.85, 1167.23
1473.28, 1167.18
1473.7, 1167.12
1474.13, 1167.07
1474.56, 1167.02
1474.98, 1166.96
1475.41, 1166.91
1475.84, 1166.85
1476.26, 1166.8
1476.69, 1166.74
1477.12, 1166.69
1477.55, 1166.63
1477.97, 1166.58
1478.4, 1166.53
1478.83, 1166.47
1479.26, 1166.42
1479.68, 1166.36
1480.11, 1166.31
1480.54, 1166.26
1480.97, 1166.2
1481.4, 1166.15
1481.82, 1166.09
1482.25, 1166.04
1482.68, 1165.98
1483.11, 1165.93
1483.53, 1165.88
1483.96, 1165.82
1484.39, 1165.77
1484.82, 1165.71
1485.24, 1165.66
1485.67, 1165.6
1486.1, 1165.55
1486.53, 1165.49
1486.95, 1165.44
1487.38, 1165.39
1487.81, 1165.33
1488.24, 1165.28
1488.66, 1165.22
1489.09, 1165.17
1489.52, 1165.12

waypoints
x, y
1466.09, 1168.1
1466.49, 1168.04
1466.91, 1167.99
1467.33, 1167.94
1467.75, 1167.88
1468.17, 1167.83
1468.6, 1167.78
1469.01, 1167.72
1469.44, 1167.66
1469.87, 1167.61
1470.29, 1167.56
1470.72, 1167.5
1471.14, 1167.45
1471.57, 1167.39
1472, 1167.34
1472.42, 1167.29
1472.85, 1167.23
1473.28, 1167.18
1473.7, 1167.12
1474.13, 1167.07
1474.56, 1167.02
1474.98, 1166.96
1475.41, 1166.91
1475.84, 1166.85
1476.26, 1166.8
1476.69, 1166.74
1477.12, 1166.69
1477.55, 1166.63
1477.97, 1166.58
1478.4, 1166.53
1478.83, 1166.47
1479.26, 1166.42
1479.68, 1166.36
1480.11, 1166.31
1480.54, 1166.26
1480.97, 1166.2
1481.4, 1166.15
1481.82, 1166.09
1482.25, 1166.04
1482.68, 1165.98
1483.11, 1165.93
1483.53, 1165.88
1483.96, 1165.82
1484.39, 1165.77
1484.82, 1165.71
1485.24, 1165.66
1485.67, 1165.6
1486.1, 1165.55
1486.53, 1165.49
1486.95, 1165.44
1487.38, 1165.39
1487.81, 1165.33
1488.24, 1165.28
1488.66, 1165.22
1489.09, 1165.17
1489.52, 1165.12

waypoints
x, y
1467.75, 1167.88
1468.17, 1167.83
1468.6, 1167.78
1469.01, 1167.72
1469.44, 1167.66
1469.87, 1167.61
1470.29, 1167.56
1470.72, 1167.5
1471.14, 1167.45
1471.57, 1167.39
1472, 1167.34
1472.42, 1167.29
1472.85, 1167.23
1473.28, 1167.18
1473.7, 1167.12
1474.13, 1167.07
1474.56, 1167.02
1474.98, 1166.96
1475.41, 1166.91
1475.84, 1166.85
1476.26, 1166.8
1476.69, 1166.74
1477.12, 1166.69
1477.55, 1166.63
1477.97, 1166.58
1478.4, 1166.53
1478.83, 1166.47
1479.26, 1166.42
1479.68, 1166.36
1480.11, 1166.31
1480.54, 1166.26
1480.97, 1166.2
1481.4, 1166.15
1481.82, 1166.09
1482.25, 1166.04
1482.68, 1165.98
1483.11, 1165.93
1483.53, 1165.88
1483.96, 1165.82
1484.39, 1165.77
1484.82, 1165.71
1485.24, 1165.66
1485.67, 1165.6
1486.1, 1165.55
1486.53, 1165.49
1486.95, 1165.44
1487.38, 1165.39
1487.81, 1165.33
1488.24, 1165.28
1488.66, 1165.22
1489.09, 1165.17
1489.52, 1165.12

waypoints
x, y
1469.44, 1167.66
1469.87, 1167.61
1470.29, 1167.56
1470.72, 1167.5
1471.14, 1167.45
1471.57, 1167.39
1472, 1167.34
1472.42, 1167.29
1472.85, 1167.23
1473.28, 1167.18
1473.7, 1167.12
1474.13, 1167.07
1474.56, 1167.02
1474.98, 1166.96
1475.41, 1166.91
1475.84, 1166.85
1476.26, 1166.8
1476.69, 1166.74
1477.12, 1166.69
1477.55, 1166.63
1477.97, 1166.58
1478.4, 1166.53
1478.83, 1166.47
1479.26, 1166.42
1479.68, 1166.36
1480.11, 1166.31
1480.54, 1166.26
1480.97, 1166.2
1481.4, 1166.15
1481.82, 1166.09
1482.25, 1166.04
1482.68, 1165.98
1483.11, 1165.93
1483.53, 1165.88
1483.96, 1165.82
1484.39, 1165.77
1484.82, 1165.71
1485.24, 1165.66
1485.67, 1165.6
1486.1, 1165.55
1486.53, 1165.49
1486.95, 1165.44
1487.38, 1165.39
1487.81, 1165.33
1488.24, 1165.28
1488.66, 1165.22
1489.09, 1165.17
1489.52, 1165.12
1489.94, 1165.06
1490.35, 1165.01
1490.77, 1164.96
1491.19, 1164.9
1491.61, 1164.85
1492.18, 1164.78
1492.6, 1164.74
1493.02, 1164.69
1493.44, 1164.65
1493.86, 1164.61
1494.29, 1164.56
1494.71, 1164.52
1495.14, 1164.48
1495.56, 1164.43
1495.99, 1164.39
1496.42, 1164.35
1496.85, 1164.3
1497.27, 1164.26
1497.7, 1164.22
1498.13, 1164.17
1498.57, 1164.13
1499, 1164.08
1499.43, 1164.04
1499.86, 1164
1500.29, 1163.95
1500.73, 1163.91
1501.16, 1163.86
1501.59, 1163.82
1502.02, 1163.77
1502.46, 1163.73
1502.89, 1163.69
1503.32, 1163.64
1503.76, 1163.6
1504.19, 1163.55
1504.62, 1163.51
1505.06, 1163.47
1505.49, 1163.42
1505.92, 1163.38
1506.35, 1163.33
1506.78, 1163.29
1507.21, 1163.25
1507.64, 1163.2
1508.07, 1163.16
1508.5, 1163.11
1508.93, 1163.07
1509.36, 1163.03
1509.79, 1162.98
1510.22, 1162.94
1510.65, 1162.9

waypoints
x, y
1471.14, 1167.45
1471.57, 1167.39
1472, 1167.34
1472.42, 1167.29
1472.85, 1167.23
1473.28, 1167.18
1473.7, 1167.12
1474.13, 1167.07
1474.56, 1167.02
1474.98, 1166.96
1475.41, 1166.91
1475.84, 1166.85
1476.26, 1166.8
1476.69, 1166.74
1477.12, 1166.69
1477.55, 1166.63
1477.97, 1166.58
1478.4, 1166.53
1478.83, 1166.47
1479.26, 1166.42
1479.68, 1166.36
1480.11, 1166.31
1480.54, 1166.26
1480.97, 1166.2
1481.4, 1166.15
1481.82, 1166.09
1482.25, 1166.04
1482.68, 1165.98
1483.11, 1165.93
1483.53, 1165.88
1483.96, 1165.82
1484.39, 1165.77
1484.82, 1165.71
1485.24, 1165.66
1485.67, 1165.6
1486.1, 1165.55
1486.53, 1165.49
1486.95, 1165.44
1487.38, 1165.39
1487.81, 1165.33
1488.24, 1165.28
1488.66, 1165.22
1489.09, 1165.17
1489.52, 1165.12
1489.94, 1165.06
1490.35, 1165.01
1490.77, 1164.96
1491.19, 1164.9
1491.61, 1164.85
1492.18, 1164.78
1492.6, 1164.74
1493.02, 1164.69
1493.44, 1164.65
1493.86, 1164.61
1494.29, 1164.56
1494.71, 1164.52
1495.14, 1164.48
1495.56, 1164.43
1495.99, 1164.39
1496.42, 1164.35
1496.85, 1164.3
1497.28, 1164.26
1497.7, 1164.21
1498.13, 1164.17
1498.57, 1164.13
1499, 1164.08
1499.43, 1164.04
1499.86, 1164
1500.29, 1163.95
1500.72, 1163.91
1501.16, 1163.86
1501.59, 1163.82
1502.03, 1163.78
1502.46, 1163.73
1502.89, 1163.69
1503.33, 1163.64
1503.76, 1163.6
1504.19, 1163.55
1504.62, 1163.51
1505.06, 1163.47
1505.49, 1163.42
1505.92, 1163.38
1506.35, 1163.33
1506.78, 1163.29
1507.21, 1163.25
1507.64, 1163.2
1508.08, 1163.16
1508.5, 1163.11
1508.93, 1163.07
1509.36, 1163.03
1509.79, 1162.98
1510.22, 1162.94
1510.65, 1162.9

waypoints
x, y
1472.85, 1167.23
1473.28, 1167.18
1473.7, 1167.12
1474.13, 1167.07
1474.56, 1167.02
1474.98, 1166.96
1475.41, 1166.91
1475.84, 1166.85
1476.26, 1166.8
1476.69, 1166.74
1477.12, 1166.69
1477.55, 1166.63
1477.97, 1166.58
1478.4, 1166.53
1478.83, 1166.47
1479.26, 1166.42
1479.68, 1166.36
1480.11, 1166.31
1480.54, 1166.26
1480.97, 1166.2
1481.4, 1166.15
1481.82, 1166.09
1482.25, 1166.04
1482.68, 1165.98
1483.11, 1165.93
1483.53, 1165.88
1483.96, 1165.82
1484.39, 1165.77
1484.82, 1165.71
1485.24, 1165.66
1485.67, 1165.6
1486.1, 1165.55
1486.53, 1165.49
1486.95, 1165.44
1487.38, 1165.39
1487.81, 1165.33
1488.24, 1165.28
1488.66, 1165.22
1489.09, 1165.17
1489.52, 1165.12
1489.94, 1165.06
1490.35, 1165.01
1490.77, 1164.96
1491.19, 1164.9
1491.61, 1164.85
1492.18, 1164.78
1492.6, 1164.74
1493.02, 1164.69
1493.44, 1164.65
1493.86, 1164.61
1494.29, 1164.56
1494.71, 1164.52
1495.14, 1164.48
1495.56, 1164.43
1495.99, 1164.39
1496.42, 1164.35
1496.85, 1164.3
1497.28, 1164.26
1497.7, 1164.21
1498.13, 1164.17
1498.57, 1164.13
1499, 1164.08
1499.43, 1164.04
1499.86, 1164
1500.29, 1163.95
1500.72, 1163.91
1501.16, 1163.86
1501.59, 1163.82
1502.03, 1163.78
1502.46, 1163.73
1502.89, 1163.69
1503.33, 1163.64
1503.76, 1163.6
1504.19, 1163.55
1504.62, 1163.51
1505.06, 1163.47
1505.49, 1163.42
1505.92, 1163.38
1506.35, 1163.33
1506.78, 1163.29
1507.21, 1163.25
1507.64, 1163.2
1508.08, 1163.16
1508.5, 1163.11
1508.93, 1163.07
1509.36, 1163.03
1509.79, 1162.98
1510.22, 1162.94
1510.65, 1162.9

waypoints
x, y
1474.13, 1167.07
1474.56, 1167.02
1474.98, 1166.96
1475.41, 1166.91
1475.84, 1166.85
1476.26, 1166.8
1476.69, 1166.74
1477.12, 1166.69
1477.55, 1166.63
1477.97, 1166.58
1478.4, 1166.53
1478.83, 1166.47
1479.26, 1166.42
1479.68, 1166.36
1480.11, 1166.31
1480.54, 1166.26
1480.97, 1166.2
1481.4, 1166.15
1481.82, 1166.09
1482.25, 1166.04
1482.68, 1165.98
1483.11, 1165.93
1483.53, 1165.88
1483.96, 1165.82
1484.39, 1165.77
1484.82, 1165.71
1485.24, 1165.66
1485.67, 1165.6
1486.1, 1165.55
1486.53, 1165.49
1486.95, 1165.44
1487.38, 1165.39
1487.81, 1165.33
1488.24, 1165.28
1488.66, 1165.22
1489.09, 1165.17
1489.52, 1165.12
1489.94, 1165.06
1490.35, 1165.01
1490.77, 1164.96
1491.19, 1164.9
1491.61, 1164.85
1492.18, 1164.78
1492.6, 1164.74
1493.02, 1164.69
1493.44, 1164.65
1493.86, 1164.61
1494.29, 1164.56
1494.71, 1164.52
1495.14, 1164.48
1495.56, 1164.43
1495.99, 1164.39
1496.42, 1164.35
1496.85, 1164.3
1497.28, 1164.26
1497.7, 1164.21
1498.13, 1164.17
1498.57, 1164.13
1499, 1164.08
1499.43, 1164.04
1499.86, 1164
1500.29, 1163.95
1500.72, 1163.91
1501.16, 1163.86
1501.59, 1163.82
1502.03, 1163.78
1502.46, 1163.73
1502.89, 1163.69
1503.33, 1163.64
1503.76, 1163.6
1504.19, 1163.55
1504.62, 1163.51
1505.06, 1163.47
1505.49, 1163.42
1505.92, 1163.38
1506.35, 1163.33
1506.78, 1163.29
1507.21, 1163.25
1507.64, 1163.2
1508.08, 1163.16
1508.5, 1163.11
1508.93, 1163.07
1509.36, 1163.03
1509.79, 1162.98
1510.22, 1162.94
1510.65, 1162.9

waypoints
x, y
1475.84, 1166.85
1476.26, 1166.8
1476.69, 1166.74
1477.12, 1166.69
1477.55, 1166.63
1477.97, 1166.58
1478.4, 1166.53
1478.83, 1166.47
1479.26, 1166.42
1479.68, 1166.36
1480.11, 1166.31
1480.54, 1166.26
1480.97, 1166.2
1481.4, 1166.15
1481.82, 1166.09
1482.25, 1166.04
1482.68, 1165.98
1483.11, 1165.93
1483.53, 1165.88
1483.96, 1165.82
1484.39, 1165.77
1484.82, 1165.71
1485.24, 1165.66
1485.67, 1165.6
1486.1, 1165.55
1486.53, 1165.49
1486.95, 1165.44
1487.38, 1165.39
1487.81, 1165.33
1488.24, 1165.28
1488.66, 1165.22
1489.09, 1165.17
1489.52, 1165.12
1489.94, 1165.06
1490.35, 1165.01
1490.77, 1164.96
1491.19, 1164.9
1491.61, 1164.85
1492.18, 1164.78
1492.6, 1164.74
1493.02, 1164.69
1493.44, 1164.65
1493.86, 1164.61
1494.29, 1164.56
1494.71, 1164.52
1495.14, 1164.48
1495.56, 1164.43
1495.99, 1164.39
1496.42, 1164.35
1496.85, 1164.3
1497.28, 1164.26
1497.7, 1164.21
1498.13, 1164.17
1498.57, 1164.13
1499, 1164.08
1499.43, 1164.04
1499.86, 1164
1500.29, 1163.95
1500.72, 1163.91
1501.16, 1163.86
1501.59, 1163.82
1502.03, 1163.78
1502.46, 1163.73
1502.89, 1163.69
1503.33, 1163.64
1503.76, 1163.6
1504.19, 1163.55
1504.62, 1163.51
1505.06, 1163.47
1505.49, 1163.42
1505.92, 1163.38
1506.35, 1163.33
1506.78, 1163.29
1507.21, 1163.25
1507.64, 1163.2
1508.08, 1163.16
1508.5, 1163.11
1508.93, 1163.07
1509.36, 1163.03
1509.79, 1162.98
1510.22, 1162.94
1510.65, 1162.9

waypoints
x, y
1477.55, 1166.63
1477.97, 1166.58
1478.4, 1166.53
1478.83, 1166.47
1479.26, 1166.42
1479.68, 1166.36
1480.11, 1166.31
1480.54, 1166.26
1480.97, 1166.2
1481.4, 1166.15
1481.82, 1166.09
1482.25, 1166.04
1482.68, 1165.98
1483.11, 1165.93
1483.53, 1165.88
1483.96, 1165.82
1484.39, 1165.77
1484.82, 1165.71
1485.24, 1165.66
1485.67, 1165.6
1486.1, 1165.55
1486.53, 1165.49
1486.95, 1165.44
1487.38, 1165.39
1487.81, 1165.33
1488.24, 1165.28
1488.66, 1165.22
1489.09, 1165.17
1489.52, 1165.12
1489.94, 1165.06
1490.35, 1165.01
1490.77, 1164.96
1491.19, 1164.9
1491.61, 1164.85
1492.18, 1164.78
1492.6, 1164.74
1493.02, 1164.69
1493.44, 1164.65
1493.86, 1164.61
1494.29, 1164.56
1494.71, 1164.52
1495.14, 1164.48
1495.56, 1164.43
1495.99, 1164.39
1496.42, 1164.35
1496.85, 1164.3
1497.28, 1164.26
1497.7, 1164.21
1498.13, 1164.17
1498.57, 1164.13
1499, 1164.08
1499.43, 1164.04
1499.86, 1164
1500.29, 1163.95
1500.72, 1163.91
1501.16, 1163.86
1501.59, 1163.82
1502.03, 1163.78
1502.46, 1163.73
1502.89, 1163.69
1503.33, 1163.64
1503.76, 1163.6
1504.19, 1163.55
1504.62, 1163.51
1505.06, 1163.47
1505.49, 1163.42
1505.92, 1163.38
1506.35, 1163.33
1506.78, 1163.29
1507.21, 1163.25
1507.64, 1163.2
1508.08, 1163.16
1508.5, 1163.11
1508.93, 1163.07
1509.36, 1163.03
1509.79, 1162.98
1510.22, 1162.94
1510.65, 1162.9

waypoints
x, y
1478.83, 1166.47
1479.26, 1166.42
1479.68, 1166.36
1480.11, 1166.31
1480.54, 1166.26
1480.97, 1166.2
1481.4, 1166.15
1481.82, 1166.09
1482.25, 1166.04
1482.68, 1165.98
1483.11, 1165.93
1483.53, 1165.88
1483.96, 1165.82
1484.39, 1165.77
1484.82, 1165.71
1485.24, 1165.66
1485.67, 1165.6
1486.1, 1165.55
1486.53, 1165.49
1486.95, 1165.44
1487.38, 1165.39
1487.81, 1165.33
1488.24, 1165.28
1488.66, 1165.22
1489.09, 1165.17
1489.52, 1165.12
1489.94, 1165.06
1490.35, 1165.01
1490.77, 1164.96
1491.19, 1164.9
1491.61, 1164.85
1492.18, 1164.78
1492.6, 1164.74
1493.02, 1164.69
1493.44, 1164.65
1493.86, 1164.61
1494.29, 1164.56
1494.71, 1164.52
1495.14, 1164.48
1495.56, 1164.43
1495.99, 1164.39
1496.42, 1164.35
1496.85, 1164.3
1497.28, 1164.26
1497.7, 1164.21
1498.13, 1164.17
1498.57, 1164.13
1499, 1164.08
1499.43, 1164.04
1499.86, 1164
1500.29, 1163.95
1500.72, 1163.91
1501.16, 1163.86
1501.59, 1163.82
1502.03, 1163.78
1502.46, 1163.73
1502.89, 1163.69
1503.33, 1163.64
1503.76, 1163.6
1504.19, 1163.55
1504.62, 1163.51
1505.06, 1163.47
1505.49, 1163.42
1505.92, 1163.38
1506.35, 1163.33
1506.78, 1163.29
1507.21, 1163.25
1507.64, 1163.2
1508.08, 1163.16
1508.5, 1163.11
1508.93, 1163.07
1509.36, 1163.03
1509.79, 1162.98
1510.22, 1162.94
1510.65, 1162.9

waypoints
x, y
1480.54, 1166.26
1480.97, 1166.2
1481.4, 1166.15
1481.82, 1166.09
1482.25, 1166.04
1482.68, 1165.98
1483.11, 1165.93
1483.53, 1165.88
1483.96, 1165.82
1484.39, 1165.77
1484.82, 1165.71
1485.24, 1165.66
1485.67, 1165.6
1486.1, 1165.55
1486.53, 1165.49
1486.95, 1165.44
1487.38, 1165.39
1487.81, 1165.33
1488.24, 1165.28
1488.66, 1165.22
1489.09, 1165.17
1489.52, 1165.12
1489.94, 1165.06
1490.35, 1165.01
1490.77, 1164.96
1491.19, 1164.9
1491.61, 1164.85
1492.18, 1164.78
1492.6, 1164.74
1493.02, 1164.69
1493.44, 1164.65
1493.86, 1164.61
1494.29, 1164.56
1494.71, 1164.52
1495.14, 1164.48
1495.56, 1164.43
1495.99, 1164.39
1496.42, 1164.35
1496.85, 1164.3
1497.28, 1164.26
1497.7, 1164.21
1498.13, 1164.17
1498.57, 1164.13
1499, 1164.08
1499.43, 1164.04
1499.86, 1164
1500.29, 1163.95
1500.72, 1163.91
1501.16, 1163.86
1501.59, 1163.82
1502.03, 1163.78
1502.46, 1163.73
1502.89, 1163.69
1503.33, 1163.64
1503.76, 1163.6
1504.19, 1163.55
1504.62, 1163.51
1505.06, 1163.47
1505.49, 1163.42
1505.92, 1163.38
1506.35, 1163.33
1506.78, 1163.29
1507.21, 1163.25
1507.64, 1163.2
1508.08, 1163.16
1508.5, 1163.11
1508.93, 1163.07
1509.36, 1163.03
1509.79, 1162.98
1510.22, 1162.94
1510.65, 1162.9

waypoints
x, y
1481.82, 1166.09
1482.25, 1166.04
1482.68, 1165.98
1483.11, 1165.93
1483.53, 1165.88
1483.96, 1165.82
1484.39, 1165.77
1484.82, 1165.71
1485.24, 1165.66
1485.67, 1165.6
1486.1, 1165.55
1486.53, 1165.49
1486.95, 1165.44
1487.38, 1165.39
1487.81, 1165.33
1488.24, 1165.28
1488.66, 1165.22
1489.09, 1165.17
1489.52, 1165.12
1489.94, 1165.06
1490.35, 1165.01
1490.77, 1164.96
1491.19, 1164.9
1491.61, 1164.85
1492.18, 1164.78
1492.6, 1164.74
1493.02, 1164.69
1493.44, 1164.65
1493.86, 1164.61
1494.29, 1164.56
1494.71, 1164.52
1495.14, 1164.48
1495.56, 1164.43
1495.99, 1164.39
1496.42, 1164.35
1496.85, 1164.3
1497.28, 1164.26
1497.7, 1164.21
1498.13, 1164.17
1498.57, 1164.13
1499, 1164.08
1499.43, 1164.04
1499.86, 1164
1500.29, 1163.95
1500.72, 1163.91
1501.16, 1163.86
1501.59, 1163.82
1502.03, 1163.78
1502.46, 1163.73
1502.89, 1163.69
1503.33, 1163.64
1503.76, 1163.6
1504.19, 1163.55
1504.62, 1163.51
1505.06, 1163.47
1505.49, 1163.42
1505.92, 1163.38
1506.35, 1163.33
1506.78, 1163.29
1507.21, 1163.25
1507.64, 1163.2
1508.08, 1163.16
1508.5, 1163.11
1508.93, 1163.07
1509.36, 1163.03
1509.79, 1162.98
1510.22, 1162.94
1510.65, 1162.9

waypoints
x, y
1483.53, 1165.88
1483.96, 1165.82
1484.39, 1165.77
1484.82, 1165.71
1485.24, 1165.66
1485.67, 1165.6
1486.1, 1165.55
1486.53, 1165.49
1486.95, 1165.44
1487.38, 1165.39
1487.81, 1165.33
1488.24, 1165.28
1488.66, 1165.22
1489.09, 1165.17
1489.52, 1165.12
1489.94, 1165.06
1490.35, 1165.01
1490.77, 1164.96
1491.19, 1164.9
1491.61, 1164.85
1492.18, 1164.78
1492.6, 1164.74
1493.02, 1164.69
1493.44, 1164.65
1493.86, 1164.61
1494.29, 1164.56
1494.71, 1164.52
1495.14, 1164.48
1495.56, 1164.43
1495.99, 1164.39
1496.42, 1164.35
1496.85, 1164.3
1497.28, 1164.26
1497.7, 1164.21
1498.13, 1164.17
1498.57, 1164.13
1499, 1164.08
1499.43, 1164.04
1499.86, 1164
1500.29, 1163.95
1500.72, 1163.91
1501.16, 1163.86
1501.59, 1163.82
1502.03, 1163.78
1502.46, 1163.73
1502.89, 1163.69
1503.33, 1163.64
1503.76, 1163.6
1504.19, 1163.55
1504.62, 1163.51
1505.06, 1163.47
1505.49, 1163.42
1505.92, 1163.38
1506.35, 1163.33
1506.78, 1163.29
1507.21, 1163.25
1507.64, 1163.2
1508.08, 1163.16
1508.5, 1163.11
1508.93, 1163.07
1509.36, 1163.03
1509.79, 1162.98
1510.22, 1162.94
1510.65, 1162.9

waypoints
x, y
1484.82, 1165.71
1485.24, 1165.66
1485.67, 1165.6
1486.1, 1165.55
1486.53, 1165.49
1486.95, 1165.44
1487.38, 1165.39
1487.81, 1165.33
1488.24, 1165.28
1488.66, 1165.22
1489.09, 1165.17
1489.52, 1165.12
1489.94, 1165.06
1490.35, 1165.01
1490.77, 1164.96
1491.19, 1164.9
1491.61, 1164.85
1492.18, 1164.78
1492.6, 1164.74
1493.02, 1164.69
1493.44, 1164.65
1493.86, 1164.61
1494.29, 1164.56
1494.71, 1164.52
1495.14, 1164.48
1495.56, 1164.43
1495.99, 1164.39
1496.42, 1164.35
1496.85, 1164.3
1497.28, 1164.26
1497.7, 1164.21
1498.13, 1164.17
1498.57, 1164.13
1499, 1164.08
1499.43, 1164.04
1499.86, 1164
1500.29, 1163.95
1500.72, 1163.91
1501.16, 1163.86
1501.59, 1163.82
1502.03, 1163.78
1502.46, 1163.73
1502.89, 1163.69
1503.33, 1163.64
1503.76, 1163.6
1504.19, 1163.55
1504.62, 1163.51
1505.06, 1163.47
1505.49, 1163.42
1505.92, 1163.38
1506.35, 1163.33
1506.78, 1163.29
1507.21, 1163.25
1507.64, 1163.2
1508.08, 1163.16
1508.5, 1163.11
1508.93, 1163.07
1509.36, 1163.03
1509.79, 1162.98
1510.22, 1162.94
1510.65, 1162.9

waypoints
x, y
1486.1, 1165.55
1486.53, 1165.49
1486.95, 1165.44
1487.38, 1165.39
1487.81, 1165.33
1488.24, 1165.28
1488.66, 1165.22
1489.09, 1165.17
1489.52, 1165.12
1489.94, 1165.06
1490.35, 1165.01
1490.77, 1164.96
1491.19, 1164.9
1491.61, 1164.85
1492.18, 1164.78
1492.6, 1164.74
1493.02, 1164.69
1493.44, 1164.65
1493.86, 1164.61
1494.29, 1164.56
1494.71, 1164.52
1495.14, 1164.48
1495.56, 1164.43
1495.99, 1164.39
1496.42, 1164.35
1496.85, 1164.3
1497.28, 1164.26
1497.7, 1164.21
1498.13, 1164.17
1498.57, 1164.13
1499, 1164.08
1499.43, 1164.04
1499.86, 1164
1500.29, 1163.95
1500.72, 1163.91
1501.16, 1163.86
1501.59, 1163.82
1502.03, 1163.78
1502.46, 1163.73
1502.89, 1163.69
1503.33, 1163.64
1503.76, 1163.6
1504.19, 1163.55
1504.62, 1163.51
1505.06, 1163.47
1505.49, 1163.42
1505.92, 1163.38
1506.35, 1163.33
1506.78, 1163.29
1507.21, 1163.25
1507.64, 1163.2
1508.08, 1163.16
1508.5, 1163.11
1508.93, 1163.07
1509.36, 1163.03
1509.79, 1162.98
1510.22, 1162.94
1510.65, 1162.9

waypoints
x, y
1487.81, 1165.33
1488.24, 1165.28
1488.66, 1165.22
1489.09, 1165.17
1489.52, 1165.12
1489.94, 1165.06
1490.35, 1165.01
1490.77, 1164.96
1491.19, 1164.9
1491.61, 1164.85
1492.18, 1164.78
1492.6, 1164.74
1493.02, 1164.69
1493.44, 1164.65
1493.86, 1164.61
1494.29, 1164.56
1494.71, 1164.52
1495.14, 1164.48
1495.56, 1164.43
1495.99, 1164.39
1496.42, 1164.35
1496.85, 1164.3
1497.28, 1164.26
1497.7, 1164.21
1498.13, 1164.17
1498.57, 1164.13
1499, 1164.08
1499.43, 1164.04
1499.86, 1164
1500.29, 1163.95
1500.72, 1163.91
1501.16, 1163.86
1501.59, 1163.82
1502.03, 1163.78
1502.46, 1163.73
1502.89, 1163.69
1503.33, 1163.64
1503.76, 1163.6
1504.19, 1163.55
1504.62, 1163.51
1505.06, 1163.47
1505.49, 1163.42
1505.92, 1163.38
1506.35, 1163.33
1506.78, 1163.29
1507.21, 1163.25
1507.64, 1163.2
1508.08, 1163.16
1508.5, 1163.11
1508.93, 1163.07
1509.36, 1163.03
1509.79, 1162.98
1510.22, 1162.94
1510.65, 1162.9

waypoints
x, y
1489.09, 1165.17
1489.52, 1165.12
1489.94, 1165.06
1490.35, 1165.01
1490.77, 1164.96
1491.19, 1164.9
1491.61, 1164.85
1492.18, 1164.78
1492.6, 1164.74
1493.02, 1164.69
1493.44, 1164.65
1493.86, 1164.61
1494.29, 1164.56
1494.71, 1164.52
1495.14, 1164.48
1495.56, 1164.43
1495.99, 1164.39
1496.42, 1164.35
1496.85, 1164.3
1497.28, 1164.26
1497.7, 1164.21
1498.13, 1164.17
1498.57, 1164.13
1499, 1164.08
1499.43, 1164.04
1499.86, 1164
1500.29, 1163.95
1500.72, 1163.91
1501.16, 1163.86
1501.59, 1163.82
1502.03, 1163.78
1502.46, 1163.73
1502.89, 1163.69
1503.33, 1163.64
1503.76, 1163.6
1504.19, 1163.55
1504.62, 1163.51
1505.06, 1163.47
1505.49, 1163.42
1505.92, 1163.38
1506.35, 1163.33
1506.78, 1163.29
1507.21, 1163.25
1507.64, 1163.2
1508.08, 1163.16
1508.5, 1163.11
1508.93, 1163.07
1509.36, 1163.03
1509.79, 1162.98
1510.22, 1162.94
1510.65, 1162.9

waypoints
x, y
1490.77, 1164.96
1491.19, 1164.9
1491.61, 1164.85
1492.18, 1164.78
1492.6, 1164.74
1493.02, 1164.69
1493.44, 1164.65
1493.86, 1164.61
1494.29, 1164.56
1494.71, 1164.52
1495.14, 1164.48
1495.56, 1164.43
1495.99, 1164.39
1496.42, 1164.35
1496.85, 1164.3
1497.28, 1164.26
1497.7, 1164.21
1498.13, 1164.17
1498.57, 1164.13
1499, 1164.08
1499.43, 1164.04
1499.86, 1164
1500.29, 1163.95
1500.72, 1163.91
1501.16, 1163.86
1501.59, 1163.82
1502.03, 1163.78
1502.46, 1163.73
1502.89, 1163.69
1503.33, 1163.64
1503.76, 1163.6
1504.19, 1163.55
1504.62, 1163.51
1505.06, 1163.47
1505.49, 1163.42
1505.92, 1163.38
1506.35, 1163.33
1506.78, 1163.29
1507.21, 1163.25
1507.64, 1163.2
1508.08, 1163.16
1508.5, 1163.11
1508.93, 1163.07
1509.36, 1163.03
1509.79, 1162.98
1510.22, 1162.94
1510.65, 1162.9
1511.07, 1162.85
1511.49, 1162.81
1511.91, 1162.77
1512.33, 1162.72
1512.75, 1162.68
1513.17, 1162.64
1513.59, 1162.6
1514.01, 1162.55
1514.43, 1162.51
1514.86, 1162.47
1515.28, 1162.42
1515.71, 1162.38
1516.13, 1162.34
1516.56, 1162.29
1516.98, 1162.25
1517.41, 1162.21
1517.84, 1162.16
1518.27, 1162.12
1518.7, 1162.08
1519.13, 1162.03
1519.71, 1161.98
1520.14, 1161.95
1520.58, 1161.92
1521.01, 1161.88
1521.44, 1161.85
1521.87, 1161.82
1522.31, 1161.79
1522.74, 1161.75
1523.18, 1161.72
1523.61, 1161.69
1524.04, 1161.65
1524.48, 1161.62
1524.91, 1161.59
1525.35, 1161.55
1525.78, 1161.52
1526.21, 1161.49
1526.65, 1161.45
1527.08, 1161.42
1527.51, 1161.39
1527.94, 1161.35
1528.37, 1161.32
1528.81, 1161.29
1529.24, 1161.25
1529.67, 1161.22
1530.1, 1161.19
1530.53, 1161.16
1530.96, 1161.12
1531.39, 1161.09
1531.82, 1161.06

waypoints
x, y
1492.6, 1164.74
1493.02, 1164.69
1493.44, 1164.65
1493.86, 1164.61
1494.29, 1164.56
1494.71, 1164.52
1495.14, 1164.48
1495.56, 1164.43
1495.99, 1164.39
1496.42, 1164.35
1496.85, 1164.3
1497.28, 1164.26
1497.7, 1164.21
1498.13, 1164.17
1498.57, 1164.13
1499, 1164.08
1499.43, 1164.04
1499.86, 1164
1500.29, 1163.95
1500.72, 1163.91
1501.16, 1163.86
1501.59, 1163.82
1502.03, 1163.78
1502.46, 1163.73
1502.89, 1163.69
1503.33, 1163.64
1503.76, 1163.6
1504.19, 1163.55
1504.62, 1163.51
1505.06, 1163.47
1505.49, 1163.42
1505.92, 1163.38
1506.35, 1163.33
1506.78, 1163.29
1507.21, 1163.25
1507.64, 1163.2
1508.08, 1163.16
1508.5, 1163.11
1508.93, 1163.07
1509.36, 1163.03
1509.79, 1162.98
1510.22, 1162.94
1510.65, 1162.9
1511.07, 1162.85
1511.49, 1162.81
1511.91, 1162.77
1512.33, 1162.72
1512.75, 1162.68
1513.17, 1162.64
1513.59, 1162.6
1514.01, 1162.55
1514.43, 1162.51
1514.86, 1162.47
1515.28, 1162.42
1515.7, 1162.38
1516.13, 1162.34
1516.56, 1162.29
1516.98, 1162.25
1517.41, 1162.21
1517.84, 1162.16
1518.27, 1162.12
1518.7, 1162.08
1519.13, 1162.03
1519.71, 1161.98
1520.14, 1161.95
1520.58, 1161.92
1521.01, 1161.88
1521.44, 1161.85
1521.88, 1161.82
1522.31, 1161.79
1522.74, 1161.75
1523.18, 1161.72
1523.61, 1161.69
1524.04, 1161.65
1524.48, 1161.62
1524.91, 1161.59
1525.35, 1161.55
1525.78, 1161.52
1526.21, 1161.49
1526.65, 1161.45
1527.08, 1161.42
1527.51, 1161.39
1527.94, 1161.35
1528.38, 1161.32
1528.81, 1161.29
1529.24, 1161.26
1529.67, 1161.22
1530.1, 1161.19
1530.53, 1161.16
1530.96, 1161.12
1531.39, 1161.09
1531.82, 1161.06

waypoints
x, y
1494.29, 1164.56
1494.71, 1164.52
1495.14, 1164.48
1495.56, 1164.43
1495.99, 1164.39
1496.42, 1164.35
1496.85, 1164.3
1497.28, 1164.26
1497.7, 1164.21
1498.13, 1164.17
1498.57, 1164.13
1499, 1164.08
1499.43, 1164.04
1499.86, 1164
1500.29, 1163.95
1500.72, 1163.91
1501.16, 1163.86
1501.59, 1163.82
1502.03, 1163.78
1502.46, 1163.73
1502.89, 1163.69
1503.33, 1163.64
1503.76, 1163.6
1504.19, 1163.55
1504.62, 1163.51
1505.06, 1163.47
1505.49, 1163.42
1505.92, 1163.38
1506.35, 1163.33
1506.78, 1163.29
1507.21, 1163.25
1507.64, 1163.2
1508.08, 1163.16
1508.5, 1163.11
1508.93, 1163.07
1509.36, 1163.03
1509.79, 1162.98
1510.22, 1162.94
1510.65, 1162.9
1511.07, 1162.85
1511.49, 1162.81
1511.91, 1162.77
1512.33, 1162.72
1512.75, 1162.68
1513.17, 1162.64
1513.59, 1162.6
1514.01, 1162.55
1514.43, 1162.51
1514.86, 1162.47
1515.28, 1162.42
1515.7, 1162.38
1516.13, 1162.34
1516.56, 1162.29
1516.98, 1162.25
1517.41, 1162.21
1517.84, 1162.16
1518.27, 1162.12
1518.7, 1162.08
1519.13, 1162.03
1519.71, 1161.98
1520.14, 1161.95
1520.58, 1161.92
1521.01, 1161.88
1521.44, 1161.85
1521.88, 1161.82
1522.31, 1161.79
1522.74, 1161.75
1523.18, 1161.72
1523.61, 1161.69
1524.04, 1161.65
1524.48, 1161.62
1524.91, 1161.59
1525.35, 1161.55
1525.78, 1161.52
1526.21, 1161.49
1526.65, 1161.45
1527.08, 1161.42
1527.51, 1161.39
1527.94, 1161.35
1528.38, 1161.32
1528.81, 1161.29
1529.24, 1161.26
1529.67, 1161.22
1530.1, 1161.19
1530.53, 1161.16
1530.96, 1161.12
1531.39, 1161.09
1531.82, 1161.06

waypoints
x, y
1495.99, 1164.39
1496.42, 1164.35
1496.85, 1164.3
1497.28, 1164.26
1497.7, 1164.21
1498.13, 1164.17
1498.57, 1164.13
1499, 1164.08
1499.43, 1164.04
1499.86, 1164
1500.29, 1163.95
1500.72, 1163.91
1501.16, 1163.86
1501.59, 1163.82
1502.03, 1163.78
1502.46, 1163.73
1502.89, 1163.69
1503.33, 1163.64
1503.76, 1163.6
1504.19, 1163.55
1504.62, 1163.51
1505.06, 1163.47
1505.49, 1163.42
1505.92, 1163.38
1506.35, 1163.33
1506.78, 1163.29
1507.21, 1163.25
1507.64, 1163.2
1508.08, 1163.16
1508.5, 1163.11
1508.93, 1163.07
1509.36, 1163.03
1509.79, 1162.98
1510.22, 1162.94
1510.65, 1162.9
1511.07, 1162.85
1511.49, 1162.81
1511.91, 1162.77
1512.33, 1162.72
1512.75, 1162.68
1513.17, 1162.64
1513.59, 1162.6
1514.01, 1162.55
1514.43, 1162.51
1514.86, 1162.47
1515.28, 1162.42
1515.7, 1162.38
1516.13, 1162.34
1516.56, 1162.29
1516.98, 1162.25
1517.41, 1162.21
1517.84, 1162.16
1518.27, 1162.12
1518.7, 1162.08
1519.13, 1162.03
1519.71, 1161.98
1520.14, 1161.95
1520.58, 1161.92
1521.01, 1161.88
1521.44, 1161.85
1521.88, 1161.82
1522.31, 1161.79
1522.74, 1161.75
1523.18, 1161.72
1523.61, 1161.69
1524.04, 1161.65
1524.48, 1161.62
1524.91, 1161.59
1525.35, 1161.55
1525.78, 1161.52
1526.21, 1161.49
1526.65, 1161.45
1527.08, 1161.42
1527.51, 1161.39
1527.94, 1161.35
1528.38, 1161.32
1528.81, 1161.29
1529.24, 1161.26
1529.67, 1161.22
1530.1, 1161.19
1530.53, 1161.16
1530.96, 1161.12
1531.39, 1161.09
1531.82, 1161.06

waypoints
x, y
1497.7, 1164.21
1498.13, 1164.17
1498.57, 1164.13
1499, 1164.08
1499.43, 1164.04
1499.86, 1164
1500.29, 1163.95
1500.72, 1163.91
1501.16, 1163.86
1501.59, 1163.82
1502.03, 1163.78
1502.46, 1163.73
1502.89, 1163.69
1503.33, 1163.64
1503.76, 1163.6
1504.19, 1163.55
1504.62, 1163.51
1505.06, 1163.47
1505.49, 1163.42
1505.92, 1163.38
1506.35, 1163.33
1506.78, 1163.29
1507.21, 1163.25
1507.64, 1163.2
1508.08, 1163.16
1508.5, 1163.11
1508.93, 1163.07
1509.36, 1163.03
1509.79, 1162.98
1510.22, 1162.94
1510.65, 1162.9
1511.07, 1162.85
1511.49, 1162.81
1511.91, 1162.77
1512.33, 1162.72
1512.75, 1162.68
1513.17, 1162.64
1513.59, 1162.6
1514.01, 1162.55
1514.43, 1162.51
1514.86, 1162.47
1515.28, 1162.42
1515.7, 1162.38
1516.13, 1162.34
1516.56, 1162.29
1516.98, 1162.25
1517.41, 1162.21
1517.84, 1162.16
1518.27, 1162.12
1518.7, 1162.08
1519.13, 1162.03
1519.71, 1161.98
1520.14, 1161.95
1520.58, 1161.92
1521.01, 1161.88
1521.44, 1161.85
1521.88, 1161.82
1522.31, 1161.79
1522.74, 1161.75
1523.18, 1161.72
1523.61, 1161.69
1524.04, 1161.65
1524.48, 1161.62
1524.91, 1161.59
1525.35, 1161.55
1525.78, 1161.52
1526.21, 1161.49
1526.65, 1161.45
1527.08, 1161.42
1527.51, 1161.39
1527.94, 1161.35
1528.38, 1161.32
1528.81, 1161.29
1529.24, 1161.26
1529.67, 1161.22
1530.1, 1161.19
1530.53, 1161.16
1530.96, 1161.12
1531.39, 1161.09
1531.82, 1161.06

waypoints
x, y
1499, 1164.08
1499.43, 1164.04
1499.86, 1164
1500.29, 1163.95
1500.72, 1163.91
1501.16, 1163.86
1501.59, 1163.82
1502.03, 1163.78
1502.46, 1163.73
1502.89, 1163.69
1503.33, 1163.64
1503.76, 1163.6
1504.19, 1163.55
1504.62, 1163.51
1505.06, 1163.47
1505.49, 1163.42
1505.92, 1163.38
1506.35, 1163.33
1506.78, 1163.29
1507.21, 1163.25
1507.64, 1163.2
1508.08, 1163.16
1508.5, 1163.11
1508.93, 1163.07
1509.36, 1163.03
1509.79, 1162.98
1510.22, 1162.94
1510.65, 1162.9
1511.07, 1162.85
1511.49, 1162.81
1511.91, 1162.77
1512.33, 1162.72
1512.75, 1162.68
1513.17, 1162.64
1513.59, 1162.6
1514.01, 1162.55
1514.43, 1162.51
1514.86, 1162.47
1515.28, 1162.42
1515.7, 1162.38
1516.13, 1162.34
1516.56, 1162.29
1516.98, 1162.25
1517.41, 1162.21
1517.84, 1162.16
1518.27, 1162.12
1518.7, 1162.08
1519.13, 1162.03
1519.71, 1161.98
1520.14, 1161.95
1520.58, 1161.92
1521.01, 1161.88
1521.44, 1161.85
1521.88, 1161.82
1522.31, 1161.79
1522.74, 1161.75
1523.18, 1161.72
1523.61, 1161.69
1524.04, 1161.65
1524.48, 1161.62
1524.91, 1161.59
1525.35, 1161.55
1525.78, 1161.52
1526.21, 1161.49
1526.65, 1161.45
1527.08, 1161.42
1527.51, 1161.39
1527.94, 1161.35
1528.38, 1161.32
1528.81, 1161.29
1529.24, 1161.26
1529.67, 1161.22
1530.1, 1161.19
1530.53, 1161.16
1530.96, 1161.12
1531.39, 1161.09
1531.82, 1161.06

waypoints
x, y
1500.72, 1163.91
1501.16, 1163.86
1501.59, 1163.82
1502.03, 1163.78
1502.46, 1163.73
1502.89, 1163.69
1503.33, 1163.64
1503.76, 1163.6
1504.19, 1163.55
1504.62, 1163.51
1505.06, 1163.47
1505.49, 1163.42
1505.92, 1163.38
1506.35, 1163.33
1506.78, 1163.29
1507.21, 1163.25
1507.64, 1163.2
1508.08, 1163.16
1508.5, 1163.11
1508.93, 1163.07
1509.36, 1163.03
1509.79, 1162.98
1510.22, 1162.94
1510.65, 1162.9
1511.07, 1162.85
1511.49, 1162.81
1511.91, 1162.77
1512.33, 1162.72
1512.75, 1162.68
1513.17, 1162.64
1513.59, 1162.6
1514.01, 1162.55
1514.43, 1162.51
1514.86, 1162.47
1515.28, 1162.42
1515.7, 1162.38
1516.13, 1162.34
1516.56, 1162.29
1516.98, 1162.25
1517.41, 1162.21
1517.84, 1162.16
1518.27, 1162.12
1518.7, 1162.08
1519.13, 1162.03
1519.71, 1161.98
1520.14, 1161.95
1520.58, 1161.92
1521.01, 1161.88
1521.44, 1161.85
1521.88, 1161.82
1522.31, 1161.79
1522.74, 1161.75
1523.18, 1161.72
1523.61, 1161.69
1524.04, 1161.65
1524.48, 1161.62
1524.91, 1161.59
1525.35, 1161.55
1525.78, 1161.52
1526.21, 1161.49
1526.65, 1161.45
1527.08, 1161.42
1527.51, 1161.39
1527.94, 1161.35
1528.38, 1161.32
1528.81, 1161.29
1529.24, 1161.26
1529.67, 1161.22
1530.1, 1161.19
1530.53, 1161.16
1530.96, 1161.12
1531.39, 1161.09
1531.82, 1161.06

waypoints
x, y
1502.03, 1163.78
1502.46, 1163.73
1502.89, 1163.69
1503.33, 1163.64
1503.76, 1163.6
1504.19, 1163.55
1504.62, 1163.51
1505.06, 1163.47
1505.49, 1163.42
1505.92, 1163.38
1506.35, 1163.33
1506.78, 1163.29
1507.21, 1163.25
1507.64, 1163.2
1508.08, 1163.16
1508.5, 1163.11
1508.93, 1163.07
1509.36, 1163.03
1509.79, 1162.98
1510.22, 1162.94
1510.65, 1162.9
1511.07, 1162.85
1511.49, 1162.81
1511.91, 1162.77
1512.33, 1162.72
1512.75, 1162.68
1513.17, 1162.64
1513.59, 1162.6
1514.01, 1162.55
1514.43, 1162.51
1514.86, 1162.47
1515.28, 1162.42
1515.7, 1162.38
1516.13, 1162.34
1516.56, 1162.29
1516.98, 1162.25
1517.41, 1162.21
1517.84, 1162.16
1518.27, 1162.12
1518.7, 1162.08
1519.13, 1162.03
1519.71, 1161.98
1520.14, 1161.95
1520.58, 1161.92
1521.01, 1161.88
1521.44, 1161.85
1521.88, 1161.82
1522.31, 1161.79
1522.74, 1161.75
1523.18, 1161.72
1523.61, 1161.69
1524.04, 1161.65
1524.48, 1161.62
1524.91, 1161.59
1525.35, 1161.55
1525.78, 1161.52
1526.21, 1161.49
1526.65, 1161.45
1527.08, 1161.42
1527.51, 1161.39
1527.94, 1161.35
1528.38, 1161.32
1528.81, 1161.29
1529.24, 1161.26
1529.67, 1161.22
1530.1, 1161.19
1530.53, 1161.16
1530.96, 1161.12
1531.39, 1161.09
1531.82, 1161.06

waypoints
x, y
1503.76, 1163.6
1504.19, 1163.55
1504.62, 1163.51
1505.06, 1163.47
1505.49, 1163.42
1505.92, 1163.38
1506.35, 1163.33
1506.78, 1163.29
1507.21, 1163.25
1507.64, 1163.2
1508.08, 1163.16
1508.5, 1163.11
1508.93, 1163.07
1509.36, 1163.03
1509.79, 1162.98
1510.22, 1162.94
1510.65, 1162.9
1511.07, 1162.85
1511.49, 1162.81
1511.91, 1162.77
1512.33, 1162.72
1512.75, 1162.68
1513.17, 1162.64
1513.59, 1162.6
1514.01, 1162.55
1514.43, 1162.51
1514.86, 1162.47
1515.28, 1162.42
1515.7, 1162.38
1516.13, 1162.34
1516.56, 1162.29
1516.98, 1162.25
1517.41, 1162.21
1517.84, 1162.16
1518.27, 1162.12
1518.7, 1162.08
1519.13, 1162.03
1519.71, 1161.98
1520.14, 1161.95
1520.58, 1161.92
1521.01, 1161.88
1521.44, 1161.85
1521.88, 1161.82
1522.31, 1161.79
1522.74, 1161.75
1523.18, 1161.72
1523.61, 1161.69
1524.04, 1161.65
1524.48, 1161.62
1524.91, 1161.59
1525.35, 1161.55
1525.78, 1161.52
1526.21, 1161.49
1526.65, 1161.45
1527.08, 1161.42
1527.51, 1161.39
1527.94, 1161.35
1528.38, 1161.32
1528.81, 1161.29
1529.24, 1161.26
1529.67, 1161.22
1530.1, 1161.19
1530.53, 1161.16
1530.96, 1161.12
1531.39, 1161.09
1531.82, 1161.06

waypoints
x, y
1505.49, 1163.42
1505.92, 1163.38
1506.35, 1163.33
1506.78, 1163.29
1507.21, 1163.25
1507.64, 1163.2
1508.08, 1163.16
1508.5, 1163.11
1508.93, 1163.07
1509.36, 1163.03
1509.79, 1162.98
1510.22, 1162.94
1510.65, 1162.9
1511.07, 1162.85
1511.49, 1162.81
1511.91, 1162.77
1512.33, 1162.72
1512.75, 1162.68
1513.17, 1162.64
1513.59, 1162.6
1514.01, 1162.55
1514.43, 1162.51
1514.86, 1162.47
1515.28, 1162.42
1515.7, 1162.38
1516.13, 1162.34
1516.56, 1162.29
1516.98, 1162.25
1517.41, 1162.21
1517.84, 1162.16
1518.27, 1162.12
1518.7, 1162.08
1519.13, 1162.03
1519.71, 1161.98
1520.14, 1161.95
1520.58, 1161.92
1521.01, 1161.88
1521.44, 1161.85
1521.88, 1161.82
1522.31, 1161.79
1522.74, 1161.75
1523.18, 1161.72
1523.61, 1161.69
1524.04, 1161.65
1524.48, 1161.62
1524.91, 1161.59
1525.35, 1161.55
1525.78, 1161.52
1526.21, 1161.49
1526.65, 1161.45
1527.08, 1161.42
1527.51, 1161.39
1527.94, 1161.35
1528.38, 1161.32
1528.81, 1161.29
1529.24, 1161.26
1529.67, 1161.22
1530.1, 1161.19
1530.53, 1161.16
1530.96, 1161.12
1531.39, 1161.09
1531.82, 1161.06

waypoints
x, y
1506.78, 1163.29
1507.21, 1163.25
1507.64, 1163.2
1508.08, 1163.16
1508.5, 1163.11
1508.93, 1163.07
1509.36, 1163.03
1509.79, 1162.98
1510.22, 1162.94
1510.65, 1162.9
1511.07, 1162.85
1511.49, 1162.81
1511.91, 1162.77
1512.33, 1162.72
1512.75, 1162.68
1513.17, 1162.64
1513.59, 1162.6
1514.01, 1162.55
1514.43, 1162.51
1514.86, 1162.47
1515.28, 1162.42
1515.7, 1162.38
1516.13, 1162.34
1516.56, 1162.29
1516.98, 1162.25
1517.41, 1162.21
1517.84, 1162.16
1518.27, 1162.12
1518.7, 1162.08
1519.13, 1162.03
1519.71, 1161.98
1520.14, 1161.95
1520.58, 1161.92
1521.01, 1161.88
1521.44, 1161.85
1521.88, 1161.82
1522.31, 1161.79
1522.74, 1161.75
1523.18, 1161.72
1523.61, 1161.69
1524.04, 1161.65
1524.48, 1161.62
1524.91, 1161.59
1525.35, 1161.55
1525.78, 1161.52
1526.21, 1161.49
1526.65, 1161.45
1527.08, 1161.42
1527.51, 1161.39
1527.94, 1161.35
1528.38, 1161.32
1528.81, 1161.29
1529.24, 1161.26
1529.67, 1161.22
1530.1, 1161.19
1530.53, 1161.16
1530.96, 1161.12
1531.39, 1161.09
1531.82, 1161.06

waypoints
x, y
1508.5, 1163.11
1508.93, 1163.07
1509.36, 1163.03
1509.79, 1162.98
1510.22, 1162.94
1510.65, 1162.9
1511.07, 1162.85
1511.49, 1162.81
1511.91, 1162.77
1512.33, 1162.72
1512.75, 1162.68
1513.17, 1162.64
1513.59, 1162.6
1514.01, 1162.55
1514.43, 1162.51
1514.86, 1162.47
1515.28, 1162.42
1515.7, 1162.38
1516.13, 1162.34
1516.56, 1162.29
1516.98, 1162.25
1517.41, 1162.21
1517.84, 1162.16
1518.27, 1162.12
1518.7, 1162.08
1519.13, 1162.03
1519.71, 1161.98
1520.14, 1161.95
1520.58, 1161.92
1521.01, 1161.88
1521.44, 1161.85
1521.88, 1161.82
1522.31, 1161.79
1522.74, 1161.75
1523.18, 1161.72
1523.61, 1161.69
1524.04, 1161.65
1524.48, 1161.62
1524.91, 1161.59
1525.35, 1161.55
1525.78, 1161.52
1526.21, 1161.49
1526.65, 1161.45
1527.08, 1161.42
1527.51, 1161.39
1527.94, 1161.35
1528.38, 1161.32
1528.81, 1161.29
1529.24, 1161.26
1529.67, 1161.22
1530.1, 1161.19
1530.53, 1161.16
1530.96, 1161.12
1531.39, 1161.09
1531.82, 1161.06

waypoints
x, y
1510.22, 1162.94
1510.65, 1162.9
1511.07, 1162.85
1511.49, 1162.81
1511.91, 1162.77
1512.33, 1162.72
1512.75, 1162.68
1513.17, 1162.64
1513.59, 1162.6
1514.01, 1162.55
1514.43, 1162.51
1514.86, 1162.47
1515.28, 1162.42
1515.7, 1162.38
1516.13, 1162.34
1516.56, 1162.29
1516.98, 1162.25
1517.41, 1162.21
1517.84, 1162.16
1518.27, 1162.12
1518.7, 1162.08
1519.13, 1162.03
1519.71, 1161.98
1520.14, 1161.95
1520.58, 1161.92
1521.01, 1161.88
1521.44, 1161.85
1521.88, 1161.82
1522.31, 1161.79
1522.74, 1161.75
1523.18, 1161.72
1523.61, 1161.69
1524.04, 1161.65
1524.48, 1161.62
1524.91, 1161.59
1525.35, 1161.55
1525.78, 1161.52
1526.21, 1161.49
1526.65, 1161.45
1527.08, 1161.42
1527.51, 1161.39
1527.94, 1161.35
1528.38, 1161.32
1528.81, 1161.29
1529.24, 1161.26
1529.67, 1161.22
1530.1, 1161.19
1530.53, 1161.16
1530.96, 1161.12
1531.39, 1161.09
1531.82, 1161.06

waypoints
x, y
1511.91, 1162.77
1512.33, 1162.72
1512.75, 1162.68
1513.17, 1162.64
1513.59, 1162.6
1514.01, 1162.55
1514.43, 1162.51
1514.86, 1162.47
1515.28, 1162.42
1515.7, 1162.38
1516.13, 1162.34
1516.56, 1162.29
1516.98, 1162.25
1517.41, 1162.21
1517.84, 1162.16
1518.27, 1162.12
1518.7, 1162.08
1519.13, 1162.03
1519.71, 1161.98
1520.14, 1161.95
1520.58, 1161.92
1521.01, 1161.88
1521.44, 1161.85
1521.88, 1161.82
1522.31, 1161.79
1522.74, 1161.75
1523.18, 1161.72
1523.61, 1161.69
1524.04, 1161.65
1524.48, 1161.62
1524.91, 1161.59
1525.35, 1161.55
1525.78, 1161.52
1526.21, 1161.49
1526.65, 1161.45
1527.08, 1161.42
1527.51, 1161.39
1527.94, 1161.35
1528.38, 1161.32
1528.81, 1161.29
1529.24, 1161.26
1529.67, 1161.22
1530.1, 1161.19
1530.53, 1161.16
1530.96, 1161.12
1531.39, 1161.09
1531.82, 1161.06
1532.24, 1161.02
1532.66, 1160.99
1533.08, 1160.96
1533.5, 1160.93
1533.92, 1160.9
1534.34, 1160.86
1534.76, 1160.83
1535.19, 1160.8
1535.61, 1160.77
1536.03, 1160.73
1536.46, 1160.7
1536.88, 1160.67
1537.31, 1160.64
1537.74, 1160.6
1538.17, 1160.57
1538.59, 1160.54
1539.02, 1160.51
1539.45, 1160.47
1539.88, 1160.44
1540.32, 1160.41
1540.75, 1160.37
1541.18, 1160.34
1541.61, 1160.31
1542.04, 1160.27
1542.48, 1160.24
1542.91, 1160.21
1543.34, 1160.17
1543.78, 1160.14
1544.21, 1160.11
1544.65, 1160.08
1545.08, 1160.04
1545.52, 1160.01
1545.95, 1159.98
1546.29, 1159.95
1546.73, 1159.91
1547.16, 1159.87
1547.59, 1159.83
1548.03, 1159.79
1548.46, 1159.75
1548.89, 1159.71
1549.32, 1159.67
1549.75, 1159.63
1550.18, 1159.59
1550.61, 1159.55
1551.04, 1159.52
1551.47, 1159.48
1551.9, 1159.44
1552.33, 1159.4
1552.76, 1159.36

waypoints
x, y
1513.59, 1162.6
1514.01, 1162.55
1514.43, 1162.51
1514.86, 1162.47
1515.28, 1162.42
1515.7, 1162.38
1516.13, 1162.34
1516.56, 1162.29
1516.98, 1162.25
1517.41, 1162.21
1517.84, 1162.16
1518.27, 1162.12
1518.7, 1162.08
1519.13, 1162.03
1519.71, 1161.98
1520.14, 1161.95
1520.58, 1161.92
1521.01, 1161.88
1521.44, 1161.85
1521.88, 1161.82
1522.31, 1161.79
1522.74, 1161.75
1523.18, 1161.72
1523.61, 1161.69
1524.04, 1161.65
1524.48, 1161.62
1524.91, 1161.59
1525.35, 1161.55
1525.78, 1161.52
1526.21, 1161.49
1526.65, 1161.45
1527.08, 1161.42
1527.51, 1161.39
1527.94, 1161.35
1528.38, 1161.32
1528.81, 1161.29
1529.24, 1161.26
1529.67, 1161.22
1530.1, 1161.19
1530.53, 1161.16
1530.96, 1161.12
1531.39, 1161.09
1531.82, 1161.06
1532.24, 1161.03
1532.66, 1160.99
1533.08, 1160.96
1533.5, 1160.93
1533.92, 1160.9
1534.34, 1160.86
1534.76, 1160.83
1535.19, 1160.8
1535.61, 1160.77
1536.03, 1160.73
1536.46, 1160.7
1536.88, 1160.67
1537.31, 1160.64
1537.74, 1160.6
1538.17, 1160.57
1538.6, 1160.54
1539.02, 1160.51
1539.45, 1160.47
1539.88, 1160.44
1540.32, 1160.41
1540.75, 1160.37
1541.18, 1160.34
1541.61, 1160.31
1542.04, 1160.27
1542.48, 1160.24
1542.91, 1160.21
1543.35, 1160.17
1543.78, 1160.14
1544.21, 1160.11
1544.65, 1160.08
1545.08, 1160.04
1545.52, 1160.01
1545.95, 1159.97
1546.3, 1159.95
1546.73, 1159.91
1547.16, 1159.87
1547.59, 1159.83
1548.03, 1159.79
1548.46, 1159.75
1548.89, 1159.71
1549.32, 1159.67
1549.75, 1159.63
1550.18, 1159.59
1550.61, 1159.55
1551.04, 1159.52
1551.47, 1159.48
1551.9, 1159.44
1552.33, 1159.4
1552.76, 1159.36

waypoints
x, y
1514.86, 1162.47
1515.28, 1162.42
1515.7, 1162.38
1516.13, 1162.34
1516.56, 1162.29
1516.98, 1162.25
1517.41, 1162.21
1517.84, 1162.16
1518.27, 1162.12
1518.7, 1162.08
1519.13, 1162.03
1519.71, 1161.98
1520.14, 1161.95
1520.58, 1161.92
1521.01, 1161.88
1521.44, 1161.85
1521.88, 1161.82
1522.31, 1161.79
1522.74, 1161.75
1523.18, 1161.72
1523.61, 1161.69
1524.04, 1161.65
1524.48, 1161.62
1524.91, 1161.59
1525.35, 1161.55
1525.78, 1161.52
1526.21, 1161.49
1526.65, 1161.45
1527.08, 1161.42
1527.51, 1161.39
1527.94, 1161.35
1528.38, 1161.32
1528.81, 1161.29
1529.24, 1161.26
1529.67, 1161.22
1530.1, 1161.19
1530.53, 1161.16
1530.96, 1161.12
1531.39, 1161.09
1531.82, 1161.06
1532.24, 1161.03
1532.66, 1160.99
1533.08, 1160.96
1533.5, 1160.93
1533.92, 1160.9
1534.34, 1160.86
1534.76, 1160.83
1535.19, 1160.8
1535.61, 1160.77
1536.03, 1160.73
1536.46, 1160.7
1536.88, 1160.67
1537.31, 1160.64
1537.74, 1160.6
1538.17, 1160.57
1538.6, 1160.54
1539.02, 1160.51
1539.45, 1160.47
1539.88, 1160.44
1540.32, 1160.41
1540.75, 1160.37
1541.18, 1160.34
1541.61, 1160.31
1542.04, 1160.27
1542.48, 1160.24
1542.91, 1160.21
1543.35, 1160.17
1543.78, 1160.14
1544.21, 1160.11
1544.65, 1160.08
1545.08, 1160.04
1545.52, 1160.01
1545.95, 1159.97
1546.3, 1159.95
1546.73, 1159.91
1547.16, 1159.87
1547.59, 1159.83
1548.03, 1159.79
1548.46, 1159.75
1548.89, 1159.71
1549.32, 1159.67
1549.75, 1159.63
1550.18, 1159.59
1550.61, 1159.55
1551.04, 1159.52
1551.47, 1159.48
1551.9, 1159.44
1552.33, 1159.4
1552.76, 1159.36

waypoints
x, y
1516.56, 1162.29
1516.98, 1162.25
1517.41, 1162.21
1517.84, 1162.16
1518.27, 1162.12
1518.7, 1162.08
1519.13, 1162.03
1519.71, 1161.98
1520.14, 1161.95
1520.58, 1161.92
1521.01, 1161.88
1521.44, 1161.85
1521.88, 1161.82
1522.31, 1161.79
1522.74, 1161.75
1523.18, 1161.72
1523.61, 1161.69
1524.04, 1161.65
1524.48, 1161.62
1524.91, 1161.59
1525.35, 1161.55
1525.78, 1161.52
1526.21, 1161.49
1526.65, 1161.45
1527.08, 1161.42
1527.51, 1161.39
1527.94, 1161.35
1528.38, 1161.32
1528.81, 1161.29
1529.24, 1161.26
1529.67, 1161.22
1530.1, 1161.19
1530.53, 1161.16
1530.96, 1161.12
1531.39, 1161.09
1531.82, 1161.06
1532.24, 1161.03
1532.66, 1160.99
1533.08, 1160.96
1533.5, 1160.93
1533.92, 1160.9
1534.34, 1160.86
1534.76, 1160.83
1535.19, 1160.8
1535.61, 1160.77
1536.03, 1160.73
1536.46, 1160.7
1536.88, 1160.67
1537.31, 1160.64
1537.74, 1160.6
1538.17, 1160.57
1538.6, 1160.54
1539.02, 1160.51
1539.45, 1160.47
1539.88, 1160.44
1540.32, 1160.41
1540.75, 1160.37
1541.18, 1160.34
1541.61, 1160.31
1542.04, 1160.27
1542.48, 1160.24
1542.91, 1160.21
1543.35, 1160.17
1543.78, 1160.14
1544.21, 1160.11
1544.65, 1160.08
1545.08, 1160.04
1545.52, 1160.01
1545.95, 1159.97
1546.3, 1159.95
1546.73, 1159.91
1547.16, 1159.87
1547.59, 1159.83
1548.03, 1159.79
1548.46, 1159.75
1548.89, 1159.71
1549.32, 1159.67
1549.75, 1159.63
1550.18, 1159.59
1550.61, 1159.55
1551.04, 1159.52
1551.47, 1159.48
1551.9, 1159.44
1552.33, 1159.4
1552.76, 1159.36

waypoints
x, y
1518.27, 1162.12
1518.7, 1162.08
1519.13, 1162.03
1519.71, 1161.98
1520.14, 1161.95
1520.58, 1161.92
1521.01, 1161.88
1521.44, 1161.85
1521.88, 1161.82
1522.31, 1161.79
1522.74, 1161.75
1523.18, 1161.72
1523.61, 1161.69
1524.04, 1161.65
1524.48, 1161.62
1524.91, 1161.59
1525.35, 1161.55
1525.78, 1161.52
1526.21, 1161.49
1526.65, 1161.45
1527.08, 1161.42
1527.51, 1161.39
1527.94, 1161.35
1528.38, 1161.32
1528.81, 1161.29
1529.24, 1161.26
1529.67, 1161.22
1530.1, 1161.19
1530.53, 1161.16
1530.96, 1161.12
1531.39, 1161.09
1531.82, 1161.06
1532.24, 1161.03
1532.66, 1160.99
1533.08, 1160.96
1533.5, 1160.93
1533.92, 1160.9
1534.34, 1160.86
1534.76, 1160.83
1535.19, 1160.8
1535.61, 1160.77
1536.03, 1160.73
1536.46, 1160.7
1536.88, 1160.67
1537.31, 1160.64
1537.74, 1160.6
1538.17, 1160.57
1538.6, 1160.54
1539.02, 1160.51
1539.45, 1160.47
1539.88, 1160.44
1540.32, 1160.41
1540.75, 1160.37
1541.18, 1160.34
1541.61, 1160.31
1542.04, 1160.27
1542.48, 1160.24
1542.91, 1160.21
1543.35, 1160.17
1543.78, 1160.14
1544.21, 1160.11
1544.65, 1160.08
1545.08, 1160.04
1545.52, 1160.01
1545.95, 1159.97
1546.3, 1159.95
1546.73, 1159.91
1547.16, 1159.87
1547.59, 1159.83
1548.03, 1159.79
1548.46, 1159.75
1548.89, 1159.71
1549.32, 1159.67
1549.75, 1159.63
1550.18, 1159.59
1550.61, 1159.55
1551.04, 1159.52
1551.47, 1159.48
1551.9, 1159.44
1552.33, 1159.4
1552.76, 1159.36

waypoints
x, y
1519.71, 1161.98
1520.14, 1161.95
1520.58, 1161.92
1521.01, 1161.88
1521.44, 1161.85
1521.88, 1161.82
1522.31, 1161.79
1522.74, 1161.75
1523.18, 1161.72
1523.61, 1161.69
1524.04, 1161.65
1524.48, 1161.62
1524.91, 1161.59
1525.35, 1161.55
1525.78, 1161.52
1526.21, 1161.49
1526.65, 1161.45
1527.08, 1161.42
1527.51, 1161.39
1527.94, 1161.35
1528.38, 1161.32
1528.81, 1161.29
1529.24, 1161.26
1529.67, 1161.22
1530.1, 1161.19
1530.53, 1161.16
1530.96, 1161.12
1531.39, 1161.09
1531.82, 1161.06
1532.24, 1161.03
1532.66, 1160.99
1533.08, 1160.96
1533.5, 1160.93
1533.92, 1160.9
1534.34, 1160.86
1534.76, 1160.83
1535.19, 1160.8
1535.61, 1160.77
1536.03, 1160.73
1536.46, 1160.7
1536.88, 1160.67
1537.31, 1160.64
1537.74, 1160.6
1538.17, 1160.57
1538.6, 1160.54
1539.02, 1160.51
1539.45, 1160.47
1539.88, 1160.44
1540.32, 1160.41
1540.75, 1160.37
1541.18, 1160.34
1541.61, 1160.31
1542.04, 1160.27
1542.48, 1160.24
1542.91, 1160.21
1543.35, 1160.17
1543.78, 1160.14
1544.21, 1160.11
1544.65, 1160.08
1545.08, 1160.04
1545.52, 1160.01
1545.95, 1159.97
1546.3, 1159.95
1546.73, 1159.91
1547.16, 1159.87
1547.59, 1159.83
1548.03, 1159.79
1548.46, 1159.75
1548.89, 1159.71
1549.32, 1159.67
1549.75, 1159.63
1550.18, 1159.59
1550.61, 1159.55
1551.04, 1159.52
1551.47, 1159.48
1551.9, 1159.44
1552.33, 1159.4
1552.76, 1159.36

waypoints
x, y
1521.44, 1161.85
1521.88, 1161.82
1522.31, 1161.79
1522.74, 1161.75
1523.18, 1161.72
1523.61, 1161.69
1524.04, 1161.65
1524.48, 1161.62
1524.91, 1161.59
1525.35, 1161.55
1525.78, 1161.52
1526.21, 1161.49
1526.65, 1161.45
1527.08, 1161.42
1527.51, 1161.39
1527.94, 1161.35
1528.38, 1161.32
1528.81, 1161.29
1529.24, 1161.26
1529.67, 1161.22
1530.1, 1161.19
1530.53, 1161.16
1530.96, 1161.12
1531.39, 1161.09
1531.82, 1161.06
1532.24, 1161.03
1532.66, 1160.99
1533.08, 1160.96
1533.5, 1160.93
1533.92, 1160.9
1534.34, 1160.86
1534.76, 1160.83
1535.19, 1160.8
1535.61, 1160.77
1536.03, 1160.73
1536.46, 1160.7
1536.88, 1160.67
1537.31, 1160.64
1537.74, 1160.6
1538.17, 1160.57
1538.6, 1160.54
1539.02, 1160.51
1539.45, 1160.47
1539.88, 1160.44
1540.32, 1160.41
1540.75, 1160.37
1541.18, 1160.34
1541.61, 1160.31
1542.04, 1160.27
1542.48, 1160.24
1542.91, 1160.21
1543.35, 1160.17
1543.78, 1160.14
1544.21, 1160.11
1544.65, 1160.08
1545.08, 1160.04
1545.52, 1160.01
1545.95, 1159.97
1546.3, 1159.95
1546.73, 1159.91
1547.16, 1159.87
1547.59, 1159.83
1548.03, 1159.79
1548.46, 1159.75
1548.89, 1159.71
1549.32, 1159.67
1549.75, 1159.63
1550.18, 1159.59
1550.61, 1159.55
1551.04, 1159.52
1551.47, 1159.48
1551.9, 1159.44
1552.33, 1159.4
1552.76, 1159.36

waypoints
x, y
1522.74, 1161.75
1523.18, 1161.72
1523.61, 1161.69
1524.04, 1161.65
1524.48, 1161.62
1524.91, 1161.59
1525.35, 1161.55
1525.78, 1161.52
1526.21, 1161.49
1526.65, 1161.45
1527.08, 1161.42
1527.51, 1161.39
1527.94, 1161.35
1528.38, 1161.32
1528.81, 1161.29
1529.24, 1161.26
1529.67, 1161.22
1530.1, 1161.19
1530.53, 1161.16
1530.96, 1161.12
1531.39, 1161.09
1531.82, 1161.06
1532.24, 1161.03
1532.66, 1160.99
1533.08, 1160.96
1533.5, 1160.93
1533.92, 1160.9
1534.34, 1160.86
1534.76, 1160.83
1535.19, 1160.8
1535.61, 1160.77
1536.03, 1160.73
1536.46, 1160.7
1536.88, 1160.67
1537.31, 1160.64
1537.74, 1160.6
1538.17, 1160.57
1538.6, 1160.54
1539.02, 1160.51
1539.45, 1160.47
1539.88, 1160.44
1540.32, 1160.41
1540.75, 1160.37
1541.18, 1160.34
1541.61, 1160.31
1542.04, 1160.27
1542.48, 1160.24
1542.91, 1160.21
1543.35, 1160.17
1543.78, 1160.14
1544.21, 1160.11
1544.65, 1160.08
1545.08, 1160.04
1545.52, 1160.01
1545.95, 1159.97
1546.3, 1159.95
1546.73, 1159.91
1547.16, 1159.87
1547.59, 1159.83
1548.03, 1159.79
1548.46, 1159.75
1548.89, 1159.71
1549.32, 1159.67
1549.75, 1159.63
1550.18, 1159.59
1550.61, 1159.55
1551.04, 1159.52
1551.47, 1159.48
1551.9, 1159.44
1552.33, 1159.4
1552.76, 1159.36

waypoints
x, y
1524.48, 1161.62
1524.91, 1161.59
1525.35, 1161.55
1525.78, 1161.52
1526.21, 1161.49
1526.65, 1161.45
1527.08, 1161.42
1527.51, 1161.39
1527.94, 1161.35
1528.38, 1161.32
1528.81, 1161.29
1529.24, 1161.26
1529.67, 1161.22
1530.1, 1161.19
1530.53, 1161.16
1530.96, 1161.12
1531.39, 1161.09
1531.82, 1161.06
1532.24, 1161.03
1532.66, 1160.99
1533.08, 1160.96
1533.5, 1160.93
1533.92, 1160.9
1534.34, 1160.86
1534.76, 1160.83
1535.19, 1160.8
1535.61, 1160.77
1536.03, 1160.73
1536.46, 1160.7
1536.88, 1160.67
1537.31, 1160.64
1537.74, 1160.6
1538.17, 1160.57
1538.6, 1160.54
1539.02, 1160.51
1539.45, 1160.47
1539.88, 1160.44
1540.32, 1160.41
1540.75, 1160.37
1541.18, 1160.34
1541.61, 1160.31
1542.04, 1160.27
1542.48, 1160.24
1542.91, 1160.21
1543.35, 1160.17
1543.78, 1160.14
1544.21, 1160.11
1544.65, 1160.08
1545.08, 1160.04
1545.52, 1160.01
1545.95, 1159.97
1546.3, 1159.95
1546.73, 1159.91
1547.16, 1159.87
1547.59, 1159.83
1548.03, 1159.79
1548.46, 1159.75
1548.89, 1159.71
1549.32, 1159.67
1549.75, 1159.63
1550.18, 1159.59
1550.61, 1159.55
1551.04, 1159.52
1551.47, 1159.48
1551.9, 1159.44
1552.33, 1159.4
1552.76, 1159.36

waypoints
x, y
1525.78, 1161.52
1526.21, 1161.49
1526.65, 1161.45
1527.08, 1161.42
1527.51, 1161.39
1527.94, 1161.35
1528.38, 1161.32
1528.81, 1161.29
1529.24, 1161.26
1529.67, 1161.22
1530.1, 1161.19
1530.53, 1161.16
1530.96, 1161.12
1531.39, 1161.09
1531.82, 1161.06
1532.24, 1161.03
1532.66, 1160.99
1533.08, 1160.96
1533.5, 1160.93
1533.92, 1160.9
1534.34, 1160.86
1534.76, 1160.83
1535.19, 1160.8
1535.61, 1160.77
1536.03, 1160.73
1536.46, 1160.7
1536.88, 1160.67
1537.31, 1160.64
1537.74, 1160.6
1538.17, 1160.57
1538.6, 1160.54
1539.02, 1160.51
1539.45, 1160.47
1539.88, 1160.44
1540.32, 1160.41
1540.75, 1160.37
1541.18, 1160.34
1541.61, 1160.31
1542.04, 1160.27
1542.48, 1160.24
1542.91, 1160.21
1543.35, 1160.17
1543.78, 1160.14
1544.21, 1160.11
1544.65, 1160.08
1545.08, 1160.04
1545.52, 1160.01
1545.95, 1159.97
1546.3, 1159.95
1546.73, 1159.91
1547.16, 1159.87
1547.59, 1159.83
1548.03, 1159.79
1548.46, 1159.75
1548.89, 1159.71
1549.32, 1159.67
1549.75, 1159.63
1550.18, 1159.59
1550.61, 1159.55
1551.04, 1159.52
1551.47, 1159.48
1551.9, 1159.44
1552.33, 1159.4
1552.76, 1159.36

waypoints
x, y
1527.51, 1161.39
1527.94, 1161.35
1528.38, 1161.32
1528.81, 1161.29
1529.24, 1161.26
1529.67, 1161.22
1530.1, 1161.19
1530.53, 1161.16
1530.96, 1161.12
1531.39, 1161.09
1531.82, 1161.06
1532.24, 1161.03
1532.66, 1160.99
1533.08, 1160.96
1533.5, 1160.93
1533.92, 1160.9
1534.34, 1160.86
1534.76, 1160.83
1535.19, 1160.8
1535.61, 1160.77
1536.03, 1160.73
1536.46, 1160.7
1536.88, 1160.67
1537.31, 1160.64
1537.74, 1160.6
1538.17, 1160.57
1538.6, 1160.54
1539.02, 1160.51
1539.45, 1160.47
1539.88, 1160.44
1540.32, 1160.41
1540.75, 1160.37
1541.18, 1160.34
1541.61, 1160.31
1542.04, 1160.27
1542.48, 1160.24
1542.91, 1160.21
1543.35, 1160.17
1543.78, 1160.14
1544.21, 1160.11
1544.65, 1160.08
1545.08, 1160.04
1545.52, 1160.01
1545.95, 1159.97
1546.3, 1159.95
1546.73, 1159.91
1547.16, 1159.87
1547.59, 1159.83
1548.03, 1159.79
1548.46, 1159.75
1548.89, 1159.71
1549.32, 1159.67
1549.75, 1159.63
1550.18, 1159.59
1550.61, 1159.55
1551.04, 1159.52
1551.47, 1159.48
1551.9, 1159.44
1552.33, 1159.4
1552.76, 1159.36

waypoints
x, y
1529.24, 1161.26
1529.67, 1161.22
1530.1, 1161.19
1530.53, 1161.16
1530.96, 1161.12
1531.39, 1161.09
1531.82, 1161.06
1532.24, 1161.03
1532.66, 1160.99
1533.08, 1160.96
1533.5, 1160.93
1533.92, 1160.9
1534.34, 1160.86
1534.76, 1160.83
1535.19, 1160.8
1535.61, 1160.77
1536.03, 1160.73
1536.46, 1160.7
1536.88, 1160.67
1537.31, 1160.64
1537.74, 1160.6
1538.17, 1160.57
1538.6, 1160.54
1539.02, 1160.51
1539.45, 1160.47
1539.88, 1160.44
1540.32, 1160.41
1540.75, 1160.37
1541.18, 1160.34
1541.61, 1160.31
1542.04, 1160.27
1542.48, 1160.24
1542.91, 1160.21
1543.35, 1160.17
1543.78, 1160.14
1544.21, 1160.11
1544.65, 1160.08
1545.08, 1160.04
1545.52, 1160.01
1545.95, 1159.97
1546.3, 1159.95
1546.73, 1159.91
1547.16, 1159.87
1547.59, 1159.83
1548.03, 1159.79
1548.46, 1159.75
1548.89, 1159.71
1549.32, 1159.67
1549.75, 1159.63
1550.18, 1159.59
1550.61, 1159.55
1551.04, 1159.52
1551.47, 1159.48
1551.9, 1159.44
1552.33, 1159.4
1552.76, 1159.36

waypoints
x, y
1530.96, 1161.12
1531.39, 1161.09
1531.82, 1161.06
1532.24, 1161.03
1532.66, 1160.99
1533.08, 1160.96
1533.5, 1160.93
1533.92, 1160.9
1534.34, 1160.86
1534.76, 1160.83
1535.19, 1160.8
1535.61, 1160.77
1536.03, 1160.73
1536.46, 1160.7
1536.88, 1160.67
1537.31, 1160.64
1537.74, 1160.6
1538.17, 1160.57
1538.6, 1160.54
1539.02, 1160.51
1539.45, 1160.47
1539.88, 1160.44
1540.32, 1160.41
1540.75, 1160.37
1541.18, 1160.34
1541.61, 1160.31
1542.04, 1160.27
1542.48, 1160.24
1542.91, 1160.21
1543.35, 1160.17
1543.78, 1160.14
1544.21, 1160.11
1544.65, 1160.08
1545.08, 1160.04
1545.52, 1160.01
1545.95, 1159.97
1546.3, 1159.95
1546.73, 1159.91
1547.16, 1159.87
1547.59, 1159.83
1548.03, 1159.79
1548.46, 1159.75
1548.89, 1159.71
1549.32, 1159.67
1549.75, 1159.63
1550.18, 1159.59
1550.61, 1159.55
1551.04, 1159.52
1551.47, 1159.48
1551.9, 1159.44
1552.33, 1159.4
1552.76, 1159.36

waypoints
x, y
1532.66, 1160.99
1533.08, 1160.96
1533.5, 1160.93
1533.92, 1160.9
1534.34, 1160.86
1534.76, 1160.83
1535.19, 1160.8
1535.61, 1160.77
1536.03, 1160.73
1536.46, 1160.7
1536.88, 1160.67
1537.31, 1160.64
1537.74, 1160.6
1538.17, 1160.57
1538.6, 1160.54
1539.02, 1160.51
1539.45, 1160.47
1539.88, 1160.44
1540.32, 1160.41
1540.75, 1160.37
1541.18, 1160.34
1541.61, 1160.31
1542.04, 1160.27
1542.48, 1160.24
1542.91, 1160.21
1543.35, 1160.17
1543.78, 1160.14
1544.21, 1160.11
1544.65, 1160.08
1545.08, 1160.04
1545.52, 1160.01
1545.95, 1159.97
1546.3, 1159.95
1546.73, 1159.91
1547.16, 1159.87
1547.59, 1159.83
1548.03, 1159.79
1548.46, 1159.75
1548.89, 1159.71
1549.32, 1159.67
1549.75, 1159.63
1550.18, 1159.59
1550.61, 1159.55
1551.04, 1159.52
1551.47, 1159.48
1551.9, 1159.44
1552.33, 1159.4
1552.76, 1159.36
1553.08, 1159.23
1553.5, 1159.19
1553.92, 1159.16
1554.34, 1159.12
1554.76, 1159.08
1555.18, 1159.04
1555.6, 1159
1556.03, 1158.97
1556.45, 1158.93
1556.87, 1158.89
1557.3, 1158.86
1557.72, 1158.82
1558.15, 1158.78
1558.58, 1158.74
1559, 1158.71
1559.43, 1158.67
1559.86, 1158.64
1560.29, 1158.6
1560.72, 1158.56
1561.15, 1158.53
1561.58, 1158.49
1562.01, 1158.45
1562.45, 1158.42
1562.88, 1158.38
1563.31, 1158.35
1563.75, 1158.31
1564.18, 1158.27
1564.61, 1158.24
1565.05, 1158.2
1565.48, 1158.17
1565.91, 1158.13
1566.35, 1158.09
1566.78, 1158.06
1567.22, 1158.02
1567.65, 1157.98
1568.08, 1157.95
1568.51, 1157.91
1568.95, 1157.87
1569.38, 1157.83
1569.81, 1157.8
1570.24, 1157.76
1570.67, 1157.72
1571.1, 1157.68
1571.53, 1157.64
1572.14, 1157.6
1572.57, 1157.57
1573, 1157.54
1573.43, 1157.52
1573.86, 1157.49

waypoints
x, y
1534.34, 1160.86
1534.76, 1160.83
1535.19, 1160.8
1535.61, 1160.77
1536.03, 1160.73
1536.46, 1160.7
1536.88, 1160.67
1537.31, 1160.64
1537.74, 1160.6
1538.17, 1160.57
1538.6, 1160.54
1539.02, 1160.51
1539.45, 1160.47
1539.88, 1160.44
1540.32, 1160.41
1540.75, 1160.37
1541.18, 1160.34
1541.61, 1160.31
1542.04, 1160.27
1542.48, 1160.24
1542.91, 1160.21
1543.35, 1160.17
1543.78, 1160.14
1544.21, 1160.11
1544.65, 1160.08
1545.08, 1160.04
1545.52, 1160.01
1545.95, 1159.97
1546.3, 1159.95
1546.73, 1159.91
1547.16, 1159.87
1547.59, 1159.83
1548.03, 1159.79
1548.46, 1159.75
1548.89, 1159.71
1549.32, 1159.67
1549.75, 1159.63
1550.18, 1159.59
1550.61, 1159.55
1551.04, 1159.52
1551.47, 1159.48
1551.9, 1159.44
1552.33, 1159.4
1552.76, 1159.36
1553.08, 1159.23
1553.5, 1159.19
1553.92, 1159.16
1554.34, 1159.12
1554.76, 1159.08
1555.18, 1159.04
1555.6, 1159.01
1556.03, 1158.97
1556.45, 1158.93
1556.87, 1158.89
1557.3, 1158.86
1557.72, 1158.82
1558.15, 1158.78
1558.58, 1158.74
1559, 1158.71
1559.43, 1158.67
1559.86, 1158.63
1560.29, 1158.6
1560.72, 1158.56
1561.15, 1158.53
1561.58, 1158.49
1562.02, 1158.45
1562.45, 1158.42
1562.88, 1158.38
1563.31, 1158.35
1563.75, 1158.31
1564.18, 1158.28
1564.61, 1158.24
1565.05, 1158.2
1565.48, 1158.17
1565.91, 1158.13
1566.35, 1158.09
1566.78, 1158.06
1567.22, 1158.02
1567.65, 1157.98
1568.08, 1157.95
1568.52, 1157.91
1568.95, 1157.87
1569.38, 1157.83
1569.81, 1157.8
1570.24, 1157.76
1570.67, 1157.72
1571.1, 1157.68
1571.53, 1157.64
1572.14, 1157.6
1572.57, 1157.57
1573, 1157.54
1573.43, 1157.52
1573.86, 1157.49

waypoints
x, y
1536.03, 1160.73
1536.46, 1160.7
1536.88, 1160.67
1537.31, 1160.64
1537.74, 1160.6
1538.17, 1160.57
1538.6, 1160.54
1539.02, 1160.51
1539.45, 1160.47
1539.88, 1160.44
1540.32, 1160.41
1540.75, 1160.37
1541.18, 1160.34
1541.61, 1160.31
1542.04, 1160.27
1542.48, 1160.24
1542.91, 1160.21
1543.35, 1160.17
1543.78, 1160.14
1544.21, 1160.11
1544.65, 1160.08
1545.08, 1160.04
1545.52, 1160.01
1545.95, 1159.97
1546.3, 1159.95
1546.73, 1159.91
1547.16, 1159.87
1547.59, 1159.83
1548.03, 1159.79
1548.46, 1159.75
1548.89, 1159.71
1549.32, 1159.67
1549.75, 1159.63
1550.18, 1159.59
1550.61, 1159.55
1551.04, 1159.52
1551.47, 1159.48
1551.9, 1159.44
1552.33, 1159.4
1552.76, 1159.36
1553.08, 1159.23
1553.5, 1159.19
1553.92, 1159.16
1554.34, 1159.12
1554.76, 1159.08
1555.18, 1159.04
1555.6, 1159.01
1556.03, 1158.97
1556.45, 1158.93
1556.87, 1158.89
1557.3, 1158.86
1557.72, 1158.82
1558.15, 1158.78
1558.58, 1158.74
1559, 1158.71
1559.43, 1158.67
1559.86, 1158.63
1560.29, 1158.6
1560.72, 1158.56
1561.15, 1158.53
1561.58, 1158.49
1562.02, 1158.45
1562.45, 1158.42
1562.88, 1158.38
1563.31, 1158.35
1563.75, 1158.31
1564.18, 1158.28
1564.61, 1158.24
1565.05, 1158.2
1565.48, 1158.17
1565.91, 1158.13
1566.35, 1158.09
1566.78, 1158.06
1567.22, 1158.02
1567.65, 1157.98
1568.08, 1157.95
1568.52, 1157.91
1568.95, 1157.87
1569.38, 1157.83
1569.81, 1157.8
1570.24, 1157.76
1570.67, 1157.72
1571.1, 1157.68
1571.53, 1157.64
1572.14, 1157.6
1572.57, 1157.57
1573, 1157.54
1573.43, 1157.52
1573.86, 1157.49

waypoints
x, y
1537.31, 1160.64
1537.74, 1160.6
1538.17, 1160.57
1538.6, 1160.54
1539.02, 1160.51
1539.45, 1160.47
1539.88, 1160.44
1540.32, 1160.41
1540.75, 1160.37
1541.18, 1160.34
1541.61, 1160.31
1542.04, 1160.27
1542.48, 1160.24
1542.91, 1160.21
1543.35, 1160.17
1543.78, 1160.14
1544.21, 1160.11
1544.65, 1160.08
1545.08, 1160.04
1545.52, 1160.01
1545.95, 1159.97
1546.3, 1159.95
1546.73, 1159.91
1547.16, 1159.87
1547.59, 1159.83
1548.03, 1159.79
1548.46, 1159.75
1548.89, 1159.71
1549.32, 1159.67
1549.75, 1159.63
1550.18, 1159.59
1550.61, 1159.55
1551.04, 1159.52
1551.47, 1159.48
1551.9, 1159.44
1552.33, 1159.4
1552.76, 1159.36
1553.08, 1159.23
1553.5, 1159.19
1553.92, 1159.16
1554.34, 1159.12
1554.76, 1159.08
1555.18, 1159.04
1555.6, 1159.01
1556.03, 1158.97
1556.45, 1158.93
1556.87, 1158.89
1557.3, 1158.86
1557.72, 1158.82
1558.15, 1158.78
1558.58, 1158.74
1559, 1158.71
1559.43, 1158.67
1559.86, 1158.63
1560.29, 1158.6
1560.72, 1158.56
1561.15, 1158.53
1561.58, 1158.49
1562.02, 1158.45
1562.45, 1158.42
1562.88, 1158.38
1563.31, 1158.35
1563.75, 1158.31
1564.18, 1158.28
1564.61, 1158.24
1565.05, 1158.2
1565.48, 1158.17
1565.91, 1158.13
1566.35, 1158.09
1566.78, 1158.06
1567.22, 1158.02
1567.65, 1157.98
1568.08, 1157.95
1568.52, 1157.91
1568.95, 1157.87
1569.38, 1157.83
1569.81, 1157.8
1570.24, 1157.76
1570.67, 1157.72
1571.1, 1157.68
1571.53, 1157.64
1572.14, 1157.6
1572.57, 1157.57
1573, 1157.54
1573.43, 1157.52
1573.86, 1157.49

waypoints
x, y
1539.02, 1160.51
1539.45, 1160.47
1539.88, 1160.44
1540.32, 1160.41
1540.75, 1160.37
1541.18, 1160.34
1541.61, 1160.31
1542.04, 1160.27
1542.48, 1160.24
1542.91, 1160.21
1543.35, 1160.17
1543.78, 1160.14
1544.21, 1160.11
1544.65, 1160.08
1545.08, 1160.04
1545.52, 1160.01
1545.95, 1159.97
1546.3, 1159.95
1546.73, 1159.91
1547.16, 1159.87
1547.59, 1159.83
1548.03, 1159.79
1548.46, 1159.75
1548.89, 1159.71
1549.32, 1159.67
1549.75, 1159.63
1550.18, 1159.59
1550.61, 1159.55
1551.04, 1159.52
1551.47, 1159.48
1551.9, 1159.44
1552.33, 1159.4
1552.76, 1159.36
1553.08, 1159.23
1553.5, 1159.19
1553.92, 1159.16
1554.34, 1159.12
1554.76, 1159.08
1555.18, 1159.04
1555.6, 1159.01
1556.03, 1158.97
1556.45, 1158.93
1556.87, 1158.89
1557.3, 1158.86
1557.72, 1158.82
1558.15, 1158.78
1558.58, 1158.74
1559, 1158.71
1559.43, 1158.67
1559.86, 1158.63
1560.29, 1158.6
1560.72, 1158.56
1561.15, 1158.53
1561.58, 1158.49
1562.02, 1158.45
1562.45, 1158.42
1562.88, 1158.38
1563.31, 1158.35
1563.75, 1158.31
1564.18, 1158.28
1564.61, 1158.24
1565.05, 1158.2
1565.48, 1158.17
1565.91, 1158.13
1566.35, 1158.09
1566.78, 1158.06
1567.22, 1158.02
1567.65, 1157.98
1568.08, 1157.95
1568.52, 1157.91
1568.95, 1157.87
1569.38, 1157.83
1569.81, 1157.8
1570.24, 1157.76
1570.67, 1157.72
1571.1, 1157.68
1571.53, 1157.64
1572.14, 1157.6
1572.57, 1157.57
1573, 1157.54
1573.43, 1157.52
1573.86, 1157.49

waypoints
x, y
1540.75, 1160.37
1541.18, 1160.34
1541.61, 1160.31
1542.04, 1160.27
1542.48, 1160.24
1542.91, 1160.21
1543.35, 1160.17
1543.78, 1160.14
1544.21, 1160.11
1544.65, 1160.08
1545.08, 1160.04
1545.52, 1160.01
1545.95, 1159.97
1546.3, 1159.95
1546.73, 1159.91
1547.16, 1159.87
1547.59, 1159.83
1548.03, 1159.79
1548.46, 1159.75
1548.89, 1159.71
1549.32, 1159.67
1549.75, 1159.63
1550.18, 1159.59
1550.61, 1159.55
1551.04, 1159.52
1551.47, 1159.48
1551.9, 1159.44
1552.33, 1159.4
1552.76, 1159.36
1553.08, 1159.23
1553.5, 1159.19
1553.92, 1159.16
1554.34, 1159.12
1554.76, 1159.08
1555.18, 1159.04
1555.6, 1159.01
1556.03, 1158.97
1556.45, 1158.93
1556.87, 1158.89
1557.3, 1158.86
1557.72, 1158.82
1558.15, 1158.78
1558.58, 1158.74
1559, 1158.71
1559.43, 1158.67
1559.86, 1158.63
1560.29, 1158.6
1560.72, 1158.56
1561.15, 1158.53
1561.58, 1158.49
1562.02, 1158.45
1562.45, 1158.42
1562.88, 1158.38
1563.31, 1158.35
1563.75, 1158.31
1564.18, 1158.28
1564.61, 1158.24
1565.05, 1158.2
1565.48, 1158.17
1565.91, 1158.13
1566.35, 1158.09
1566.78, 1158.06
1567.22, 1158.02
1567.65, 1157.98
1568.08, 1157.95
1568.52, 1157.91
1568.95, 1157.87
1569.38, 1157.83
1569.81, 1157.8
1570.24, 1157.76
1570.67, 1157.72
1571.1, 1157.68
1571.53, 1157.64
1572.14, 1157.6
1572.57, 1157.57
1573, 1157.54
1573.43, 1157.52
1573.86, 1157.49

waypoints
x, y
1542.04, 1160.27
1542.48, 1160.24
1542.91, 1160.21
1543.35, 1160.17
1543.78, 1160.14
1544.21, 1160.11
1544.65, 1160.08
1545.08, 1160.04
1545.52, 1160.01
1545.95, 1159.97
1546.3, 1159.95
1546.73, 1159.91
1547.16, 1159.87
1547.59, 1159.83
1548.03, 1159.79
1548.46, 1159.75
1548.89, 1159.71
1549.32, 1159.67
1549.75, 1159.63
1550.18, 1159.59
1550.61, 1159.55
1551.04, 1159.52
1551.47, 1159.48
1551.9, 1159.44
1552.33, 1159.4
1552.76, 1159.36
1553.08, 1159.23
1553.5, 1159.19
1553.92, 1159.16
1554.34, 1159.12
1554.76, 1159.08
1555.18, 1159.04
1555.6, 1159.01
1556.03, 1158.97
1556.45, 1158.93
1556.87, 1158.89
1557.3, 1158.86
1557.72, 1158.82
1558.15, 1158.78
1558.58, 1158.74
1559, 1158.71
1559.43, 1158.67
1559.86, 1158.63
1560.29, 1158.6
1560.72, 1158.56
1561.15, 1158.53
1561.58, 1158.49
1562.02, 1158.45
1562.45, 1158.42
1562.88, 1158.38
1563.31, 1158.35
1563.75, 1158.31
1564.18, 1158.28
1564.61, 1158.24
1565.05, 1158.2
1565.48, 1158.17
1565.91, 1158.13
1566.35, 1158.09
1566.78, 1158.06
1567.22, 1158.02
1567.65, 1157.98
1568.08, 1157.95
1568.52, 1157.91
1568.95, 1157.87
1569.38, 1157.83
1569.81, 1157.8
1570.24, 1157.76
1570.67, 1157.72
1571.1, 1157.68
1571.53, 1157.64
1572.14, 1157.6
1572.57, 1157.57
1573, 1157.54
1573.43, 1157.52
1573.86, 1157.49

waypoints
x, y
1543.78, 1160.14
1544.21, 1160.11
1544.65, 1160.08
1545.08, 1160.04
1545.52, 1160.01
1545.95, 1159.97
1546.3, 1159.95
1546.73, 1159.91
1547.16, 1159.87
1547.59, 1159.83
1548.03, 1159.79
1548.46, 1159.75
1548.89, 1159.71
1549.32, 1159.67
1549.75, 1159.63
1550.18, 1159.59
1550.61, 1159.55
1551.04, 1159.52
1551.47, 1159.48
1551.9, 1159.44
1552.33, 1159.4
1552.76, 1159.36
1553.08, 1159.23
1553.5, 1159.19
1553.92, 1159.16
1554.34, 1159.12
1554.76, 1159.08
1555.18, 1159.04
1555.6, 1159.01
1556.03, 1158.97
1556.45, 1158.93
1556.87, 1158.89
1557.3, 1158.86
1557.72, 1158.82
1558.15, 1158.78
1558.58, 1158.74
1559, 1158.71
1559.43, 1158.67
1559.86, 1158.63
1560.29, 1158.6
1560.72, 1158.56
1561.15, 1158.53
1561.58, 1158.49
1562.02, 1158.45
1562.45, 1158.42
1562.88, 1158.38
1563.31, 1158.35
1563.75, 1158.31
1564.18, 1158.28
1564.61, 1158.24
1565.05, 1158.2
1565.48, 1158.17
1565.91, 1158.13
1566.35, 1158.09
1566.78, 1158.06
1567.22, 1158.02
1567.65, 1157.98
1568.08, 1157.95
1568.52, 1157.91
1568.95, 1157.87
1569.38, 1157.83
1569.81, 1157.8
1570.24, 1157.76
1570.67, 1157.72
1571.1, 1157.68
1571.53, 1157.64
1572.14, 1157.6
1572.57, 1157.57
1573, 1157.54
1573.43, 1157.52
1573.86, 1157.49

waypoints
x, y
1545.52, 1160.01
1545.95, 1159.97
1546.3, 1159.95
1546.73, 1159.91
1547.16, 1159.87
1547.59, 1159.83
1548.03, 1159.79
1548.46, 1159.75
1548.89, 1159.71
1549.32, 1159.67
1549.75, 1159.63
1550.18, 1159.59
1550.61, 1159.55
1551.04, 1159.52
1551.47, 1159.48
1551.9, 1159.44
1552.33, 1159.4
1552.76, 1159.36
1553.08, 1159.23
1553.5, 1159.19
1553.92, 1159.16
1554.34, 1159.12
1554.76, 1159.08
1555.18, 1159.04
1555.6, 1159.01
1556.03, 1158.97
1556.45, 1158.93
1556.87, 1158.89
1557.3, 1158.86
1557.72, 1158.82
1558.15, 1158.78
1558.58, 1158.74
1559, 1158.71
1559.43, 1158.67
1559.86, 1158.63
1560.29, 1158.6
1560.72, 1158.56
1561.15, 1158.53
1561.58, 1158.49
1562.02, 1158.45
1562.45, 1158.42
1562.88, 1158.38
1563.31, 1158.35
1563.75, 1158.31
1564.18, 1158.28
1564.61, 1158.24
1565.05, 1158.2
1565.48, 1158.17
1565.91, 1158.13
1566.35, 1158.09
1566.78, 1158.06
1567.22, 1158.02
1567.65, 1157.98
1568.08, 1157.95
1568.52, 1157.91
1568.95, 1157.87
1569.38, 1157.83
1569.81, 1157.8
1570.24, 1157.76
1570.67, 1157.72
1571.1, 1157.68
1571.53, 1157.64
1572.14, 1157.6
1572.57, 1157.57
1573, 1157.54
1573.43, 1157.52
1573.86, 1157.49

waypoints
x, y
1547.16, 1159.87
1547.59, 1159.83
1548.03, 1159.79
1548.46, 1159.75
1548.89, 1159.71
1549.32, 1159.67
1549.75, 1159.63
1550.18, 1159.59
1550.61, 1159.55
1551.04, 1159.52
1551.47, 1159.48
1551.9, 1159.44
1552.33, 1159.4
1552.76, 1159.36
1553.08, 1159.23
1553.5, 1159.19
1553.92, 1159.16
1554.34, 1159.12
1554.76, 1159.08
1555.18, 1159.04
1555.6, 1159.01
1556.03, 1158.97
1556.45, 1158.93
1556.87, 1158.89
1557.3, 1158.86
1557.72, 1158.82
1558.15, 1158.78
1558.58, 1158.74
1559, 1158.71
1559.43, 1158.67
1559.86, 1158.63
1560.29, 1158.6
1560.72, 1158.56
1561.15, 1158.53
1561.58, 1158.49
1562.02, 1158.45
1562.45, 1158.42
1562.88, 1158.38
1563.31, 1158.35
1563.75, 1158.31
1564.18, 1158.28
1564.61, 1158.24
1565.05, 1158.2
1565.48, 1158.17
1565.91, 1158.13
1566.35, 1158.09
1566.78, 1158.06
1567.22, 1158.02
1567.65, 1157.98
1568.08, 1157.95
1568.52, 1157.91
1568.95, 1157.87
1569.38, 1157.83
1569.81, 1157.8
1570.24, 1157.76
1570.67, 1157.72
1571.1, 1157.68
1571.53, 1157.64
1572.14, 1157.6
1572.57, 1157.57
1573, 1157.54
1573.43, 1157.52
1573.86, 1157.49

waypoints
x, y
1548.46, 1159.75
1548.89, 1159.71
1549.32, 1159.67
1549.75, 1159.63
1550.18, 1159.59
1550.61, 1159.55
1551.04, 1159.52
1551.47, 1159.48
1551.9, 1159.44
1552.33, 1159.4
1552.76, 1159.36
1553.08, 1159.23
1553.5, 1159.19
1553.92, 1159.16
1554.34, 1159.12
1554.76, 1159.08
1555.18, 1159.04
1555.6, 1159.01
1556.03, 1158.97
1556.45, 1158.93
1556.87, 1158.89
1557.3, 1158.86
1557.72, 1158.82
1558.15, 1158.78
1558.58, 1158.74
1559, 1158.71
1559.43, 1158.67
1559.86, 1158.63
1560.29, 1158.6
1560.72, 1158.56
1561.15, 1158.53
1561.58, 1158.49
1562.02, 1158.45
1562.45, 1158.42
1562.88, 1158.38
1563.31, 1158.35
1563.75, 1158.31
1564.18, 1158.28
1564.61, 1158.24
1565.05, 1158.2
1565.48, 1158.17
1565.91, 1158.13
1566.35, 1158.09
1566.78, 1158.06
1567.22, 1158.02
1567.65, 1157.98
1568.08, 1157.95
1568.52, 1157.91
1568.95, 1157.87
1569.38, 1157.83
1569.81, 1157.8
1570.24, 1157.76
1570.67, 1157.72
1571.1, 1157.68
1571.53, 1157.64
1572.14, 1157.6
1572.57, 1157.57
1573, 1157.54
1573.43, 1157.52
1573.86, 1157.49

waypoints
x, y
1550.18, 1159.59
1550.61, 1159.55
1551.04, 1159.52
1551.47, 1159.48
1551.9, 1159.44
1552.33, 1159.4
1552.76, 1159.36
1553.08, 1159.23
1553.5, 1159.19
1553.92, 1159.16
1554.34, 1159.12
1554.76, 1159.08
1555.18, 1159.04
1555.6, 1159.01
1556.03, 1158.97
1556.45, 1158.93
1556.87, 1158.89
1557.3, 1158.86
1557.72, 1158.82
1558.15, 1158.78
1558.58, 1158.74
1559, 1158.71
1559.43, 1158.67
1559.86, 1158.63
1560.29, 1158.6
1560.72, 1158.56
1561.15, 1158.53
1561.58, 1158.49
1562.02, 1158.45
1562.45, 1158.42
1562.88, 1158.38
1563.31, 1158.35
1563.75, 1158.31
1564.18, 1158.28
1564.61, 1158.24
1565.05, 1158.2
1565.48, 1158.17
1565.91, 1158.13
1566.35, 1158.09
1566.78, 1158.06
1567.22, 1158.02
1567.65, 1157.98
1568.08, 1157.95
1568.52, 1157.91
1568.95, 1157.87
1569.38, 1157.83
1569.81, 1157.8
1570.24, 1157.76
1570.67, 1157.72
1571.1, 1157.68
1571.53, 1157.64
1572.14, 1157.6
1572.57, 1157.57
1573, 1157.54
1573.43, 1157.52
1573.86, 1157.49

waypoints
x, y
1551.47, 1159.48
1551.9, 1159.44
1552.33, 1159.4
1552.76, 1159.36
1553.08, 1159.23
1553.5, 1159.19
1553.92, 1159.16
1554.34, 1159.12
1554.76, 1159.08
1555.18, 1159.04
1555.6, 1159.01
1556.03, 1158.97
1556.45, 1158.93
1556.87, 1158.89
1557.3, 1158.86
1557.72, 1158.82
1558.15, 1158.78
1558.58, 1158.74
1559, 1158.71
1559.43, 1158.67
1559.86, 1158.63
1560.29, 1158.6
1560.72, 1158.56
1561.15, 1158.53
1561.58, 1158.49
1562.02, 1158.45
1562.45, 1158.42
1562.88, 1158.38
1563.31, 1158.35
1563.75, 1158.31
1564.18, 1158.28
1564.61, 1158.24
1565.05, 1158.2
1565.48, 1158.17
1565.91, 1158.13
1566.35, 1158.09
1566.78, 1158.06
1567.22, 1158.02
1567.65, 1157.98
1568.08, 1157.95
1568.52, 1157.91
1568.95, 1157.87
1569.38, 1157.83
1569.81, 1157.8
1570.24, 1157.76
1570.67, 1157.72
1571.1, 1157.68
1571.53, 1157.64
1572.14, 1157.6
1572.57, 1157.57
1573, 1157.54
1573.43, 1157.52
1573.86, 1157.49

waypoints
x, y
1553.08, 1159.23
1553.5, 1159.19
1553.92, 1159.16
1554.34, 1159.12
1554.76, 1159.08
1555.18, 1159.04
1555.6, 1159.01
1556.03, 1158.97
1556.45, 1158.93
1556.87, 1158.89
1557.3, 1158.86
1557.72, 1158.82
1558.15, 1158.78
1558.58, 1158.74
1559, 1158.71
1559.43, 1158.67
1559.86, 1158.63
1560.29, 1158.6
1560.72, 1158.56
1561.15, 1158.53
1561.58, 1158.49
1562.02, 1158.45
1562.45, 1158.42
1562.88, 1158.38
1563.31, 1158.35
1563.75, 1158.31
1564.18, 1158.28
1564.61, 1158.24
1565.05, 1158.2
1565.48, 1158.17
1565.91, 1158.13
1566.35, 1158.09
1566.78, 1158.06
1567.22, 1158.02
1567.65, 1157.98
1568.08, 1157.95
1568.52, 1157.91
1568.95, 1157.87
1569.38, 1157.83
1569.81, 1157.8
1570.24, 1157.76
1570.67, 1157.72
1571.1, 1157.68
1571.53, 1157.64
1572.14, 1157.6
1572.57, 1157.57
1573, 1157.54
1573.43, 1157.52
1573.86, 1157.49
1574.46, 1157.51
1574.89, 1157.48
1575.32, 1157.46
1575.75, 1157.43
1576.18, 1157.4
1576.61, 1157.38
1577.04, 1157.35
1577.47, 1157.32
1577.9, 1157.29
1578.33, 1157.27
1578.76, 1157.24
1579.19, 1157.21
1579.62, 1157.18
1580.05, 1157.15
1580.48, 1157.12
1580.91, 1157.1
1581.34, 1157.07
1581.77, 1157.04
1582.2, 1157.01
1582.63, 1156.98
1583.06, 1156.95
1583.49, 1156.92
1583.92, 1156.89
1584.35, 1156.87
1584.78, 1156.84
1585.21, 1156.81
1585.63, 1156.78
1586.06, 1156.75
1586.49, 1156.72
1586.92, 1156.69
1587.35, 1156.66
1587.78, 1156.63
1588.21, 1156.61
1588.64, 1156.58
1589.07, 1156.55
1589.5, 1156.52
1589.93, 1156.49
1590.36, 1156.46
1590.79, 1156.44
1591.22, 1156.41
1591.65, 1156.38
1592.08, 1156.35
1592.51, 1156.33
1592.94, 1156.3
1593.37, 1156.27
1593.8, 1156.24
1594.23, 1156.22
1594.66, 1156.19
1595.09, 1156.16

waypoints
x, y
1554.34, 1159.12
1554.76, 1159.08
1555.18, 1159.04
1555.6, 1159.01
1556.03, 1158.97
1556.45, 1158.93
1556.87, 1158.89
1557.3, 1158.86
1557.72, 1158.82
1558.15, 1158.78
1558.58, 1158.74
1559, 1158.71
1559.43, 1158.67
1559.86, 1158.63
1560.29, 1158.6
1560.72, 1158.56
1561.15, 1158.53
1561.58, 1158.49
1562.02, 1158.45
1562.45, 1158.42
1562.88, 1158.38
1563.31, 1158.35
1563.75, 1158.31
1564.18, 1158.28
1564.61, 1158.24
1565.05, 1158.2
1565.48, 1158.17
1565.91, 1158.13
1566.35, 1158.09
1566.78, 1158.06
1567.22, 1158.02
1567.65, 1157.98
1568.08, 1157.95
1568.52, 1157.91
1568.95, 1157.87
1569.38, 1157.83
1569.81, 1157.8
1570.24, 1157.76
1570.67, 1157.72
1571.1, 1157.68
1571.53, 1157.64
1572.14, 1157.6
1572.57, 1157.57
1573, 1157.54
1573.43, 1157.52
1573.86, 1157.49
1574.46, 1157.51
1574.89, 1157.48
1575.32, 1157.46
1575.75, 1157.43
1576.18, 1157.4
1576.61, 1157.38
1577.04, 1157.35
1577.47, 1157.32
1577.9, 1157.29
1578.33, 1157.27
1578.76, 1157.24
1579.19, 1157.21
1579.62, 1157.18
1580.05, 1157.15
1580.48, 1157.12
1580.91, 1157.1
1581.34, 1157.07
1581.77, 1157.04
1582.2, 1157.01
1582.63, 1156.98
1583.06, 1156.95
1583.49, 1156.92
1583.92, 1156.89
1584.35, 1156.87
1584.78, 1156.84
1585.21, 1156.81
1585.63, 1156.78
1586.06, 1156.75
1586.49, 1156.72
1586.92, 1156.69
1587.35, 1156.66
1587.78, 1156.63
1588.21, 1156.61
1588.64, 1156.58
1589.07, 1156.55
1589.5, 1156.52
1589.93, 1156.49
1590.36, 1156.46
1590.79, 1156.44
1591.22, 1156.41
1591.65, 1156.38
1592.08, 1156.35
1592.51, 1156.33
1592.94, 1156.3
1593.37, 1156.27
1593.8, 1156.24
1594.23, 1156.22
1594.66, 1156.19
1595.09, 1156.16

waypoints
x, y
1556.03, 1158.97
1556.45, 1158.93
1556.87, 1158.89
1557.3, 1158.86
1557.72, 1158.82
1558.15, 1158.78
1558.58, 1158.74
1559, 1158.71
1559.43, 1158.67
1559.86, 1158.63
1560.29, 1158.6
1560.72, 1158.56
1561.15, 1158.53
1561.58, 1158.49
1562.02, 1158.45
1562.45, 1158.42
1562.88, 1158.38
1563.31, 1158.35
1563.75, 1158.31
1564.18, 1158.28
1564.61, 1158.24
1565.05, 1158.2
1565.48, 1158.17
1565.91, 1158.13
1566.35, 1158.09
1566.78, 1158.06
1567.22, 1158.02
1567.65, 1157.98
1568.08, 1157.95
1568.52, 1157.91
1568.95, 1157.87
1569.38, 1157.83
1569.81, 1157.8
1570.24, 1157.76
1570.67, 1157.72
1571.1, 1157.68
1571.53, 1157.64
1572.14, 1157.6
1572.57, 1157.57
1573, 1157.54
1573.43, 1157.52
1573.86, 1157.49
1574.46, 1157.51
1574.89, 1157.48
1575.32, 1157.46
1575.75, 1157.43
1576.18, 1157.4
1576.61, 1157.38
1577.04, 1157.35
1577.47, 1157.32
1577.9, 1157.29
1578.33, 1157.27
1578.76, 1157.24
1579.19, 1157.21
1579.62, 1157.18
1580.05, 1157.15
1580.48, 1157.12
1580.91, 1157.1
1581.34, 1157.07
1581.77, 1157.04
1582.2, 1157.01
1582.63, 1156.98
1583.06, 1156.95
1583.49, 1156.92
1583.92, 1156.89
1584.35, 1156.87
1584.78, 1156.84
1585.21, 1156.81
1585.63, 1156.78
1586.06, 1156.75
1586.49, 1156.72
1586.92, 1156.69
1587.35, 1156.66
1587.78, 1156.63
1588.21, 1156.61
1588.64, 1156.58
1589.07, 1156.55
1589.5, 1156.52
1589.93, 1156.49
1590.36, 1156.46
1590.79, 1156.44
1591.22, 1156.41
1591.65, 1156.38
1592.08, 1156.35
1592.51, 1156.33
1592.94, 1156.3
1593.37, 1156.27
1593.8, 1156.24
1594.23, 1156.22
1594.66, 1156.19
1595.09, 1156.16

waypoints
x, y
1557.72, 1158.82
1558.15, 1158.78
1558.58, 1158.74
1559, 1158.71
1559.43, 1158.67
1559.86, 1158.63
1560.29, 1158.6
1560.72, 1158.56
1561.15, 1158.53
1561.58, 1158.49
1562.02, 1158.45
1562.45, 1158.42
1562.88, 1158.38
1563.31, 1158.35
1563.75, 1158.31
1564.18, 1158.28
1564.61, 1158.24
1565.05, 1158.2
1565.48, 1158.17
1565.91, 1158.13
1566.35, 1158.09
1566.78, 1158.06
1567.22, 1158.02
1567.65, 1157.98
1568.08, 1157.95
1568.52, 1157.91
1568.95, 1157.87
1569.38, 1157.83
1569.81, 1157.8
1570.24, 1157.76
1570.67, 1157.72
1571.1, 1157.68
1571.53, 1157.64
1572.14, 1157.6
1572.57, 1157.57
1573, 1157.54
1573.43, 1157.52
1573.86, 1157.49
1574.46, 1157.51
1574.89, 1157.48
1575.32, 1157.46
1575.75, 1157.43
1576.18, 1157.4
1576.61, 1157.38
1577.04, 1157.35
1577.47, 1157.32
1577.9, 1157.29
1578.33, 1157.27
1578.76, 1157.24
1579.19, 1157.21
1579.62, 1157.18
1580.05, 1157.15
1580.48, 1157.12
1580.91, 1157.1
1581.34, 1157.07
1581.77, 1157.04
1582.2, 1157.01
1582.63, 1156.98
1583.06, 1156.95
1583.49, 1156.92
1583.92, 1156.89
1584.35, 1156.87
1584.78, 1156.84
1585.21, 1156.81
1585.63, 1156.78
1586.06, 1156.75
1586.49, 1156.72
1586.92, 1156.69
1587.35, 1156.66
1587.78, 1156.63
1588.21, 1156.61
1588.64, 1156.58
1589.07, 1156.55
1589.5, 1156.52
1589.93, 1156.49
1590.36, 1156.46
1590.79, 1156.44
1591.22, 1156.41
1591.65, 1156.38
1592.08, 1156.35
1592.51, 1156.33
1592.94, 1156.3
1593.37, 1156.27
1593.8, 1156.24
1594.23, 1156.22
1594.66, 1156.19
1595.09, 1156.16

waypoints
x, y
1559.43, 1158.67
1559.86, 1158.63
1560.29, 1158.6
1560.72, 1158.56
1561.15, 1158.53
1561.58, 1158.49
1562.02, 1158.45
1562.45, 1158.42
1562.88, 1158.38
1563.31, 1158.35
1563.75, 1158.31
1564.18, 1158.28
1564.61, 1158.24
1565.05, 1158.2
1565.48, 1158.17
1565.91, 1158.13
1566.35, 1158.09
1566.78, 1158.06
1567.22, 1158.02
1567.65, 1157.98
1568.08, 1157.95
1568.52, 1157.91
1568.95, 1157.87
1569.38, 1157.83
1569.81, 1157.8
1570.24, 1157.76
1570.67, 1157.72
1571.1, 1157.68
1571.53, 1157.64
1572.14, 1157.6
1572.57, 1157.57
1573, 1157.54
1573.43, 1157.52
1573.86, 1157.49
1574.46, 1157.51
1574.89, 1157.48
1575.32, 1157.46
1575.75, 1157.43
1576.18, 1157.4
1576.61, 1157.38
1577.04, 1157.35
1577.47, 1157.32
1577.9, 1157.29
1578.33, 1157.27
1578.76, 1157.24
1579.19, 1157.21
1579.62, 1157.18
1580.05, 1157.15
1580.48, 1157.12
1580.91, 1157.1
1581.34, 1157.07
1581.77, 1157.04
1582.2, 1157.01
1582.63, 1156.98
1583.06, 1156.95
1583.49, 1156.92
1583.92, 1156.89
1584.35, 1156.87
1584.78, 1156.84
1585.21, 1156.81
1585.63, 1156.78
1586.06, 1156.75
1586.49, 1156.72
1586.92, 1156.69
1587.35, 1156.66
1587.78, 1156.63
1588.21, 1156.61
1588.64, 1156.58
1589.07, 1156.55
1589.5, 1156.52
1589.93, 1156.49
1590.36, 1156.46
1590.79, 1156.44
1591.22, 1156.41
1591.65, 1156.38
1592.08, 1156.35
1592.51, 1156.33
1592.94, 1156.3
1593.37, 1156.27
1593.8, 1156.24
1594.23, 1156.22
1594.66, 1156.19
1595.09, 1156.16

waypoints
x, y
1560.72, 1158.56
1561.15, 1158.53
1561.58, 1158.49
1562.02, 1158.45
1562.45, 1158.42
1562.88, 1158.38
1563.31, 1158.35
1563.75, 1158.31
1564.18, 1158.28
1564.61, 1158.24
1565.05, 1158.2
1565.48, 1158.17
1565.91, 1158.13
1566.35, 1158.09
1566.78, 1158.06
1567.22, 1158.02
1567.65, 1157.98
1568.08, 1157.95
1568.52, 1157.91
1568.95, 1157.87
1569.38, 1157.83
1569.81, 1157.8
1570.24, 1157.76
1570.67, 1157.72
1571.1, 1157.68
1571.53, 1157.64
1572.14, 1157.6
1572.57, 1157.57
1573, 1157.54
1573.43, 1157.52
1573.86, 1157.49
1574.46, 1157.51
1574.89, 1157.48
1575.32, 1157.46
1575.75, 1157.43
1576.18, 1157.4
1576.61, 1157.38
1577.04, 1157.35
1577.47, 1157.32
1577.9, 1157.29
1578.33, 1157.27
1578.76, 1157.24
1579.19, 1157.21
1579.62, 1157.18
1580.05, 1157.15
1580.48, 1157.12
1580.91, 1157.1
1581.34, 1157.07
1581.77, 1157.04
1582.2, 1157.01
1582.63, 1156.98
1583.06, 1156.95
1583.49, 1156.92
1583.92, 1156.89
1584.35, 1156.87
1584.78, 1156.84
1585.21, 1156.81
1585.63, 1156.78
1586.06, 1156.75
1586.49, 1156.72
1586.92, 1156.69
1587.35, 1156.66
1587.78, 1156.63
1588.21, 1156.61
1588.64, 1156.58
1589.07, 1156.55
1589.5, 1156.52
1589.93, 1156.49
1590.36, 1156.46
1590.79, 1156.44
1591.22, 1156.41
1591.65, 1156.38
1592.08, 1156.35
1592.51, 1156.33
1592.94, 1156.3
1593.37, 1156.27
1593.8, 1156.24
1594.23, 1156.22
1594.66, 1156.19
1595.09, 1156.16

waypoints
x, y
1562.45, 1158.42
1562.88, 1158.38
1563.31, 1158.35
1563.75, 1158.31
1564.18, 1158.28
1564.61, 1158.24
1565.05, 1158.2
1565.48, 1158.17
1565.91, 1158.13
1566.35, 1158.09
1566.78, 1158.06
1567.22, 1158.02
1567.65, 1157.98
1568.08, 1157.95
1568.52, 1157.91
1568.95, 1157.87
1569.38, 1157.83
1569.81, 1157.8
1570.24, 1157.76
1570.67, 1157.72
1571.1, 1157.68
1571.53, 1157.64
1572.14, 1157.6
1572.57, 1157.57
1573, 1157.54
1573.43, 1157.52
1573.86, 1157.49
1574.46, 1157.51
1574.89, 1157.48
1575.32, 1157.46
1575.75, 1157.43
1576.18, 1157.4
1576.61, 1157.38
1577.04, 1157.35
1577.47, 1157.32
1577.9, 1157.29
1578.33, 1157.27
1578.76, 1157.24
1579.19, 1157.21
1579.62, 1157.18
1580.05, 1157.15
1580.48, 1157.12
1580.91, 1157.1
1581.34, 1157.07
1581.77, 1157.04
1582.2, 1157.01
1582.63, 1156.98
1583.06, 1156.95
1583.49, 1156.92
1583.92, 1156.89
1584.35, 1156.87
1584.78, 1156.84
1585.21, 1156.81
1585.63, 1156.78
1586.06, 1156.75
1586.49, 1156.72
1586.92, 1156.69
1587.35, 1156.66
1587.78, 1156.63
1588.21, 1156.61
1588.64, 1156.58
1589.07, 1156.55
1589.5, 1156.52
1589.93, 1156.49
1590.36, 1156.46
1590.79, 1156.44
1591.22, 1156.41
1591.65, 1156.38
1592.08, 1156.35
1592.51, 1156.33
1592.94, 1156.3
1593.37, 1156.27
1593.8, 1156.24
1594.23, 1156.22
1594.66, 1156.19
1595.09, 1156.16

waypoints
x, y
1564.18, 1158.28
1564.61, 1158.24
1565.05, 1158.2
1565.48, 1158.17
1565.91, 1158.13
1566.35, 1158.09
1566.78, 1158.06
1567.22, 1158.02
1567.65, 1157.98
1568.08, 1157.95
1568.52, 1157.91
1568.95, 1157.87
1569.38, 1157.83
1569.81, 1157.8
1570.24, 1157.76
1570.67, 1157.72
1571.1, 1157.68
1571.53, 1157.64
1572.14, 1157.6
1572.57, 1157.57
1573, 1157.54
1573.43, 1157.52
1573.86, 1157.49
1574.46, 1157.51
1574.89, 1157.48
1575.32, 1157.46
1575.75, 1157.43
1576.18, 1157.4
1576.61, 1157.38
1577.04, 1157.35
1577.47, 1157.32
1577.9, 1157.29
1578.33, 1157.27
1578.76, 1157.24
1579.19, 1157.21
1579.62, 1157.18
1580.05, 1157.15
1580.48, 1157.12
1580.91, 1157.1
1581.34, 1157.07
1581.77, 1157.04
1582.2, 1157.01
1582.63, 1156.98
1583.06, 1156.95
1583.49, 1156.92
1583.92, 1156.89
1584.35, 1156.87
1584.78, 1156.84
1585.21, 1156.81
1585.63, 1156.78
1586.06, 1156.75
1586.49, 1156.72
1586.92, 1156.69
1587.35, 1156.66
1587.78, 1156.63
1588.21, 1156.61
1588.64, 1156.58
1589.07, 1156.55
1589.5, 1156.52
1589.93, 1156.49
1590.36, 1156.46
1590.79, 1156.44
1591.22, 1156.41
1591.65, 1156.38
1592.08, 1156.35
1592.51, 1156.33
1592.94, 1156.3
1593.37, 1156.27
1593.8, 1156.24
1594.23, 1156.22
1594.66, 1156.19
1595.09, 1156.16

waypoints
x, y
1565.91, 1158.13
1566.35, 1158.09
1566.78, 1158.06
1567.22, 1158.02
1567.65, 1157.98
1568.08, 1157.95
1568.52, 1157.91
1568.95, 1157.87
1569.38, 1157.83
1569.81, 1157.8
1570.24, 1157.76
1570.67, 1157.72
1571.1, 1157.68
1571.53, 1157.64
1572.14, 1157.6
1572.57, 1157.57
1573, 1157.54
1573.43, 1157.52
1573.86, 1157.49
1574.46, 1157.51
1574.89, 1157.48
1575.32, 1157.46
1575.75, 1157.43
1576.18, 1157.4
1576.61, 1157.38
1577.04, 1157.35
1577.47, 1157.32
1577.9, 1157.29
1578.33, 1157.27
1578.76, 1157.24
1579.19, 1157.21
1579.62, 1157.18
1580.05, 1157.15
1580.48, 1157.12
1580.91, 1157.1
1581.34, 1157.07
1581.77, 1157.04
1582.2, 1157.01
1582.63, 1156.98
1583.06, 1156.95
1583.49, 1156.92
1583.92, 1156.89
1584.35, 1156.87
1584.78, 1156.84
1585.21, 1156.81
1585.63, 1156.78
1586.06, 1156.75
1586.49, 1156.72
1586.92, 1156.69
1587.35, 1156.66
1587.78, 1156.63
1588.21, 1156.61
1588.64, 1156.58
1589.07, 1156.55
1589.5, 1156.52
1589.93, 1156.49
1590.36, 1156.46
1590.79, 1156.44
1591.22, 1156.41
1591.65, 1156.38
1592.08, 1156.35
1592.51, 1156.33
1592.94, 1156.3
1593.37, 1156.27
1593.8, 1156.24
1594.23, 1156.22
1594.66, 1156.19
1595.09, 1156.16

waypoints
x, y
1567.65, 1157.98
1568.08, 1157.95
1568.52, 1157.91
1568.95, 1157.87
1569.38, 1157.83
1569.81, 1157.8
1570.24, 1157.76
1570.67, 1157.72
1571.1, 1157.68
1571.53, 1157.64
1572.14, 1157.6
1572.57, 1157.57
1573, 1157.54
1573.43, 1157.52
1573.86, 1157.49
1574.46, 1157.51
1574.89, 1157.48
1575.32, 1157.46
1575.75, 1157.43
1576.18, 1157.4
1576.61, 1157.38
1577.04, 1157.35
1577.47, 1157.32
1577.9, 1157.29
1578.33, 1157.27
1578.76, 1157.24
1579.19, 1157.21
1579.62, 1157.18
1580.05, 1157.15
1580.48, 1157.12
1580.91, 1157.1
1581.34, 1157.07
1581.77, 1157.04
1582.2, 1157.01
1582.63, 1156.98
1583.06, 1156.95
1583.49, 1156.92
1583.92, 1156.89
1584.35, 1156.87
1584.78, 1156.84
1585.21, 1156.81
1585.63, 1156.78
1586.06, 1156.75
1586.49, 1156.72
1586.92, 1156.69
1587.35, 1156.66
1587.78, 1156.63
1588.21, 1156.61
1588.64, 1156.58
1589.07, 1156.55
1589.5, 1156.52
1589.93, 1156.49
1590.36, 1156.46
1590.79, 1156.44
1591.22, 1156.41
1591.65, 1156.38
1592.08, 1156.35
1592.51, 1156.33
1592.94, 1156.3
1593.37, 1156.27
1593.8, 1156.24
1594.23, 1156.22
1594.66, 1156.19
1595.09, 1156.16

waypoints
x, y
1569.38, 1157.83
1569.81, 1157.8
1570.24, 1157.76
1570.67, 1157.72
1571.1, 1157.68
1571.53, 1157.64
1572.14, 1157.6
1572.57, 1157.57
1573, 1157.54
1573.43, 1157.52
1573.86, 1157.49
1574.46, 1157.51
1574.89, 1157.48
1575.32, 1157.46
1575.75, 1157.43
1576.18, 1157.4
1576.61, 1157.38
1577.04, 1157.35
1577.47, 1157.32
1577.9, 1157.29
1578.33, 1157.27
1578.76, 1157.24
1579.19, 1157.21
1579.62, 1157.18
1580.05, 1157.15
1580.48, 1157.12
1580.91, 1157.1
1581.34, 1157.07
1581.77, 1157.04
1582.2, 1157.01
1582.63, 1156.98
1583.06, 1156.95
1583.49, 1156.92
1583.92, 1156.89
1584.35, 1156.87
1584.78, 1156.84
1585.21, 1156.81
1585.63, 1156.78
1586.06, 1156.75
1586.49, 1156.72
1586.92, 1156.69
1587.35, 1156.66
1587.78, 1156.63
1588.21, 1156.61
1588.64, 1156.58
1589.07, 1156.55
1589.5, 1156.52
1589.93, 1156.49
1590.36, 1156.46
1590.79, 1156.44
1591.22, 1156.41
1591.65, 1156.38
1592.08, 1156.35
1592.51, 1156.33
1592.94, 1156.3
1593.37, 1156.27
1593.8, 1156.24
1594.23, 1156.22
1594.66, 1156.19
1595.09, 1156.16

waypoints
x, y
1571.1, 1157.68
1571.53, 1157.64
1572.14, 1157.6
1572.57, 1157.57
1573, 1157.54
1573.43, 1157.52
1573.86, 1157.49
1574.46, 1157.51
1574.89, 1157.48
1575.32, 1157.46
1575.75, 1157.43
1576.18, 1157.4
1576.61, 1157.38
1577.04, 1157.35
1577.47, 1157.32
1577.9, 1157.29
1578.33, 1157.27
1578.76, 1157.24
1579.19, 1157.21
1579.62, 1157.18
1580.05, 1157.15
1580.48, 1157.12
1580.91, 1157.1
1581.34, 1157.07
1581.77, 1157.04
1582.2, 1157.01
1582.63, 1156.98
1583.06, 1156.95
1583.49, 1156.92
1583.92, 1156.89
1584.35, 1156.87
1584.78, 1156.84
1585.21, 1156.81
1585.63, 1156.78
1586.06, 1156.75
1586.49, 1156.72
1586.92, 1156.69
1587.35, 1156.66
1587.78, 1156.63
1588.21, 1156.61
1588.64, 1156.58
1589.07, 1156.55
1589.5, 1156.52
1589.93, 1156.49
1590.36, 1156.46
1590.79, 1156.44
1591.22, 1156.41
1591.65, 1156.38
1592.08, 1156.35
1592.51, 1156.33
1592.94, 1156.3
1593.37, 1156.27
1593.8, 1156.24
1594.23, 1156.22
1594.66, 1156.19
1595.09, 1156.16

waypoints
x, y
1573, 1157.54
1573.43, 1157.52
1573.86, 1157.49
1574.46, 1157.51
1574.89, 1157.48
1575.32, 1157.46
1575.75, 1157.43
1576.18, 1157.4
1576.61, 1157.38
1577.04, 1157.35
1577.47, 1157.32
1577.9, 1157.29
1578.33, 1157.27
1578.76, 1157.24
1579.19, 1157.21
1579.62, 1157.18
1580.05, 1157.15
1580.48, 1157.12
1580.91, 1157.1
1581.34, 1157.07
1581.77, 1157.04
1582.2, 1157.01
1582.63, 1156.98
1583.06, 1156.95
1583.49, 1156.92
1583.92, 1156.89
1584.35, 1156.87
1584.78, 1156.84
1585.21, 1156.81
1585.63, 1156.78
1586.06, 1156.75
1586.49, 1156.72
1586.92, 1156.69
1587.35, 1156.66
1587.78, 1156.63
1588.21, 1156.61
1588.64, 1156.58
1589.07, 1156.55
1589.5, 1156.52
1589.93, 1156.49
1590.36, 1156.46
1590.79, 1156.44
1591.22, 1156.41
1591.65, 1156.38
1592.08, 1156.35
1592.51, 1156.33
1592.94, 1156.3
1593.37, 1156.27
1593.8, 1156.24
1594.23, 1156.22
1594.66, 1156.19
1595.09, 1156.16

waypoints
x, y
1574.46, 1157.51
1574.89, 1157.48
1575.32, 1157.46
1575.75, 1157.43
1576.18, 1157.4
1576.61, 1157.38
1577.04, 1157.35
1577.47, 1157.32
1577.9, 1157.29
1578.33, 1157.27
1578.76, 1157.24
1579.19, 1157.21
1579.62, 1157.18
1580.05, 1157.15
1580.48, 1157.12
1580.91, 1157.1
1581.34, 1157.07
1581.77, 1157.04
1582.2, 1157.01
1582.63, 1156.98
1583.06, 1156.95
1583.49, 1156.92
1583.92, 1156.89
1584.35, 1156.87
1584.78, 1156.84
1585.21, 1156.81
1585.63, 1156.78
1586.06, 1156.75
1586.49, 1156.72
1586.92, 1156.69
1587.35, 1156.66
1587.78, 1156.63
1588.21, 1156.61
1588.64, 1156.58
1589.07, 1156.55
1589.5, 1156.52
1589.93, 1156.49
1590.36, 1156.46
1590.79, 1156.44
1591.22, 1156.41
1591.65, 1156.38
1592.08, 1156.35
1592.51, 1156.33
1592.94, 1156.3
1593.37, 1156.27
1593.8, 1156.24
1594.23, 1156.22
1594.66, 1156.19
1595.09, 1156.16
1595.52, 1156.14
1595.95, 1156.11
1596.38, 1156.08
1596.81, 1156.06
1597.24, 1156.03
1597.67, 1156
1597.94, 1155.98
1598.37, 1155.94
1598.79, 1155.9
1599.22, 1155.86
1599.65, 1155.82
1600.08, 1155.79
1600.51, 1155.75
1600.94, 1155.71
1601.37, 1155.67
1601.8, 1155.63
1602.23, 1155.6
1602.65, 1155.56
1603.08, 1155.52
1603.51, 1155.48
1603.94, 1155.44
1604.37, 1155.4
1604.8, 1155.37
1605.23, 1155.33
1605.66, 1155.29
1606.09, 1155.25
1606.51, 1155.21
1606.94, 1155.18
1607.37, 1155.14
1607.8, 1155.1
1608.23, 1155.06
1608.66, 1155.02
1609.09, 1154.98
1609.52, 1154.95
1609.94, 1154.91
1610.37, 1154.87
1610.8, 1154.83
1611.23, 1154.79
1611.66, 1154.76
1612.09, 1154.72
1612.52, 1154.68
1612.95, 1154.64
1613.37, 1154.6
1613.8, 1154.56
1614.23, 1154.53
1614.66, 1154.49
1615.09, 1154.45
1615.52, 1154.41
1615.95, 1154.37

waypoints
x, y
1576.18, 1157.4
1576.61, 1157.38
1577.04, 1157.35
1577.47, 1157.32
1577.9, 1157.29
1578.33, 1157.27
1578.76, 1157.24
1579.19, 1157.21
1579.62, 1157.18
1580.05, 1157.15
1580.48, 1157.12
1580.91, 1157.1
1581.34, 1157.07
1581.77, 1157.04
1582.2, 1157.01
1582.63, 1156.98
1583.06, 1156.95
1583.49, 1156.92
1583.92, 1156.89
1584.35, 1156.87
1584.78, 1156.84
1585.21, 1156.81
1585.63, 1156.78
1586.06, 1156.75
1586.49, 1156.72
1586.92, 1156.69
1587.35, 1156.66
1587.78, 1156.63
1588.21, 1156.61
1588.64, 1156.58
1589.07, 1156.55
1589.5, 1156.52
1589.93, 1156.49
1590.36, 1156.46
1590.79, 1156.44
1591.22, 1156.41
1591.65, 1156.38
1592.08, 1156.35
1592.51, 1156.33
1592.94, 1156.3
1593.37, 1156.27
1593.8, 1156.24
1594.23, 1156.22
1594.66, 1156.19
1595.09, 1156.16
1595.52, 1156.14
1595.94, 1156.11
1596.38, 1156.08
1596.81, 1156.06
1597.23, 1156.03
1597.67, 1156
1597.94, 1155.98
1598.37, 1155.94
1598.79, 1155.9
1599.22, 1155.86
1599.65, 1155.83
1600.08, 1155.79
1600.51, 1155.75
1600.94, 1155.71
1601.37, 1155.67
1601.8, 1155.63
1602.23, 1155.6
1602.65, 1155.56
1603.08, 1155.52
1603.51, 1155.48
1603.94, 1155.44
1604.37, 1155.4
1604.8, 1155.37
1605.23, 1155.33
1605.66, 1155.29
1606.09, 1155.25
1606.51, 1155.21
1606.94, 1155.17
1607.37, 1155.14
1607.8, 1155.1
1608.23, 1155.06
1608.66, 1155.02
1609.09, 1154.98
1609.52, 1154.95
1609.94, 1154.91
1610.37, 1154.87
1610.8, 1154.83
1611.23, 1154.79
1611.66, 1154.76
1612.09, 1154.72
1612.52, 1154.68
1612.94, 1154.64
1613.37, 1154.6
1613.8, 1154.56
1614.23, 1154.53
1614.66, 1154.49
1615.09, 1154.45
1615.52, 1154.41
1615.95, 1154.37

waypoints
x, y
1578.33, 1157.27
1578.76, 1157.24
1579.19, 1157.21
1579.62, 1157.18
1580.05, 1157.15
1580.48, 1157.12
1580.91, 1157.1
1581.34, 1157.07
1581.77, 1157.04
1582.2, 1157.01
1582.63, 1156.98
1583.06, 1156.95
1583.49, 1156.92
1583.92, 1156.89
1584.35, 1156.87
1584.78, 1156.84
1585.21, 1156.81
1585.63, 1156.78
1586.06, 1156.75
1586.49, 1156.72
1586.92, 1156.69
1587.35, 1156.66
1587.78, 1156.63
1588.21, 1156.61
1588.64, 1156.58
1589.07, 1156.55
1589.5, 1156.52
1589.93, 1156.49
1590.36, 1156.46
1590.79, 1156.44
1591.22, 1156.41
1591.65, 1156.38
1592.08, 1156.35
1592.51, 1156.33
1592.94, 1156.3
1593.37, 1156.27
1593.8, 1156.24
1594.23, 1156.22
1594.66, 1156.19
1595.09, 1156.16
1595.52, 1156.14
1595.94, 1156.11
1596.38, 1156.08
1596.81, 1156.06
1597.23, 1156.03
1597.67, 1156
1597.94, 1155.98
1598.37, 1155.94
1598.79, 1155.9
1599.22, 1155.86
1599.65, 1155.83
1600.08, 1155.79
1600.51, 1155.75
1600.94, 1155.71
1601.37, 1155.67
1601.8, 1155.63
1602.23, 1155.6
1602.65, 1155.56
1603.08, 1155.52
1603.51, 1155.48
1603.94, 1155.44
1604.37, 1155.4
1604.8, 1155.37
1605.23, 1155.33
1605.66, 1155.29
1606.09, 1155.25
1606.51, 1155.21
1606.94, 1155.17
1607.37, 1155.14
1607.8, 1155.1
1608.23, 1155.06
1608.66, 1155.02
1609.09, 1154.98
1609.52, 1154.95
1609.94, 1154.91
1610.37, 1154.87
1610.8, 1154.83
1611.23, 1154.79
1611.66, 1154.76
1612.09, 1154.72
1612.52, 1154.68
1612.94, 1154.64
1613.37, 1154.6
1613.8, 1154.56
1614.23, 1154.53
1614.66, 1154.49
1615.09, 1154.45
1615.52, 1154.41
1615.95, 1154.37

waypoints
x, y
1580.05, 1157.15
1580.48, 1157.12
1580.91, 1157.1
1581.34, 1157.07
1581.77, 1157.04
1582.2, 1157.01
1582.63, 1156.98
1583.06, 1156.95
1583.49, 1156.92
1583.92, 1156.89
1584.35, 1156.87
1584.78, 1156.84
1585.21, 1156.81
1585.63, 1156.78
1586.06, 1156.75
1586.49, 1156.72
1586.92, 1156.69
1587.35, 1156.66
1587.78, 1156.63
1588.21, 1156.61
1588.64, 1156.58
1589.07, 1156.55
1589.5, 1156.52
1589.93, 1156.49
1590.36, 1156.46
1590.79, 1156.44
1591.22, 1156.41
1591.65, 1156.38
1592.08, 1156.35
1592.51, 1156.33
1592.94, 1156.3
1593.37, 1156.27
1593.8, 1156.24
1594.23, 1156.22
1594.66, 1156.19
1595.09, 1156.16
1595.52, 1156.14
1595.94, 1156.11
1596.38, 1156.08
1596.81, 1156.06
1597.23, 1156.03
1597.67, 1156
1597.94, 1155.98
1598.37, 1155.94
1598.79, 1155.9
1599.22, 1155.86
1599.65, 1155.83
1600.08, 1155.79
1600.51, 1155.75
1600.94, 1155.71
1601.37, 1155.67
1601.8, 1155.63
1602.23, 1155.6
1602.65, 1155.56
1603.08, 1155.52
1603.51, 1155.48
1603.94, 1155.44
1604.37, 1155.4
1604.8, 1155.37
1605.23, 1155.33
1605.66, 1155.29
1606.09, 1155.25
1606.51, 1155.21
1606.94, 1155.17
1607.37, 1155.14
1607.8, 1155.1
1608.23, 1155.06
1608.66, 1155.02
1609.09, 1154.98
1609.52, 1154.95
1609.94, 1154.91
1610.37, 1154.87
1610.8, 1154.83
1611.23, 1154.79
1611.66, 1154.76
1612.09, 1154.72
1612.52, 1154.68
1612.94, 1154.64
1613.37, 1154.6
1613.8, 1154.56
1614.23, 1154.53
1614.66, 1154.49
1615.09, 1154.45
1615.52, 1154.41
1615.95, 1154.37

waypoints
x, y
1581.34, 1157.07
1581.77, 1157.04
1582.2, 1157.01
1582.63, 1156.98
1583.06, 1156.95
1583.49, 1156.92
1583.92, 1156.89
1584.35, 1156.87
1584.78, 1156.84
1585.21, 1156.81
1585.63, 1156.78
1586.06, 1156.75
1586.49, 1156.72
1586.92, 1156.69
1587.35, 1156.66
1587.78, 1156.63
1588.21, 1156.61
1588.64, 1156.58
1589.07, 1156.55
1589.5, 1156.52
1589.93, 1156.49
1590.36, 1156.46
1590.79, 1156.44
1591.22, 1156.41
1591.65, 1156.38
1592.08, 1156.35
1592.51, 1156.33
1592.94, 1156.3
1593.37, 1156.27
1593.8, 1156.24
1594.23, 1156.22
1594.66, 1156.19
1595.09, 1156.16
1595.52, 1156.14
1595.94, 1156.11
1596.38, 1156.08
1596.81, 1156.06
1597.23, 1156.03
1597.67, 1156
1597.94, 1155.98
1598.37, 1155.94
1598.79, 1155.9
1599.22, 1155.86
1599.65, 1155.83
1600.08, 1155.79
1600.51, 1155.75
1600.94, 1155.71
1601.37, 1155.67
1601.8, 1155.63
1602.23, 1155.6
1602.65, 1155.56
1603.08, 1155.52
1603.51, 1155.48
1603.94, 1155.44
1604.37, 1155.4
1604.8, 1155.37
1605.23, 1155.33
1605.66, 1155.29
1606.09, 1155.25
1606.51, 1155.21
1606.94, 1155.17
1607.37, 1155.14
1607.8, 1155.1
1608.23, 1155.06
1608.66, 1155.02
1609.09, 1154.98
1609.52, 1154.95
1609.94, 1154.91
1610.37, 1154.87
1610.8, 1154.83
1611.23, 1154.79
1611.66, 1154.76
1612.09, 1154.72
1612.52, 1154.68
1612.94, 1154.64
1613.37, 1154.6
1613.8, 1154.56
1614.23, 1154.53
1614.66, 1154.49
1615.09, 1154.45
1615.52, 1154.41
1615.95, 1154.37

waypoints
x, y
1583.06, 1156.95
1583.49, 1156.92
1583.92, 1156.89
1584.35, 1156.87
1584.78, 1156.84
1585.21, 1156.81
1585.63, 1156.78
1586.06, 1156.75
1586.49, 1156.72
1586.92, 1156.69
1587.35, 1156.66
1587.78, 1156.63
1588.21, 1156.61
1588.64, 1156.58
1589.07, 1156.55
1589.5, 1156.52
1589.93, 1156.49
1590.36, 1156.46
1590.79, 1156.44
1591.22, 1156.41
1591.65, 1156.38
1592.08, 1156.35
1592.51, 1156.33
1592.94, 1156.3
1593.37, 1156.27
1593.8, 1156.24
1594.23, 1156.22
1594.66, 1156.19
1595.09, 1156.16
1595.52, 1156.14
1595.94, 1156.11
1596.38, 1156.08
1596.81, 1156.06
1597.23, 1156.03
1597.67, 1156
1597.94, 1155.98
1598.37, 1155.94
1598.79, 1155.9
1599.22, 1155.86
1599.65, 1155.83
1600.08, 1155.79
1600.51, 1155.75
1600.94, 1155.71
1601.37, 1155.67
1601.8, 1155.63
1602.23, 1155.6
1602.65, 1155.56
1603.08, 1155.52
1603.51, 1155.48
1603.94, 1155.44
1604.37, 1155.4
1604.8, 1155.37
1605.23, 1155.33
1605.66, 1155.29
1606.09, 1155.25
1606.51, 1155.21
1606.94, 1155.17
1607.37, 1155.14
1607.8, 1155.1
1608.23, 1155.06
1608.66, 1155.02
1609.09, 1154.98
1609.52, 1154.95
1609.94, 1154.91
1610.37, 1154.87
1610.8, 1154.83
1611.23, 1154.79
1611.66, 1154.76
1612.09, 1154.72
1612.52, 1154.68
1612.94, 1154.64
1613.37, 1154.6
1613.8, 1154.56
1614.23, 1154.53
1614.66, 1154.49
1615.09, 1154.45
1615.52, 1154.41
1615.95, 1154.37

waypoints
x, y
1584.78, 1156.84
1585.21, 1156.81
1585.63, 1156.78
1586.06, 1156.75
1586.49, 1156.72
1586.92, 1156.69
1587.35, 1156.66
1587.78, 1156.63
1588.21, 1156.61
1588.64, 1156.58
1589.07, 1156.55
1589.5, 1156.52
1589.93, 1156.49
1590.36, 1156.46
1590.79, 1156.44
1591.22, 1156.41
1591.65, 1156.38
1592.08, 1156.35
1592.51, 1156.33
1592.94, 1156.3
1593.37, 1156.27
1593.8, 1156.24
1594.23, 1156.22
1594.66, 1156.19
1595.09, 1156.16
1595.52, 1156.14
1595.94, 1156.11
1596.38, 1156.08
1596.81, 1156.06
1597.23, 1156.03
1597.67, 1156
1597.94, 1155.98
1598.37, 1155.94
1598.79, 1155.9
1599.22, 1155.86
1599.65, 1155.83
1600.08, 1155.79
1600.51, 1155.75
1600.94, 1155.71
1601.37, 1155.67
1601.8, 1155.63
1602.23, 1155.6
1602.65, 1155.56
1603.08, 1155.52
1603.51, 1155.48
1603.94, 1155.44
1604.37, 1155.4
1604.8, 1155.37
1605.23, 1155.33
1605.66, 1155.29
1606.09, 1155.25
1606.51, 1155.21
1606.94, 1155.17
1607.37, 1155.14
1607.8, 1155.1
1608.23, 1155.06
1608.66, 1155.02
1609.09, 1154.98
1609.52, 1154.95
1609.94, 1154.91
1610.37, 1154.87
1610.8, 1154.83
1611.23, 1154.79
1611.66, 1154.76
1612.09, 1154.72
1612.52, 1154.68
1612.94, 1154.64
1613.37, 1154.6
1613.8, 1154.56
1614.23, 1154.53
1614.66, 1154.49
1615.09, 1154.45
1615.52, 1154.41
1615.95, 1154.37

waypoints
x, y
1586.06, 1156.75
1586.49, 1156.72
1586.92, 1156.69
1587.35, 1156.66
1587.78, 1156.63
1588.21, 1156.61
1588.64, 1156.58
1589.07, 1156.55
1589.5, 1156.52
1589.93, 1156.49
1590.36, 1156.46
1590.79, 1156.44
1591.22, 1156.41
1591.65, 1156.38
1592.08, 1156.35
1592.51, 1156.33
1592.94, 1156.3
1593.37, 1156.27
1593.8, 1156.24
1594.23, 1156.22
1594.66, 1156.19
1595.09, 1156.16
1595.52, 1156.14
1595.94, 1156.11
1596.38, 1156.08
1596.81, 1156.06
1597.23, 1156.03
1597.67, 1156
1597.94, 1155.98
1598.37, 1155.94
1598.79, 1155.9
1599.22, 1155.86
1599.65, 1155.83
1600.08, 1155.79
1600.51, 1155.75
1600.94, 1155.71
1601.37, 1155.67
1601.8, 1155.63
1602.23, 1155.6
1602.65, 1155.56
1603.08, 1155.52
1603.51, 1155.48
1603.94, 1155.44
1604.37, 1155.4
1604.8, 1155.37
1605.23, 1155.33
1605.66, 1155.29
1606.09, 1155.25
1606.51, 1155.21
1606.94, 1155.17
1607.37, 1155.14
1607.8, 1155.1
1608.23, 1155.06
1608.66, 1155.02
1609.09, 1154.98
1609.52, 1154.95
1609.94, 1154.91
1610.37, 1154.87
1610.8, 1154.83
1611.23, 1154.79
1611.66, 1154.76
1612.09, 1154.72
1612.52, 1154.68
1612.94, 1154.64
1613.37, 1154.6
1613.8, 1154.56
1614.23, 1154.53
1614.66, 1154.49
1615.09, 1154.45
1615.52, 1154.41
1615.95, 1154.37

waypoints
x, y
1587.78, 1156.63
1588.21, 1156.61
1588.64, 1156.58
1589.07, 1156.55
1589.5, 1156.52
1589.93, 1156.49
1590.36, 1156.46
1590.79, 1156.44
1591.22, 1156.41
1591.65, 1156.38
1592.08, 1156.35
1592.51, 1156.33
1592.94, 1156.3
1593.37, 1156.27
1593.8, 1156.24
1594.23, 1156.22
1594.66, 1156.19
1595.09, 1156.16
1595.52, 1156.14
1595.94, 1156.11
1596.38, 1156.08
1596.81, 1156.06
1597.23, 1156.03
1597.67, 1156
1597.94, 1155.98
1598.37, 1155.94
1598.79, 1155.9
1599.22, 1155.86
1599.65, 1155.83
1600.08, 1155.79
1600.51, 1155.75
1600.94, 1155.71
1601.37, 1155.67
1601.8, 1155.63
1602.23, 1155.6
1602.65, 1155.56
1603.08, 1155.52
1603.51, 1155.48
1603.94, 1155.44
1604.37, 1155.4
1604.8, 1155.37
1605.23, 1155.33
1605.66, 1155.29
1606.09, 1155.25
1606.51, 1155.21
1606.94, 1155.17
1607.37, 1155.14
1607.8, 1155.1
1608.23, 1155.06
1608.66, 1155.02
1609.09, 1154.98
1609.52, 1154.95
1609.94, 1154.91
1610.37, 1154.87
1610.8, 1154.83
1611.23, 1154.79
1611.66, 1154.76
1612.09, 1154.72
1612.52, 1154.68
1612.94, 1154.64
1613.37, 1154.6
1613.8, 1154.56
1614.23, 1154.53
1614.66, 1154.49
1615.09, 1154.45
1615.52, 1154.41
1615.95, 1154.37

waypoints
x, y
1589.5, 1156.52
1589.93, 1156.49
1590.36, 1156.46
1590.79, 1156.44
1591.22, 1156.41
1591.65, 1156.38
1592.08, 1156.35
1592.51, 1156.33
1592.94, 1156.3
1593.37, 1156.27
1593.8, 1156.24
1594.23, 1156.22
1594.66, 1156.19
1595.09, 1156.16
1595.52, 1156.14
1595.94, 1156.11
1596.38, 1156.08
1596.81, 1156.06
1597.23, 1156.03
1597.67, 1156
1597.94, 1155.98
1598.37, 1155.94
1598.79, 1155.9
1599.22, 1155.86
1599.65, 1155.83
1600.08, 1155.79
1600.51, 1155.75
1600.94, 1155.71
1601.37, 1155.67
1601.8, 1155.63
1602.23, 1155.6
1602.65, 1155.56
1603.08, 1155.52
1603.51, 1155.48
1603.94, 1155.44
1604.37, 1155.4
1604.8, 1155.37
1605.23, 1155.33
1605.66, 1155.29
1606.09, 1155.25
1606.51, 1155.21
1606.94, 1155.17
1607.37, 1155.14
1607.8, 1155.1
1608.23, 1155.06
1608.66, 1155.02
1609.09, 1154.98
1609.52, 1154.95
1609.94, 1154.91
1610.37, 1154.87
1610.8, 1154.83
1611.23, 1154.79
1611.66, 1154.76
1612.09, 1154.72
1612.52, 1154.68
1612.94, 1154.64
1613.37, 1154.6
1613.8, 1154.56
1614.23, 1154.53
1614.66, 1154.49
1615.09, 1154.45
1615.52, 1154.41
1615.95, 1154.37

waypoints
x, y
1591.22, 1156.41
1591.65, 1156.38
1592.08, 1156.35
1592.51, 1156.33
1592.94, 1156.3
1593.37, 1156.27
1593.8, 1156.24
1594.23, 1156.22
1594.66, 1156.19
1595.09, 1156.16
1595.52, 1156.14
1595.94, 1156.11
1596.38, 1156.08
1596.81, 1156.06
1597.23, 1156.03
1597.67, 1156
1597.94, 1155.98
1598.37, 1155.94
1598.79, 1155.9
1599.22, 1155.86
1599.65, 1155.83
1600.08, 1155.79
1600.51, 1155.75
1600.94, 1155.71
1601.37, 1155.67
1601.8, 1155.63
1602.23, 1155.6
1602.65, 1155.56
1603.08, 1155.52
1603.51, 1155.48
1603.94, 1155.44
1604.37, 1155.4
1604.8, 1155.37
1605.23, 1155.33
1605.66, 1155.29
1606.09, 1155.25
1606.51, 1155.21
1606.94, 1155.17
1607.37, 1155.14
1607.8, 1155.1
1608.23, 1155.06
1608.66, 1155.02
1609.09, 1154.98
1609.52, 1154.95
1609.94, 1154.91
1610.37, 1154.87
1610.8, 1154.83
1611.23, 1154.79
1611.66, 1154.76
1612.09, 1154.72
1612.52, 1154.68
1612.94, 1154.64
1613.37, 1154.6
1613.8, 1154.56
1614.23, 1154.53
1614.66, 1154.49
1615.09, 1154.45
1615.52, 1154.41
1615.95, 1154.37

waypoints
x, y
1592.94, 1156.3
1593.37, 1156.27
1593.8, 1156.24
1594.23, 1156.22
1594.66, 1156.19
1595.09, 1156.16
1595.52, 1156.14
1595.94, 1156.11
1596.38, 1156.08
1596.81, 1156.06
1597.23, 1156.03
1597.67, 1156
1597.94, 1155.98
1598.37, 1155.94
1598.79, 1155.9
1599.22, 1155.86
1599.65, 1155.83
1600.08, 1155.79
1600.51, 1155.75
1600.94, 1155.71
1601.37, 1155.67
1601.8, 1155.63
1602.23, 1155.6
1602.65, 1155.56
1603.08, 1155.52
1603.51, 1155.48
1603.94, 1155.44
1604.37, 1155.4
1604.8, 1155.37
1605.23, 1155.33
1605.66, 1155.29
1606.09, 1155.25
1606.51, 1155.21
1606.94, 1155.17
1607.37, 1155.14
1607.8, 1155.1
1608.23, 1155.06
1608.66, 1155.02
1609.09, 1154.98
1609.52, 1154.95
1609.94, 1154.91
1610.37, 1154.87
1610.8, 1154.83
1611.23, 1154.79
1611.66, 1154.76
1612.09, 1154.72
1612.52, 1154.68
1612.94, 1154.64
1613.37, 1154.6
1613.8, 1154.56
1614.23, 1154.53
1614.66, 1154.49
1615.09, 1154.45
1615.52, 1154.41
1615.95, 1154.37

waypoints
x, y
1594.23, 1156.22
1594.66, 1156.19
1595.09, 1156.16
1595.52, 1156.14
1595.94, 1156.11
1596.38, 1156.08
1596.81, 1156.06
1597.23, 1156.03
1597.67, 1156
1597.94, 1155.98
1598.37, 1155.94
1598.79, 1155.9
1599.22, 1155.86
1599.65, 1155.83
1600.08, 1155.79
1600.51, 1155.75
1600.94, 1155.71
1601.37, 1155.67
1601.8, 1155.63
1602.23, 1155.6
1602.65, 1155.56
1603.08, 1155.52
1603.51, 1155.48
1603.94, 1155.44
1604.37, 1155.4
1604.8, 1155.37
1605.23, 1155.33
1605.66, 1155.29
1606.09, 1155.25
1606.51, 1155.21
1606.94, 1155.17
1607.37, 1155.14
1607.8, 1155.1
1608.23, 1155.06
1608.66, 1155.02
1609.09, 1154.98
1609.52, 1154.95
1609.94, 1154.91
1610.37, 1154.87
1610.8, 1154.83
1611.23, 1154.79
1611.66, 1154.76
1612.09, 1154.72
1612.52, 1154.68
1612.94, 1154.64
1613.37, 1154.6
1613.8, 1154.56
1614.23, 1154.53
1614.66, 1154.49
1615.09, 1154.45
1615.52, 1154.41
1615.95, 1154.37

waypoints
x, y
1595.94, 1156.11
1596.38, 1156.08
1596.81, 1156.06
1597.23, 1156.03
1597.67, 1156
1597.94, 1155.98
1598.37, 1155.94
1598.79, 1155.9
1599.22, 1155.86
1599.65, 1155.83
1600.08, 1155.79
1600.51, 1155.75
1600.94, 1155.71
1601.37, 1155.67
1601.8, 1155.63
1602.23, 1155.6
1602.65, 1155.56
1603.08, 1155.52
1603.51, 1155.48
1603.94, 1155.44
1604.37, 1155.4
1604.8, 1155.37
1605.23, 1155.33
1605.66, 1155.29
1606.09, 1155.25
1606.51, 1155.21
1606.94, 1155.17
1607.37, 1155.14
1607.8, 1155.1
1608.23, 1155.06
1608.66, 1155.02
1609.09, 1154.98
1609.52, 1154.95
1609.94, 1154.91
1610.37, 1154.87
1610.8, 1154.83
1611.23, 1154.79
1611.66, 1154.76
1612.09, 1154.72
1612.52, 1154.68
1612.94, 1154.64
1613.37, 1154.6
1613.8, 1154.56
1614.23, 1154.53
1614.66, 1154.49
1615.09, 1154.45
1615.52, 1154.41
1615.95, 1154.37
1616.38, 1154.34
1616.81, 1154.3
1617.23, 1154.26
1617.66, 1154.22
1618.09, 1154.18
1618.52, 1154.14
1618.95, 1154.11
1619.38, 1154.07
1619.81, 1154.03
1620.24, 1153.99
1620.67, 1153.95
1621.1, 1153.91
1621.52, 1153.88
1621.95, 1153.84
1622.38, 1153.8
1622.81, 1153.76
1623.24, 1153.72
1623.67, 1153.69
1624.1, 1153.65
1624.53, 1153.61
1624.96, 1153.57
1625.17, 1153.55
1625.59, 1153.5
1626.02, 1153.44
1626.45, 1153.39
1626.88, 1153.34
1627.3, 1153.28
1627.73, 1153.23
1628.16, 1153.17
1628.58, 1153.12
1629.01, 1153.07
1629.44, 1153.01
1629.87, 1152.96
1630.29, 1152.91
1630.72, 1152.85
1631.15, 1152.8
1631.57, 1152.75
1632, 1152.69
1632.43, 1152.64
1632.86, 1152.58
1633.28, 1152.53
1633.71, 1152.48
1634.14, 1152.42
1634.56, 1152.37
1634.99, 1152.32
1635.42, 1152.26
1635.85, 1152.21
1636.27, 1152.15
1636.7, 1152.1

waypoints
x, y
1597.67, 1156
1597.94, 1155.98
1598.37, 1155.94
1598.79, 1155.9
1599.22, 1155.86
1599.65, 1155.83
1600.08, 1155.79
1600.51, 1155.75
1600.94, 1155.71
1601.37, 1155.67
1601.8, 1155.63
1602.23, 1155.6
1602.65, 1155.56
1603.08, 1155.52
1603.51, 1155.48
1603.94, 1155.44
1604.37, 1155.4
1604.8, 1155.37
1605.23, 1155.33
1605.66, 1155.29
1606.09, 1155.25
1606.51, 1155.21
1606.94, 1155.17
1607.37, 1155.14
1607.8, 1155.1
1608.23, 1155.06
1608.66, 1155.02
1609.09, 1154.98
1609.52, 1154.95
1609.94, 1154.91
1610.37, 1154.87
1610.8, 1154.83
1611.23, 1154.79
1611.66, 1154.76
1612.09, 1154.72
1612.52, 1154.68
1612.94, 1154.64
1613.37, 1154.6
1613.8, 1154.56
1614.23, 1154.53
1614.66, 1154.49
1615.09, 1154.45
1615.52, 1154.41
1615.95, 1154.37
1616.38, 1154.34
1616.81, 1154.3
1617.23, 1154.26
1617.66, 1154.22
1618.09, 1154.18
1618.52, 1154.14
1618.95, 1154.11
1619.38, 1154.07
1619.81, 1154.03
1620.24, 1153.99
1620.67, 1153.95
1621.1, 1153.91
1621.53, 1153.88
1621.95, 1153.84
1622.38, 1153.8
1622.81, 1153.76
1623.24, 1153.72
1623.67, 1153.69
1624.1, 1153.65
1624.53, 1153.61
1624.96, 1153.57
1625.17, 1153.55
1625.6, 1153.5
1626.02, 1153.44
1626.45, 1153.39
1626.88, 1153.34
1627.3, 1153.28
1627.73, 1153.23
1628.16, 1153.17
1628.58, 1153.12
1629.01, 1153.07
1629.44, 1153.01
1629.87, 1152.96
1630.29, 1152.91
1630.72, 1152.85
1631.15, 1152.8
1631.57, 1152.74
1632, 1152.69
1632.43, 1152.64
1632.86, 1152.58
1633.28, 1152.53
1633.71, 1152.48
1634.14, 1152.42
1634.56, 1152.37
1634.99, 1152.32
1635.42, 1152.26
1635.85, 1152.21
1636.27, 1152.15
1636.7, 1152.1

waypoints
x, y
1599.22, 1155.86
1599.65, 1155.83
1600.08, 1155.79
1600.51, 1155.75
1600.94, 1155.71
1601.37, 1155.67
1601.8, 1155.63
1602.23, 1155.6
1602.65, 1155.56
1603.08, 1155.52
1603.51, 1155.48
1603.94, 1155.44
1604.37, 1155.4
1604.8, 1155.37
1605.23, 1155.33
1605.66, 1155.29
1606.09, 1155.25
1606.51, 1155.21
1606.94, 1155.17
1607.37, 1155.14
1607.8, 1155.1
1608.23, 1155.06
1608.66, 1155.02
1609.09, 1154.98
1609.52, 1154.95
1609.94, 1154.91
1610.37, 1154.87
1610.8, 1154.83
1611.23, 1154.79
1611.66, 1154.76
1612.09, 1154.72
1612.52, 1154.68
1612.94, 1154.64
1613.37, 1154.6
1613.8, 1154.56
1614.23, 1154.53
1614.66, 1154.49
1615.09, 1154.45
1615.52, 1154.41
1615.95, 1154.37
1616.38, 1154.34
1616.81, 1154.3
1617.23, 1154.26
1617.66, 1154.22
1618.09, 1154.18
1618.52, 1154.14
1618.95, 1154.11
1619.38, 1154.07
1619.81, 1154.03
1620.24, 1153.99
1620.67, 1153.95
1621.1, 1153.91
1621.53, 1153.88
1621.95, 1153.84
1622.38, 1153.8
1622.81, 1153.76
1623.24, 1153.72
1623.67, 1153.69
1624.1, 1153.65
1624.53, 1153.61
1624.96, 1153.57
1625.17, 1153.55
1625.6, 1153.5
1626.02, 1153.44
1626.45, 1153.39
1626.88, 1153.34
1627.3, 1153.28
1627.73, 1153.23
1628.16, 1153.17
1628.58, 1153.12
1629.01, 1153.07
1629.44, 1153.01
1629.87, 1152.96
1630.29, 1152.91
1630.72, 1152.85
1631.15, 1152.8
1631.57, 1152.74
1632, 1152.69
1632.43, 1152.64
1632.86, 1152.58
1633.28, 1152.53
1633.71, 1152.48
1634.14, 1152.42
1634.56, 1152.37
1634.99, 1152.32
1635.42, 1152.26
1635.85, 1152.21
1636.27, 1152.15
1636.7, 1152.1

waypoints
x, y
1600.94, 1155.71
1601.37, 1155.67
1601.8, 1155.63
1602.23, 1155.6
1602.65, 1155.56
1603.08, 1155.52
1603.51, 1155.48
1603.94, 1155.44
1604.37, 1155.4
1604.8, 1155.37
1605.23, 1155.33
1605.66, 1155.29
1606.09, 1155.25
1606.51, 1155.21
1606.94, 1155.17
1607.37, 1155.14
1607.8, 1155.1
1608.23, 1155.06
1608.66, 1155.02
1609.09, 1154.98
1609.52, 1154.95
1609.94, 1154.91
1610.37, 1154.87
1610.8, 1154.83
1611.23, 1154.79
1611.66, 1154.76
1612.09, 1154.72
1612.52, 1154.68
1612.94, 1154.64
1613.37, 1154.6
1613.8, 1154.56
1614.23, 1154.53
1614.66, 1154.49
1615.09, 1154.45
1615.52, 1154.41
1615.95, 1154.37
1616.38, 1154.34
1616.81, 1154.3
1617.23, 1154.26
1617.66, 1154.22
1618.09, 1154.18
1618.52, 1154.14
1618.95, 1154.11
1619.38, 1154.07
1619.81, 1154.03
1620.24, 1153.99
1620.67, 1153.95
1621.1, 1153.91
1621.53, 1153.88
1621.95, 1153.84
1622.38, 1153.8
1622.81, 1153.76
1623.24, 1153.72
1623.67, 1153.69
1624.1, 1153.65
1624.53, 1153.61
1624.96, 1153.57
1625.17, 1153.55
1625.6, 1153.5
1626.02, 1153.44
1626.45, 1153.39
1626.88, 1153.34
1627.3, 1153.28
1627.73, 1153.23
1628.16, 1153.17
1628.58, 1153.12
1629.01, 1153.07
1629.44, 1153.01
1629.87, 1152.96
1630.29, 1152.91
1630.72, 1152.85
1631.15, 1152.8
1631.57, 1152.74
1632, 1152.69
1632.43, 1152.64
1632.86, 1152.58
1633.28, 1152.53
1633.71, 1152.48
1634.14, 1152.42
1634.56, 1152.37
1634.99, 1152.32
1635.42, 1152.26
1635.85, 1152.21
1636.27, 1152.15
1636.7, 1152.1

waypoints
x, y
1602.65, 1155.56
1603.08, 1155.52
1603.51, 1155.48
1603.94, 1155.44
1604.37, 1155.4
1604.8, 1155.37
1605.23, 1155.33
1605.66, 1155.29
1606.09, 1155.25
1606.51, 1155.21
1606.94, 1155.17
1607.37, 1155.14
1607.8, 1155.1
1608.23, 1155.06
1608.66, 1155.02
1609.09, 1154.98
1609.52, 1154.95
1609.94, 1154.91
1610.37, 1154.87
1610.8, 1154.83
1611.23, 1154.79
1611.66, 1154.76
1612.09, 1154.72
1612.52, 1154.68
1612.94, 1154.64
1613.37, 1154.6
1613.8, 1154.56
1614.23, 1154.53
1614.66, 1154.49
1615.09, 1154.45
1615.52, 1154.41
1615.95, 1154.37
1616.38, 1154.34
1616.81, 1154.3
1617.23, 1154.26
1617.66, 1154.22
1618.09, 1154.18
1618.52, 1154.14
1618.95, 1154.11
1619.38, 1154.07
1619.81, 1154.03
1620.24, 1153.99
1620.67, 1153.95
1621.1, 1153.91
1621.53, 1153.88
1621.95, 1153.84
1622.38, 1153.8
1622.81, 1153.76
1623.24, 1153.72
1623.67, 1153.69
1624.1, 1153.65
1624.53, 1153.61
1624.96, 1153.57
1625.17, 1153.55
1625.6, 1153.5
1626.02, 1153.44
1626.45, 1153.39
1626.88, 1153.34
1627.3, 1153.28
1627.73, 1153.23
1628.16, 1153.17
1628.58, 1153.12
1629.01, 1153.07
1629.44, 1153.01
1629.87, 1152.96
1630.29, 1152.91
1630.72, 1152.85
1631.15, 1152.8
1631.57, 1152.74
1632, 1152.69
1632.43, 1152.64
1632.86, 1152.58
1633.28, 1152.53
1633.71, 1152.48
1634.14, 1152.42
1634.56, 1152.37
1634.99, 1152.32
1635.42, 1152.26
1635.85, 1152.21
1636.27, 1152.15
1636.7, 1152.1

waypoints
x, y
1603.94, 1155.44
1604.37, 1155.4
1604.8, 1155.37
1605.23, 1155.33
1605.66, 1155.29
1606.09, 1155.25
1606.51, 1155.21
1606.94, 1155.17
1607.37, 1155.14
1607.8, 1155.1
1608.23, 1155.06
1608.66, 1155.02
1609.09, 1154.98
1609.52, 1154.95
1609.94, 1154.91
1610.37, 1154.87
1610.8, 1154.83
1611.23, 1154.79
1611.66, 1154.76
1612.09, 1154.72
1612.52, 1154.68
1612.94, 1154.64
1613.37, 1154.6
1613.8, 1154.56
1614.23, 1154.53
1614.66, 1154.49
1615.09, 1154.45
1615.52, 1154.41
1615.95, 1154.37
1616.38, 1154.34
1616.81, 1154.3
1617.23, 1154.26
1617.66, 1154.22
1618.09, 1154.18
1618.52, 1154.14
1618.95, 1154.11
1619.38, 1154.07
1619.81, 1154.03
1620.24, 1153.99
1620.67, 1153.95
1621.1, 1153.91
1621.53, 1153.88
1621.95, 1153.84
1622.38, 1153.8
1622.81, 1153.76
1623.24, 1153.72
1623.67, 1153.69
1624.1, 1153.65
1624.53, 1153.61
1624.96, 1153.57
1625.17, 1153.55
1625.6, 1153.5
1626.02, 1153.44
1626.45, 1153.39
1626.88, 1153.34
1627.3, 1153.28
1627.73, 1153.23
1628.16, 1153.17
1628.58, 1153.12
1629.01, 1153.07
1629.44, 1153.01
1629.87, 1152.96
1630.29, 1152.91
1630.72, 1152.85
1631.15, 1152.8
1631.57, 1152.74
1632, 1152.69
1632.43, 1152.64
1632.86, 1152.58
1633.28, 1152.53
1633.71, 1152.48
1634.14, 1152.42
1634.56, 1152.37
1634.99, 1152.32
1635.42, 1152.26
1635.85, 1152.21
1636.27, 1152.15
1636.7, 1152.1

waypoints
x, y
1605.66, 1155.29
1606.09, 1155.25
1606.51, 1155.21
1606.94, 1155.17
1607.37, 1155.14
1607.8, 1155.1
1608.23, 1155.06
1608.66, 1155.02
1609.09, 1154.98
1609.52, 1154.95
1609.94, 1154.91
1610.37, 1154.87
1610.8, 1154.83
1611.23, 1154.79
1611.66, 1154.76
1612.09, 1154.72
1612.52, 1154.68
1612.94, 1154.64
1613.37, 1154.6
1613.8, 1154.56
1614.23, 1154.53
1614.66, 1154.49
1615.09, 1154.45
1615.52, 1154.41
1615.95, 1154.37
1616.38, 1154.34
1616.81, 1154.3
1617.23, 1154.26
1617.66, 1154.22
1618.09, 1154.18
1618.52, 1154.14
1618.95, 1154.11
1619.38, 1154.07
1619.81, 1154.03
1620.24, 1153.99
1620.67, 1153.95
1621.1, 1153.91
1621.53, 1153.88
1621.95, 1153.84
1622.38, 1153.8
1622.81, 1153.76
1623.24, 1153.72
1623.67, 1153.69
1624.1, 1153.65
1624.53, 1153.61
1624.96, 1153.57
1625.17, 1153.55
1625.6, 1153.5
1626.02, 1153.44
1626.45, 1153.39
1626.88, 1153.34
1627.3, 1153.28
1627.73, 1153.23
1628.16, 1153.17
1628.58, 1153.12
1629.01, 1153.07
1629.44, 1153.01
1629.87, 1152.96
1630.29, 1152.91
1630.72, 1152.85
1631.15, 1152.8
1631.57, 1152.74
1632, 1152.69
1632.43, 1152.64
1632.86, 1152.58
1633.28, 1152.53
1633.71, 1152.48
1634.14, 1152.42
1634.56, 1152.37
1634.99, 1152.32
1635.42, 1152.26
1635.85, 1152.21
1636.27, 1152.15
1636.7, 1152.1

waypoints
x, y
1607.37, 1155.14
1607.8, 1155.1
1608.23, 1155.06
1608.66, 1155.02
1609.09, 1154.98
1609.52, 1154.95
1609.94, 1154.91
1610.37, 1154.87
1610.8, 1154.83
1611.23, 1154.79
1611.66, 1154.76
1612.09, 1154.72
1612.52, 1154.68
1612.94, 1154.64
1613.37, 1154.6
1613.8, 1154.56
1614.23, 1154.53
1614.66, 1154.49
1615.09, 1154.45
1615.52, 1154.41
1615.95, 1154.37
1616.38, 1154.34
1616.81, 1154.3
1617.23, 1154.26
1617.66, 1154.22
1618.09, 1154.18
1618.52, 1154.14
1618.95, 1154.11
1619.38, 1154.07
1619.81, 1154.03
1620.24, 1153.99
1620.67, 1153.95
1621.1, 1153.91
1621.53, 1153.88
1621.95, 1153.84
1622.38, 1153.8
1622.81, 1153.76
1623.24, 1153.72
1623.67, 1153.69
1624.1, 1153.65
1624.53, 1153.61
1624.96, 1153.57
1625.17, 1153.55
1625.6, 1153.5
1626.02, 1153.44
1626.45, 1153.39
1626.88, 1153.34
1627.3, 1153.28
1627.73, 1153.23
1628.16, 1153.17
1628.58, 1153.12
1629.01, 1153.07
1629.44, 1153.01
1629.87, 1152.96
1630.29, 1152.91
1630.72, 1152.85
1631.15, 1152.8
1631.57, 1152.74
1632, 1152.69
1632.43, 1152.64
1632.86, 1152.58
1633.28, 1152.53
1633.71, 1152.48
1634.14, 1152.42
1634.56, 1152.37
1634.99, 1152.32
1635.42, 1152.26
1635.85, 1152.21
1636.27, 1152.15
1636.7, 1152.1

waypoints
x, y
1609.09, 1154.98
1609.52, 1154.95
1609.94, 1154.91
1610.37, 1154.87
1610.8, 1154.83
1611.23, 1154.79
1611.66, 1154.76
1612.09, 1154.72
1612.52, 1154.68
1612.94, 1154.64
1613.37, 1154.6
1613.8, 1154.56
1614.23, 1154.53
1614.66, 1154.49
1615.09, 1154.45
1615.52, 1154.41
1615.95, 1154.37
1616.38, 1154.34
1616.81, 1154.3
1617.23, 1154.26
1617.66, 1154.22
1618.09, 1154.18
1618.52, 1154.14
1618.95, 1154.11
1619.38, 1154.07
1619.81, 1154.03
1620.24, 1153.99
1620.67, 1153.95
1621.1, 1153.91
1621.53, 1153.88
1621.95, 1153.84
1622.38, 1153.8
1622.81, 1153.76
1623.24, 1153.72
1623.67, 1153.69
1624.1, 1153.65
1624.53, 1153.61
1624.96, 1153.57
1625.17, 1153.55
1625.6, 1153.5
1626.02, 1153.44
1626.45, 1153.39
1626.88, 1153.34
1627.3, 1153.28
1627.73, 1153.23
1628.16, 1153.17
1628.58, 1153.12
1629.01, 1153.07
1629.44, 1153.01
1629.87, 1152.96
1630.29, 1152.91
1630.72, 1152.85
1631.15, 1152.8
1631.57, 1152.74
1632, 1152.69
1632.43, 1152.64
1632.86, 1152.58
1633.28, 1152.53
1633.71, 1152.48
1634.14, 1152.42
1634.56, 1152.37
1634.99, 1152.32
1635.42, 1152.26
1635.85, 1152.21
1636.27, 1152.15
1636.7, 1152.1

waypoints
x, y
1610.8, 1154.83
1611.23, 1154.79
1611.66, 1154.76
1612.09, 1154.72
1612.52, 1154.68
1612.94, 1154.64
1613.37, 1154.6
1613.8, 1154.56
1614.23, 1154.53
1614.66, 1154.49
1615.09, 1154.45
1615.52, 1154.41
1615.95, 1154.37
1616.38, 1154.34
1616.81, 1154.3
1617.23, 1154.26
1617.66, 1154.22
1618.09, 1154.18
1618.52, 1154.14
1618.95, 1154.11
1619.38, 1154.07
1619.81, 1154.03
1620.24, 1153.99
1620.67, 1153.95
1621.1, 1153.91
1621.53, 1153.88
1621.95, 1153.84
1622.38, 1153.8
1622.81, 1153.76
1623.24, 1153.72
1623.67, 1153.69
1624.1, 1153.65
1624.53, 1153.61
1624.96, 1153.57
1625.17, 1153.55
1625.6, 1153.5
1626.02, 1153.44
1626.45, 1153.39
1626.88, 1153.34
1627.3, 1153.28
1627.73, 1153.23
1628.16, 1153.17
1628.58, 1153.12
1629.01, 1153.07
1629.44, 1153.01
1629.87, 1152.96
1630.29, 1152.91
1630.72, 1152.85
1631.15, 1152.8
1631.57, 1152.74
1632, 1152.69
1632.43, 1152.64
1632.86, 1152.58
1633.28, 1152.53
1633.71, 1152.48
1634.14, 1152.42
1634.56, 1152.37
1634.99, 1152.32
1635.42, 1152.26
1635.85, 1152.21
1636.27, 1152.15
1636.7, 1152.1

waypoints
x, y
1612.52, 1154.68
1612.94, 1154.64
1613.37, 1154.6
1613.8, 1154.56
1614.23, 1154.53
1614.66, 1154.49
1615.09, 1154.45
1615.52, 1154.41
1615.95, 1154.37
1616.38, 1154.34
1616.81, 1154.3
1617.23, 1154.26
1617.66, 1154.22
1618.09, 1154.18
1618.52, 1154.14
1618.95, 1154.11
1619.38, 1154.07
1619.81, 1154.03
1620.24, 1153.99
1620.67, 1153.95
1621.1, 1153.91
1621.53, 1153.88
1621.95, 1153.84
1622.38, 1153.8
1622.81, 1153.76
1623.24, 1153.72
1623.67, 1153.69
1624.1, 1153.65
1624.53, 1153.61
1624.96, 1153.57
1625.17, 1153.55
1625.6, 1153.5
1626.02, 1153.44
1626.45, 1153.39
1626.88, 1153.34
1627.3, 1153.28
1627.73, 1153.23
1628.16, 1153.17
1628.58, 1153.12
1629.01, 1153.07
1629.44, 1153.01
1629.87, 1152.96
1630.29, 1152.91
1630.72, 1152.85
1631.15, 1152.8
1631.57, 1152.74
1632, 1152.69
1632.43, 1152.64
1632.86, 1152.58
1633.28, 1152.53
1633.71, 1152.48
1634.14, 1152.42
1634.56, 1152.37
1634.99, 1152.32
1635.42, 1152.26
1635.85, 1152.21
1636.27, 1152.15
1636.7, 1152.1

waypoints
x, y
1614.23, 1154.53
1614.66, 1154.49
1615.09, 1154.45
1615.52, 1154.41
1615.95, 1154.37
1616.38, 1154.34
1616.81, 1154.3
1617.23, 1154.26
1617.66, 1154.22
1618.09, 1154.18
1618.52, 1154.14
1618.95, 1154.11
1619.38, 1154.07
1619.81, 1154.03
1620.24, 1153.99
1620.67, 1153.95
1621.1, 1153.91
1621.53, 1153.88
1621.95, 1153.84
1622.38, 1153.8
1622.81, 1153.76
1623.24, 1153.72
1623.67, 1153.69
1624.1, 1153.65
1624.53, 1153.61
1624.96, 1153.57
1625.17, 1153.55
1625.6, 1153.5
1626.02, 1153.44
1626.45, 1153.39
1626.88, 1153.34
1627.3, 1153.28
1627.73, 1153.23
1628.16, 1153.17
1628.58, 1153.12
1629.01, 1153.07
1629.44, 1153.01
1629.87, 1152.96
1630.29, 1152.91
1630.72, 1152.85
1631.15, 1152.8
1631.57, 1152.74
1632, 1152.69
1632.43, 1152.64
1632.86, 1152.58
1633.28, 1152.53
1633.71, 1152.48
1634.14, 1152.42
1634.56, 1152.37
1634.99, 1152.32
1635.42, 1152.26
1635.85, 1152.21
1636.27, 1152.15
1636.7, 1152.1

waypoints
x, y
1615.95, 1154.37
1616.38, 1154.34
1616.81, 1154.3
1617.23, 1154.26
1617.66, 1154.22
1618.09, 1154.18
1618.52, 1154.14
1618.95, 1154.11
1619.38, 1154.07
1619.81, 1154.03
1620.24, 1153.99
1620.67, 1153.95
1621.1, 1153.91
1621.53, 1153.88
1621.95, 1153.84
1622.38, 1153.8
1622.81, 1153.76
1623.24, 1153.72
1623.67, 1153.69
1624.1, 1153.65
1624.53, 1153.61
1624.96, 1153.57
1625.17, 1153.55
1625.6, 1153.5
1626.02, 1153.44
1626.45, 1153.39
1626.88, 1153.34
1627.3, 1153.28
1627.73, 1153.23
1628.16, 1153.17
1628.58, 1153.12
1629.01, 1153.07
1629.44, 1153.01
1629.87, 1152.96
1630.29, 1152.91
1630.72, 1152.85
1631.15, 1152.8
1631.57, 1152.74
1632, 1152.69
1632.43, 1152.64
1632.86, 1152.58
1633.28, 1152.53
1633.71, 1152.48
1634.14, 1152.42
1634.56, 1152.37
1634.99, 1152.32
1635.42, 1152.26
1635.85, 1152.21
1636.27, 1152.15
1636.7, 1152.1

waypoints
x, y
1617.66, 1154.22
1618.09, 1154.18
1618.52, 1154.14
1618.95, 1154.11
1619.38, 1154.07
1619.81, 1154.03
1620.24, 1153.99
1620.67, 1153.95
1621.1, 1153.91
1621.53, 1153.88
1621.95, 1153.84
1622.38, 1153.8
1622.81, 1153.76
1623.24, 1153.72
1623.67, 1153.69
1624.1, 1153.65
1624.53, 1153.61
1624.96, 1153.57
1625.17, 1153.55
1625.6, 1153.5
1626.02, 1153.44
1626.45, 1153.39
1626.88, 1153.34
1627.3, 1153.28
1627.73, 1153.23
1628.16, 1153.17
1628.58, 1153.12
1629.01, 1153.07
1629.44, 1153.01
1629.87, 1152.96
1630.29, 1152.91
1630.72, 1152.85
1631.15, 1152.8
1631.57, 1152.74
1632, 1152.69
1632.43, 1152.64
1632.86, 1152.58
1633.28, 1152.53
1633.71, 1152.48
1634.14, 1152.42
1634.56, 1152.37
1634.99, 1152.32
1635.42, 1152.26
1635.85, 1152.21
1636.27, 1152.15
1636.7, 1152.1
1637.13, 1152.05
1637.55, 1151.99
1637.98, 1151.94
1638.41, 1151.89
1638.84, 1151.83
1639.26, 1151.78
1639.69, 1151.73
1640.12, 1151.67
1640.54, 1151.62
1640.97, 1151.56
1641.4, 1151.51
1641.83, 1151.46
1642.25, 1151.4
1642.68, 1151.35
1643.11, 1151.3
1643.54, 1151.24
1643.96, 1151.19
1644.39, 1151.13
1644.82, 1151.08
1645.24, 1151.03
1645.67, 1150.97
1646.1, 1150.92
1646.53, 1150.87
1646.95, 1150.81
1647.38, 1150.76
1647.81, 1150.71
1648.23, 1150.65
1648.66, 1150.6
1649.09, 1150.54
1649.87, 1150.47
1650.3, 1150.44
1650.73, 1150.42
1651.16, 1150.39
1651.59, 1150.36
1652.02, 1150.33
1652.45, 1150.3
1652.88, 1150.28
1653.31, 1150.25
1653.74, 1150.22
1654.17, 1150.19
1654.6, 1150.16
1655.03, 1150.13
1655.46, 1150.11
1655.89, 1150.08
1656.32, 1150.05
1656.75, 1150.02
1657.18, 1149.99
1657.61, 1149.97
1658.04, 1149.94

waypoints
x, y
1619.38, 1154.07
1619.81, 1154.03
1620.24, 1153.99
1620.67, 1153.95
1621.1, 1153.91
1621.53, 1153.88
1621.95, 1153.84
1622.38, 1153.8
1622.81, 1153.76
1623.24, 1153.72
1623.67, 1153.69
1624.1, 1153.65
1624.53, 1153.61
1624.96, 1153.57
1625.17, 1153.55
1625.6, 1153.5
1626.02, 1153.44
1626.45, 1153.39
1626.88, 1153.34
1627.3, 1153.28
1627.73, 1153.23
1628.16, 1153.17
1628.58, 1153.12
1629.01, 1153.07
1629.44, 1153.01
1629.87, 1152.96
1630.29, 1152.91
1630.72, 1152.85
1631.15, 1152.8
1631.57, 1152.74
1632, 1152.69
1632.43, 1152.64
1632.86, 1152.58
1633.28, 1152.53
1633.71, 1152.48
1634.14, 1152.42
1634.56, 1152.37
1634.99, 1152.32
1635.42, 1152.26
1635.85, 1152.21
1636.27, 1152.15
1636.7, 1152.1
1637.13, 1152.05
1637.55, 1151.99
1637.98, 1151.94
1638.41, 1151.89
1638.84, 1151.83
1639.26, 1151.78
1639.69, 1151.72
1640.12, 1151.67
1640.55, 1151.62
1640.97, 1151.56
1641.4, 1151.51
1641.83, 1151.46
1642.25, 1151.4
1642.68, 1151.35
1643.11, 1151.3
1643.54, 1151.24
1643.96, 1151.19
1644.39, 1151.13
1644.82, 1151.08
1645.24, 1151.03
1645.67, 1150.97
1646.1, 1150.92
1646.53, 1150.87
1646.95, 1150.81
1647.38, 1150.76
1647.81, 1150.7
1648.23, 1150.65
1648.66, 1150.6
1649.09, 1150.54
1649.87, 1150.47
1650.3, 1150.44
1650.73, 1150.42
1651.16, 1150.39
1651.59, 1150.36
1652.02, 1150.33
1652.45, 1150.3
1652.88, 1150.28
1653.31, 1150.25
1653.74, 1150.22
1654.17, 1150.19
1654.6, 1150.16
1655.03, 1150.13
1655.46, 1150.11
1655.89, 1150.08
1656.32, 1150.05
1656.75, 1150.02
1657.18, 1149.99
1657.61, 1149.97
1658.04, 1149.94

waypoints
x, y
1621.1, 1153.91
1621.53, 1153.88
1621.95, 1153.84
1622.38, 1153.8
1622.81, 1153.76
1623.24, 1153.72
1623.67, 1153.69
1624.1, 1153.65
1624.53, 1153.61
1624.96, 1153.57
1625.17, 1153.55
1625.6, 1153.5
1626.02, 1153.44
1626.45, 1153.39
1626.88, 1153.34
1627.3, 1153.28
1627.73, 1153.23
1628.16, 1153.17
1628.58, 1153.12
1629.01, 1153.07
1629.44, 1153.01
1629.87, 1152.96
1630.29, 1152.91
1630.72, 1152.85
1631.15, 1152.8
1631.57, 1152.74
1632, 1152.69
1632.43, 1152.64
1632.86, 1152.58
1633.28, 1152.53
1633.71, 1152.48
1634.14, 1152.42
1634.56, 1152.37
1634.99, 1152.32
1635.42, 1152.26
1635.85, 1152.21
1636.27, 1152.15
1636.7, 1152.1
1637.13, 1152.05
1637.55, 1151.99
1637.98, 1151.94
1638.41, 1151.89
1638.84, 1151.83
1639.26, 1151.78
1639.69, 1151.72
1640.12, 1151.67
1640.55, 1151.62
1640.97, 1151.56
1641.4, 1151.51
1641.83, 1151.46
1642.25, 1151.4
1642.68, 1151.35
1643.11, 1151.3
1643.54, 1151.24
1643.96, 1151.19
1644.39, 1151.13
1644.82, 1151.08
1645.24, 1151.03
1645.67, 1150.97
1646.1, 1150.92
1646.53, 1150.87
1646.95, 1150.81
1647.38, 1150.76
1647.81, 1150.7
1648.23, 1150.65
1648.66, 1150.6
1649.09, 1150.54
1649.87, 1150.47
1650.3, 1150.44
1650.73, 1150.42
1651.16, 1150.39
1651.59, 1150.36
1652.02, 1150.33
1652.45, 1150.3
1652.88, 1150.28
1653.31, 1150.25
1653.74, 1150.22
1654.17, 1150.19
1654.6, 1150.16
1655.03, 1150.13
1655.46, 1150.11
1655.89, 1150.08
1656.32, 1150.05
1656.75, 1150.02
1657.18, 1149.99
1657.61, 1149.97
1658.04, 1149.94

waypoints
x, y
1622.81, 1153.76
1623.24, 1153.72
1623.67, 1153.69
1624.1, 1153.65
1624.53, 1153.61
1624.96, 1153.57
1625.17, 1153.55
1625.6, 1153.5
1626.02, 1153.44
1626.45, 1153.39
1626.88, 1153.34
1627.3, 1153.28
1627.73, 1153.23
1628.16, 1153.17
1628.58, 1153.12
1629.01, 1153.07
1629.44, 1153.01
1629.87, 1152.96
1630.29, 1152.91
1630.72, 1152.85
1631.15, 1152.8
1631.57, 1152.74
1632, 1152.69
1632.43, 1152.64
1632.86, 1152.58
1633.28, 1152.53
1633.71, 1152.48
1634.14, 1152.42
1634.56, 1152.37
1634.99, 1152.32
1635.42, 1152.26
1635.85, 1152.21
1636.27, 1152.15
1636.7, 1152.1
1637.13, 1152.05
1637.55, 1151.99
1637.98, 1151.94
1638.41, 1151.89
1638.84, 1151.83
1639.26, 1151.78
1639.69, 1151.72
1640.12, 1151.67
1640.55, 1151.62
1640.97, 1151.56
1641.4, 1151.51
1641.83, 1151.46
1642.25, 1151.4
1642.68, 1151.35
1643.11, 1151.3
1643.54, 1151.24
1643.96, 1151.19
1644.39, 1151.13
1644.82, 1151.08
1645.24, 1151.03
1645.67, 1150.97
1646.1, 1150.92
1646.53, 1150.87
1646.95, 1150.81
1647.38, 1150.76
1647.81, 1150.7
1648.23, 1150.65
1648.66, 1150.6
1649.09, 1150.54
1649.87, 1150.47
1650.3, 1150.44
1650.73, 1150.42
1651.16, 1150.39
1651.59, 1150.36
1652.02, 1150.33
1652.45, 1150.3
1652.88, 1150.28
1653.31, 1150.25
1653.74, 1150.22
1654.17, 1150.19
1654.6, 1150.16
1655.03, 1150.13
1655.46, 1150.11
1655.89, 1150.08
1656.32, 1150.05
1656.75, 1150.02
1657.18, 1149.99
1657.61, 1149.97
1658.04, 1149.94

waypoints
x, y
1624.53, 1153.61
1624.96, 1153.57
1625.17, 1153.55
1625.6, 1153.5
1626.02, 1153.44
1626.45, 1153.39
1626.88, 1153.34
1627.3, 1153.28
1627.73, 1153.23
1628.16, 1153.17
1628.58, 1153.12
1629.01, 1153.07
1629.44, 1153.01
1629.87, 1152.96
1630.29, 1152.91
1630.72, 1152.85
1631.15, 1152.8
1631.57, 1152.74
1632, 1152.69
1632.43, 1152.64
1632.86, 1152.58
1633.28, 1152.53
1633.71, 1152.48
1634.14, 1152.42
1634.56, 1152.37
1634.99, 1152.32
1635.42, 1152.26
1635.85, 1152.21
1636.27, 1152.15
1636.7, 1152.1
1637.13, 1152.05
1637.55, 1151.99
1637.98, 1151.94
1638.41, 1151.89
1638.84, 1151.83
1639.26, 1151.78
1639.69, 1151.72
1640.12, 1151.67
1640.55, 1151.62
1640.97, 1151.56
1641.4, 1151.51
1641.83, 1151.46
1642.25, 1151.4
1642.68, 1151.35
1643.11, 1151.3
1643.54, 1151.24
1643.96, 1151.19
1644.39, 1151.13
1644.82, 1151.08
1645.24, 1151.03
1645.67, 1150.97
1646.1, 1150.92
1646.53, 1150.87
1646.95, 1150.81
1647.38, 1150.76
1647.81, 1150.7
1648.23, 1150.65
1648.66, 1150.6
1649.09, 1150.54
1649.87, 1150.47
1650.3, 1150.44
1650.73, 1150.42
1651.16, 1150.39
1651.59, 1150.36
1652.02, 1150.33
1652.45, 1150.3
1652.88, 1150.28
1653.31, 1150.25
1653.74, 1150.22
1654.17, 1150.19
1654.6, 1150.16
1655.03, 1150.13
1655.46, 1150.11
1655.89, 1150.08
1656.32, 1150.05
1656.75, 1150.02
1657.18, 1149.99
1657.61, 1149.97
1658.04, 1149.94

waypoints
x, y
1626.02, 1153.44
1626.45, 1153.39
1626.88, 1153.34
1627.3, 1153.28
1627.73, 1153.23
1628.16, 1153.17
1628.58, 1153.12
1629.01, 1153.07
1629.44, 1153.01
1629.87, 1152.96
1630.29, 1152.91
1630.72, 1152.85
1631.15, 1152.8
1631.57, 1152.74
1632, 1152.69
1632.43, 1152.64
1632.86, 1152.58
1633.28, 1152.53
1633.71, 1152.48
1634.14, 1152.42
1634.56, 1152.37
1634.99, 1152.32
1635.42, 1152.26
1635.85, 1152.21
1636.27, 1152.15
1636.7, 1152.1
1637.13, 1152.05
1637.55, 1151.99
1637.98, 1151.94
1638.41, 1151.89
1638.84, 1151.83
1639.26, 1151.78
1639.69, 1151.72
1640.12, 1151.67
1640.55, 1151.62
1640.97, 1151.56
1641.4, 1151.51
1641.83, 1151.46
1642.25, 1151.4
1642.68, 1151.35
1643.11, 1151.3
1643.54, 1151.24
1643.96, 1151.19
1644.39, 1151.13
1644.82, 1151.08
1645.24, 1151.03
1645.67, 1150.97
1646.1, 1150.92
1646.53, 1150.87
1646.95, 1150.81
1647.38, 1150.76
1647.81, 1150.7
1648.23, 1150.65
1648.66, 1150.6
1649.09, 1150.54
1649.87, 1150.47
1650.3, 1150.44
1650.73, 1150.42
1651.16, 1150.39
1651.59, 1150.36
1652.02, 1150.33
1652.45, 1150.3
1652.88, 1150.28
1653.31, 1150.25
1653.74, 1150.22
1654.17, 1150.19
1654.6, 1150.16
1655.03, 1150.13
1655.46, 1150.11
1655.89, 1150.08
1656.32, 1150.05
1656.75, 1150.02
1657.18, 1149.99
1657.61, 1149.97
1658.04, 1149.94

waypoints
x, y
1627.3, 1153.28
1627.73, 1153.23
1628.16, 1153.17
1628.58, 1153.12
1629.01, 1153.07
1629.44, 1153.01
1629.87, 1152.96
1630.29, 1152.91
1630.72, 1152.85
1631.15, 1152.8
1631.57, 1152.74
1632, 1152.69
1632.43, 1152.64
1632.86, 1152.58
1633.28, 1152.53
1633.71, 1152.48
1634.14, 1152.42
1634.56, 1152.37
1634.99, 1152.32
1635.42, 1152.26
1635.85, 1152.21
1636.27, 1152.15
1636.7, 1152.1
1637.13, 1152.05
1637.55, 1151.99
1637.98, 1151.94
1638.41, 1151.89
1638.84, 1151.83
1639.26, 1151.78
1639.69, 1151.72
1640.12, 1151.67
1640.55, 1151.62
1640.97, 1151.56
1641.4, 1151.51
1641.83, 1151.46
1642.25, 1151.4
1642.68, 1151.35
1643.11, 1151.3
1643.54, 1151.24
1643.96, 1151.19
1644.39, 1151.13
1644.82, 1151.08
1645.24, 1151.03
1645.67, 1150.97
1646.1, 1150.92
1646.53, 1150.87
1646.95, 1150.81
1647.38, 1150.76
1647.81, 1150.7
1648.23, 1150.65
1648.66, 1150.6
1649.09, 1150.54
1649.87, 1150.47
1650.3, 1150.44
1650.73, 1150.42
1651.16, 1150.39
1651.59, 1150.36
1652.02, 1150.33
1652.45, 1150.3
1652.88, 1150.28
1653.31, 1150.25
1653.74, 1150.22
1654.17, 1150.19
1654.6, 1150.16
1655.03, 1150.13
1655.46, 1150.11
1655.89, 1150.08
1656.32, 1150.05
1656.75, 1150.02
1657.18, 1149.99
1657.61, 1149.97
1658.04, 1149.94

waypoints
x, y
1629.01, 1153.07
1629.44, 1153.01
1629.87, 1152.96
1630.29, 1152.91
1630.72, 1152.85
1631.15, 1152.8
1631.57, 1152.74
1632, 1152.69
1632.43, 1152.64
1632.86, 1152.58
1633.28, 1152.53
1633.71, 1152.48
1634.14, 1152.42
1634.56, 1152.37
1634.99, 1152.32
1635.42, 1152.26
1635.85, 1152.21
1636.27, 1152.15
1636.7, 1152.1
1637.13, 1152.05
1637.55, 1151.99
1637.98, 1151.94
1638.41, 1151.89
1638.84, 1151.83
1639.26, 1151.78
1639.69, 1151.72
1640.12, 1151.67
1640.55, 1151.62
1640.97, 1151.56
1641.4, 1151.51
1641.83, 1151.46
1642.25, 1151.4
1642.68, 1151.35
1643.11, 1151.3
1643.54, 1151.24
1643.96, 1151.19
1644.39, 1151.13
1644.82, 1151.08
1645.24, 1151.03
1645.67, 1150.97
1646.1, 1150.92
1646.53, 1150.87
1646.95, 1150.81
1647.38, 1150.76
1647.81, 1150.7
1648.23, 1150.65
1648.66, 1150.6
1649.09, 1150.54
1649.87, 1150.47
1650.3, 1150.44
1650.73, 1150.42
1651.16, 1150.39
1651.59, 1150.36
1652.02, 1150.33
1652.45, 1150.3
1652.88, 1150.28
1653.31, 1150.25
1653.74, 1150.22
1654.17, 1150.19
1654.6, 1150.16
1655.03, 1150.13
1655.46, 1150.11
1655.89, 1150.08
1656.32, 1150.05
1656.75, 1150.02
1657.18, 1149.99
1657.61, 1149.97
1658.04, 1149.94

waypoints
x, y
1630.72, 1152.85
1631.15, 1152.8
1631.57, 1152.74
1632, 1152.69
1632.43, 1152.64
1632.86, 1152.58
1633.28, 1152.53
1633.71, 1152.48
1634.14, 1152.42
1634.56, 1152.37
1634.99, 1152.32
1635.42, 1152.26
1635.85, 1152.21
1636.27, 1152.15
1636.7, 1152.1
1637.13, 1152.05
1637.55, 1151.99
1637.98, 1151.94
1638.41, 1151.89
1638.84, 1151.83
1639.26, 1151.78
1639.69, 1151.72
1640.12, 1151.67
1640.55, 1151.62
1640.97, 1151.56
1641.4, 1151.51
1641.83, 1151.46
1642.25, 1151.4
1642.68, 1151.35
1643.11, 1151.3
1643.54, 1151.24
1643.96, 1151.19
1644.39, 1151.13
1644.82, 1151.08
1645.24, 1151.03
1645.67, 1150.97
1646.1, 1150.92
1646.53, 1150.87
1646.95, 1150.81
1647.38, 1150.76
1647.81, 1150.7
1648.23, 1150.65
1648.66, 1150.6
1649.09, 1150.54
1649.87, 1150.47
1650.3, 1150.44
1650.73, 1150.42
1651.16, 1150.39
1651.59, 1150.36
1652.02, 1150.33
1652.45, 1150.3
1652.88, 1150.28
1653.31, 1150.25
1653.74, 1150.22
1654.17, 1150.19
1654.6, 1150.16
1655.03, 1150.13
1655.46, 1150.11
1655.89, 1150.08
1656.32, 1150.05
1656.75, 1150.02
1657.18, 1149.99
1657.61, 1149.97
1658.04, 1149.94

waypoints
x, y
1632.43, 1152.64
1632.86, 1152.58
1633.28, 1152.53
1633.71, 1152.48
1634.14, 1152.42
1634.56, 1152.37
1634.99, 1152.32
1635.42, 1152.26
1635.85, 1152.21
1636.27, 1152.15
1636.7, 1152.1
1637.13, 1152.05
1637.55, 1151.99
1637.98, 1151.94
1638.41, 1151.89
1638.84, 1151.83
1639.26, 1151.78
1639.69, 1151.72
1640.12, 1151.67
1640.55, 1151.62
1640.97, 1151.56
1641.4, 1151.51
1641.83, 1151.46
1642.25, 1151.4
1642.68, 1151.35
1643.11, 1151.3
1643.54, 1151.24
1643.96, 1151.19
1644.39, 1151.13
1644.82, 1151.08
1645.24, 1151.03
1645.67, 1150.97
1646.1, 1150.92
1646.53, 1150.87
1646.95, 1150.81
1647.38, 1150.76
1647.81, 1150.7
1648.23, 1150.65
1648.66, 1150.6
1649.09, 1150.54
1649.87, 1150.47
1650.3, 1150.44
1650.73, 1150.42
1651.16, 1150.39
1651.59, 1150.36
1652.02, 1150.33
1652.45, 1150.3
1652.88, 1150.28
1653.31, 1150.25
1653.74, 1150.22
1654.17, 1150.19
1654.6, 1150.16
1655.03, 1150.13
1655.46, 1150.11
1655.89, 1150.08
1656.32, 1150.05
1656.75, 1150.02
1657.18, 1149.99
1657.61, 1149.97
1658.04, 1149.94

waypoints
x, y
1634.14, 1152.42
1634.56, 1152.37
1634.99, 1152.32
1635.42, 1152.26
1635.85, 1152.21
1636.27, 1152.15
1636.7, 1152.1
1637.13, 1152.05
1637.55, 1151.99
1637.98, 1151.94
1638.41, 1151.89
1638.84, 1151.83
1639.26, 1151.78
1639.69, 1151.72
1640.12, 1151.67
1640.55, 1151.62
1640.97, 1151.56
1641.4, 1151.51
1641.83, 1151.46
1642.25, 1151.4
1642.68, 1151.35
1643.11, 1151.3
1643.54, 1151.24
1643.96, 1151.19
1644.39, 1151.13
1644.82, 1151.08
1645.24, 1151.03
1645.67, 1150.97
1646.1, 1150.92
1646.53, 1150.87
1646.95, 1150.81
1647.38, 1150.76
1647.81, 1150.7
1648.23, 1150.65
1648.66, 1150.6
1649.09, 1150.54
1649.87, 1150.47
1650.3, 1150.44
1650.73, 1150.42
1651.16, 1150.39
1651.59, 1150.36
1652.02, 1150.33
1652.45, 1150.3
1652.88, 1150.28
1653.31, 1150.25
1653.74, 1150.22
1654.17, 1150.19
1654.6, 1150.16
1655.03, 1150.13
1655.46, 1150.11
1655.89, 1150.08
1656.32, 1150.05
1656.75, 1150.02
1657.18, 1149.99
1657.61, 1149.97
1658.04, 1149.94

waypoints
x, y
1635.42, 1152.26
1635.85, 1152.21
1636.27, 1152.15
1636.7, 1152.1
1637.13, 1152.05
1637.55, 1151.99
1637.98, 1151.94
1638.41, 1151.89
1638.84, 1151.83
1639.26, 1151.78
1639.69, 1151.72
1640.12, 1151.67
1640.55, 1151.62
1640.97, 1151.56
1641.4, 1151.51
1641.83, 1151.46
1642.25, 1151.4
1642.68, 1151.35
1643.11, 1151.3
1643.54, 1151.24
1643.96, 1151.19
1644.39, 1151.13
1644.82, 1151.08
1645.24, 1151.03
1645.67, 1150.97
1646.1, 1150.92
1646.53, 1150.87
1646.95, 1150.81
1647.38, 1150.76
1647.81, 1150.7
1648.23, 1150.65
1648.66, 1150.6
1649.09, 1150.54
1649.87, 1150.47
1650.3, 1150.44
1650.73, 1150.42
1651.16, 1150.39
1651.59, 1150.36
1652.02, 1150.33
1652.45, 1150.3
1652.88, 1150.28
1653.31, 1150.25
1653.74, 1150.22
1654.17, 1150.19
1654.6, 1150.16
1655.03, 1150.13
1655.46, 1150.11
1655.89, 1150.08
1656.32, 1150.05
1656.75, 1150.02
1657.18, 1149.99
1657.61, 1149.97
1658.04, 1149.94

waypoints
x, y
1637.13, 1152.05
1637.55, 1151.99
1637.98, 1151.94
1638.41, 1151.89
1638.84, 1151.83
1639.26, 1151.78
1639.69, 1151.72
1640.12, 1151.67
1640.55, 1151.62
1640.97, 1151.56
1641.4, 1151.51
1641.83, 1151.46
1642.25, 1151.4
1642.68, 1151.35
1643.11, 1151.3
1643.54, 1151.24
1643.96, 1151.19
1644.39, 1151.13
1644.82, 1151.08
1645.24, 1151.03
1645.67, 1150.97
1646.1, 1150.92
1646.53, 1150.87
1646.95, 1150.81
1647.38, 1150.76
1647.81, 1150.7
1648.23, 1150.65
1648.66, 1150.6
1649.09, 1150.54
1649.87, 1150.47
1650.3, 1150.44
1650.73, 1150.42
1651.16, 1150.39
1651.59, 1150.36
1652.02, 1150.33
1652.45, 1150.3
1652.88, 1150.28
1653.31, 1150.25
1653.74, 1150.22
1654.17, 1150.19
1654.6, 1150.16
1655.03, 1150.13
1655.46, 1150.11
1655.89, 1150.08
1656.32, 1150.05
1656.75, 1150.02
1657.18, 1149.99
1657.61, 1149.97
1658.04, 1149.94
1658.84, 1150.4
1659.27, 1150.37
1659.7, 1150.34
1660.13, 1150.31
1660.56, 1150.28
1660.99, 1150.25
1661.42, 1150.22
1661.85, 1150.19
1662.28, 1150.15
1662.71, 1150.12
1663.13, 1150.08
1663.56, 1150.04
1663.99, 1150
1664.42, 1149.96
1664.85, 1149.92
1665.28, 1149.88
1665.71, 1149.84
1666.14, 1149.79
1666.56, 1149.75
1666.99, 1149.7
1667.42, 1149.66
1667.85, 1149.61
1668.28, 1149.56
1668.71, 1149.52
1669.14, 1149.47
1669.56, 1149.42
1669.99, 1149.37
1670.42, 1149.33
1670.85, 1149.28
1671.28, 1149.23
1671.71, 1149.19
1672.14, 1149.14
1672.56, 1149.1
1672.99, 1149.06
1673.42, 1149.01
1673.85, 1148.97
1674.28, 1148.93
1674.71, 1148.89
1675.14, 1148.86
1675.57, 1148.82
1676, 1148.78
1676.43, 1148.75
1676.85, 1148.72
1677.28, 1148.69
1677.71, 1148.65
1678.02, 1148.63
1678.45, 1148.59
1678.87, 1148.55
1679.3, 1148.51

waypoints
x, y
1638.84, 1151.83
1639.26, 1151.78
1639.69, 1151.72
1640.12, 1151.67
1640.55, 1151.62
1640.97, 1151.56
1641.4, 1151.51
1641.83, 1151.46
1642.25, 1151.4
1642.68, 1151.35
1643.11, 1151.3
1643.54, 1151.24
1643.96, 1151.19
1644.39, 1151.13
1644.82, 1151.08
1645.24, 1151.03
1645.67, 1150.97
1646.1, 1150.92
1646.53, 1150.87
1646.95, 1150.81
1647.38, 1150.76
1647.81, 1150.7
1648.23, 1150.65
1648.66, 1150.6
1649.09, 1150.54
1649.87, 1150.47
1650.3, 1150.44
1650.73, 1150.42
1651.16, 1150.39
1651.59, 1150.36
1652.02, 1150.33
1652.45, 1150.3
1652.88, 1150.28
1653.31, 1150.25
1653.74, 1150.22
1654.17, 1150.19
1654.6, 1150.16
1655.03, 1150.13
1655.46, 1150.11
1655.89, 1150.08
1656.32, 1150.05
1656.75, 1150.02
1657.18, 1149.99
1657.61, 1149.97
1658.04, 1149.94
1658.84, 1150.4
1659.27, 1150.37
1659.7, 1150.34
1660.13, 1150.31
1660.56, 1150.28
1660.99, 1150.25
1661.42, 1150.22
1661.85, 1150.19
1662.28, 1150.15
1662.7, 1150.12
1663.13, 1150.08
1663.56, 1150.04
1663.99, 1150
1664.42, 1149.96
1664.85, 1149.92
1665.28, 1149.88
1665.71, 1149.84
1666.14, 1149.79
1666.56, 1149.75
1666.99, 1149.7
1667.42, 1149.66
1667.85, 1149.61
1668.28, 1149.56
1668.71, 1149.52
1669.13, 1149.47
1669.56, 1149.42
1669.99, 1149.37
1670.42, 1149.33
1670.85, 1149.28
1671.28, 1149.23
1671.71, 1149.19
1672.13, 1149.14
1672.56, 1149.1
1672.99, 1149.06
1673.42, 1149.02
1673.85, 1148.97
1674.28, 1148.93
1674.71, 1148.89
1675.14, 1148.86
1675.57, 1148.82
1676, 1148.78
1676.42, 1148.75
1676.85, 1148.72
1677.28, 1148.68
1677.71, 1148.65
1678.02, 1148.63
1678.45, 1148.59
1678.87, 1148.55
1679.3, 1148.51

waypoints
x, y
1640.55, 1151.62
1640.97, 1151.56
1641.4, 1151.51
1641.83, 1151.46
1642.25, 1151.4
1642.68, 1151.35
1643.11, 1151.3
1643.54, 1151.24
1643.96, 1151.19
1644.39, 1151.13
1644.82, 1151.08
1645.24, 1151.03
1645.67, 1150.97
1646.1, 1150.92
1646.53, 1150.87
1646.95, 1150.81
1647.38, 1150.76
1647.81, 1150.7
1648.23, 1150.65
1648.66, 1150.6
1649.09, 1150.54
1649.87, 1150.47
1650.3, 1150.44
1650.73, 1150.42
1651.16, 1150.39
1651.59, 1150.36
1652.02, 1150.33
1652.45, 1150.3
1652.88, 1150.28
1653.31, 1150.25
1653.74, 1150.22
1654.17, 1150.19
1654.6, 1150.16
1655.03, 1150.13
1655.46, 1150.11
1655.89, 1150.08
1656.32, 1150.05
1656.75, 1150.02
1657.18, 1149.99
1657.61, 1149.97
1658.04, 1149.94
1658.84, 1150.4
1659.27, 1150.37
1659.7, 1150.34
1660.13, 1150.31
1660.56, 1150.28
1660.99, 1150.25
1661.42, 1150.22
1661.85, 1150.19
1662.28, 1150.15
1662.7, 1150.12
1663.13, 1150.08
1663.56, 1150.04
1663.99, 1150
1664.42, 1149.96
1664.85, 1149.92
1665.28, 1149.88
1665.71, 1149.84
1666.14, 1149.79
1666.56, 1149.75
1666.99, 1149.7
1667.42, 1149.66
1667.85, 1149.61
1668.28, 1149.56
1668.71, 1149.52
1669.13, 1149.47
1669.56, 1149.42
1669.99, 1149.37
1670.42, 1149.33
1670.85, 1149.28
1671.28, 1149.23
1671.71, 1149.19
1672.13, 1149.14
1672.56, 1149.1
1672.99, 1149.06
1673.42, 1149.02
1673.85, 1148.97
1674.28, 1148.93
1674.71, 1148.89
1675.14, 1148.86
1675.57, 1148.82
1676, 1148.78
1676.42, 1148.75
1676.85, 1148.72
1677.28, 1148.68
1677.71, 1148.65
1678.02, 1148.63
1678.45, 1148.59
1678.87, 1148.55
1679.3, 1148.51

waypoints
x, y
1642.25, 1151.4
1642.68, 1151.35
1643.11, 1151.3
1643.54, 1151.24
1643.96, 1151.19
1644.39, 1151.13
1644.82, 1151.08
1645.24, 1151.03
1645.67, 1150.97
1646.1, 1150.92
1646.53, 1150.87
1646.95, 1150.81
1647.38, 1150.76
1647.81, 1150.7
1648.23, 1150.65
1648.66, 1150.6
1649.09, 1150.54
1649.87, 1150.47
1650.3, 1150.44
1650.73, 1150.42
1651.16, 1150.39
1651.59, 1150.36
1652.02, 1150.33
1652.45, 1150.3
1652.88, 1150.28
1653.31, 1150.25
1653.74, 1150.22
1654.17, 1150.19
1654.6, 1150.16
1655.03, 1150.13
1655.46, 1150.11
1655.89, 1150.08
1656.32, 1150.05
1656.75, 1150.02
1657.18, 1149.99
1657.61, 1149.97
1658.04, 1149.94
1658.84, 1150.4
1659.27, 1150.37
1659.7, 1150.34
1660.13, 1150.31
1660.56, 1150.28
1660.99, 1150.25
1661.42, 1150.22
1661.85, 1150.19
1662.28, 1150.15
1662.7, 1150.12
1663.13, 1150.08
1663.56, 1150.04
1663.99, 1150
1664.42, 1149.96
1664.85, 1149.92
1665.28, 1149.88
1665.71, 1149.84
1666.14, 1149.79
1666.56, 1149.75
1666.99, 1149.7
1667.42, 1149.66
1667.85, 1149.61
1668.28, 1149.56
1668.71, 1149.52
1669.13, 1149.47
1669.56, 1149.42
1669.99, 1149.37
1670.42, 1149.33
1670.85, 1149.28
1671.28, 1149.23
1671.71, 1149.19
1672.13, 1149.14
1672.56, 1149.1
1672.99, 1149.06
1673.42, 1149.02
1673.85, 1148.97
1674.28, 1148.93
1674.71, 1148.89
1675.14, 1148.86
1675.57, 1148.82
1676, 1148.78
1676.42, 1148.75
1676.85, 1148.72
1677.28, 1148.68
1677.71, 1148.65
1678.02, 1148.63
1678.45, 1148.59
1678.87, 1148.55
1679.3, 1148.51

waypoints
x, y
1643.96, 1151.19
1644.39, 1151.13
1644.82, 1151.08
1645.24, 1151.03
1645.67, 1150.97
1646.1, 1150.92
1646.53, 1150.87
1646.95, 1150.81
1647.38, 1150.76
1647.81, 1150.7
1648.23, 1150.65
1648.66, 1150.6
1649.09, 1150.54
1649.87, 1150.47
1650.3, 1150.44
1650.73, 1150.42
1651.16, 1150.39
1651.59, 1150.36
1652.02, 1150.33
1652.45, 1150.3
1652.88, 1150.28
1653.31, 1150.25
1653.74, 1150.22
1654.17, 1150.19
1654.6, 1150.16
1655.03, 1150.13
1655.46, 1150.11
1655.89, 1150.08
1656.32, 1150.05
1656.75, 1150.02
1657.18, 1149.99
1657.61, 1149.97
1658.04, 1149.94
1658.84, 1150.4
1659.27, 1150.37
1659.7, 1150.34
1660.13, 1150.31
1660.56, 1150.28
1660.99, 1150.25
1661.42, 1150.22
1661.85, 1150.19
1662.28, 1150.15
1662.7, 1150.12
1663.13, 1150.08
1663.56, 1150.04
1663.99, 1150
1664.42, 1149.96
1664.85, 1149.92
1665.28, 1149.88
1665.71, 1149.84
1666.14, 1149.79
1666.56, 1149.75
1666.99, 1149.7
1667.42, 1149.66
1667.85, 1149.61
1668.28, 1149.56
1668.71, 1149.52
1669.13, 1149.47
1669.56, 1149.42
1669.99, 1149.37
1670.42, 1149.33
1670.85, 1149.28
1671.28, 1149.23
1671.71, 1149.19
1672.13, 1149.14
1672.56, 1149.1
1672.99, 1149.06
1673.42, 1149.02
1673.85, 1148.97
1674.28, 1148.93
1674.71, 1148.89
1675.14, 1148.86
1675.57, 1148.82
1676, 1148.78
1676.42, 1148.75
1676.85, 1148.72
1677.28, 1148.68
1677.71, 1148.65
1678.02, 1148.63
1678.45, 1148.59
1678.87, 1148.55
1679.3, 1148.51

waypoints
x, y
1645.67, 1150.97
1646.1, 1150.92
1646.53, 1150.87
1646.95, 1150.81
1647.38, 1150.76
1647.81, 1150.7
1648.23, 1150.65
1648.66, 1150.6
1649.09, 1150.54
1649.87, 1150.47
1650.3, 1150.44
1650.73, 1150.42
1651.16, 1150.39
1651.59, 1150.36
1652.02, 1150.33
1652.45, 1150.3
1652.88, 1150.28
1653.31, 1150.25
1653.74, 1150.22
1654.17, 1150.19
1654.6, 1150.16
1655.03, 1150.13
1655.46, 1150.11
1655.89, 1150.08
1656.32, 1150.05
1656.75, 1150.02
1657.18, 1149.99
1657.61, 1149.97
1658.04, 1149.94
1658.84, 1150.4
1659.27, 1150.37
1659.7, 1150.34
1660.13, 1150.31
1660.56, 1150.28
1660.99, 1150.25
1661.42, 1150.22
1661.85, 1150.19
1662.28, 1150.15
1662.7, 1150.12
1663.13, 1150.08
1663.56, 1150.04
1663.99, 1150
1664.42, 1149.96
1664.85, 1149.92
1665.28, 1149.88
1665.71, 1149.84
1666.14, 1149.79
1666.56, 1149.75
1666.99, 1149.7
1667.42, 1149.66
1667.85, 1149.61
1668.28, 1149.56
1668.71, 1149.52
1669.13, 1149.47
1669.56, 1149.42
1669.99, 1149.37
1670.42, 1149.33
1670.85, 1149.28
1671.28, 1149.23
1671.71, 1149.19
1672.13, 1149.14
1672.56, 1149.1
1672.99, 1149.06
1673.42, 1149.02
1673.85, 1148.97
1674.28, 1148.93
1674.71, 1148.89
1675.14, 1148.86
1675.57, 1148.82
1676, 1148.78
1676.42, 1148.75
1676.85, 1148.72
1677.28, 1148.68
1677.71, 1148.65
1678.02, 1148.63
1678.45, 1148.59
1678.87, 1148.55
1679.3, 1148.51

waypoints
x, y
1647.81, 1150.7
1648.23, 1150.65
1648.66, 1150.6
1649.09, 1150.54
1649.87, 1150.47
1650.3, 1150.44
1650.73, 1150.42
1651.16, 1150.39
1651.59, 1150.36
1652.02, 1150.33
1652.45, 1150.3
1652.88, 1150.28
1653.31, 1150.25
1653.74, 1150.22
1654.17, 1150.19
1654.6, 1150.16
1655.03, 1150.13
1655.46, 1150.11
1655.89, 1150.08
1656.32, 1150.05
1656.75, 1150.02
1657.18, 1149.99
1657.61, 1149.97
1658.04, 1149.94
1658.84, 1150.4
1659.27, 1150.37
1659.7, 1150.34
1660.13, 1150.31
1660.56, 1150.28
1660.99, 1150.25
1661.42, 1150.22
1661.85, 1150.19
1662.28, 1150.15
1662.7, 1150.12
1663.13, 1150.08
1663.56, 1150.04
1663.99, 1150
1664.42, 1149.96
1664.85, 1149.92
1665.28, 1149.88
1665.71, 1149.84
1666.14, 1149.79
1666.56, 1149.75
1666.99, 1149.7
1667.42, 1149.66
1667.85, 1149.61
1668.28, 1149.56
1668.71, 1149.52
1669.13, 1149.47
1669.56, 1149.42
1669.99, 1149.37
1670.42, 1149.33
1670.85, 1149.28
1671.28, 1149.23
1671.71, 1149.19
1672.13, 1149.14
1672.56, 1149.1
1672.99, 1149.06
1673.42, 1149.02
1673.85, 1148.97
1674.28, 1148.93
1674.71, 1148.89
1675.14, 1148.86
1675.57, 1148.82
1676, 1148.78
1676.42, 1148.75
1676.85, 1148.72
1677.28, 1148.68
1677.71, 1148.65
1678.02, 1148.63
1678.45, 1148.59
1678.87, 1148.55
1679.3, 1148.51

waypoints
x, y
1649.09, 1150.54
1649.87, 1150.47
1650.3, 1150.44
1650.73, 1150.42
1651.16, 1150.39
1651.59, 1150.36
1652.02, 1150.33
1652.45, 1150.3
1652.88, 1150.28
1653.31, 1150.25
1653.74, 1150.22
1654.17, 1150.19
1654.6, 1150.16
1655.03, 1150.13
1655.46, 1150.11
1655.89, 1150.08
1656.32, 1150.05
1656.75, 1150.02
1657.18, 1149.99
1657.61, 1149.97
1658.04, 1149.94
1658.84, 1150.4
1659.27, 1150.37
1659.7, 1150.34
1660.13, 1150.31
1660.56, 1150.28
1660.99, 1150.25
1661.42, 1150.22
1661.85, 1150.19
1662.28, 1150.15
1662.7, 1150.12
1663.13, 1150.08
1663.56, 1150.04
1663.99, 1150
1664.42, 1149.96
1664.85, 1149.92
1665.28, 1149.88
1665.71, 1149.84
1666.14, 1149.79
1666.56, 1149.75
1666.99, 1149.7
1667.42, 1149.66
1667.85, 1149.61
1668.28, 1149.56
1668.71, 1149.52
1669.13, 1149.47
1669.56, 1149.42
1669.99, 1149.37
1670.42, 1149.33
1670.85, 1149.28
1671.28, 1149.23
1671.71, 1149.19
1672.13, 1149.14
1672.56, 1149.1
1672.99, 1149.06
1673.42, 1149.02
1673.85, 1148.97
1674.28, 1148.93
1674.71, 1148.89
1675.14, 1148.86
1675.57, 1148.82
1676, 1148.78
1676.42, 1148.75
1676.85, 1148.72
1677.28, 1148.68
1677.71, 1148.65
1678.02, 1148.63
1678.45, 1148.59
1678.87, 1148.55
1679.3, 1148.51

waypoints
x, y
1651.16, 1150.39
1651.59, 1150.36
1652.02, 1150.33
1652.45, 1150.3
1652.88, 1150.28
1653.31, 1150.25
1653.74, 1150.22
1654.17, 1150.19
1654.6, 1150.16
1655.03, 1150.13
1655.46, 1150.11
1655.89, 1150.08
1656.32, 1150.05
1656.75, 1150.02
1657.18, 1149.99
1657.61, 1149.97
1658.04, 1149.94
1658.84, 1150.4
1659.27, 1150.37
1659.7, 1150.34
1660.13, 1150.31
1660.56, 1150.28
1660.99, 1150.25
1661.42, 1150.22
1661.85, 1150.19
1662.28, 1150.15
1662.7, 1150.12
1663.13, 1150.08
1663.56, 1150.04
1663.99, 1150
1664.42, 1149.96
1664.85, 1149.92
1665.28, 1149.88
1665.71, 1149.84
1666.14, 1149.79
1666.56, 1149.75
1666.99, 1149.7
1667.42, 1149.66
1667.85, 1149.61
1668.28, 1149.56
1668.71, 1149.52
1669.13, 1149.47
1669.56, 1149.42
1669.99, 1149.37
1670.42, 1149.33
1670.85, 1149.28
1671.28, 1149.23
1671.71, 1149.19
1672.13, 1149.14
1672.56, 1149.1
1672.99, 1149.06
1673.42, 1149.02
1673.85, 1148.97
1674.28, 1148.93
1674.71, 1148.89
1675.14, 1148.86
1675.57, 1148.82
1676, 1148.78
1676.42, 1148.75
1676.85, 1148.72
1677.28, 1148.68
1677.71, 1148.65
1678.02, 1148.63
1678.45, 1148.59
1678.87, 1148.55
1679.3, 1148.51

waypoints
x, y
1652.88, 1150.28
1653.31, 1150.25
1653.74, 1150.22
1654.17, 1150.19
1654.6, 1150.16
1655.03, 1150.13
1655.46, 1150.11
1655.89, 1150.08
1656.32, 1150.05
1656.75, 1150.02
1657.18, 1149.99
1657.61, 1149.97
1658.04, 1149.94
1658.84, 1150.4
1659.27, 1150.37
1659.7, 1150.34
1660.13, 1150.31
1660.56, 1150.28
1660.99, 1150.25
1661.42, 1150.22
1661.85, 1150.19
1662.28, 1150.15
1662.7, 1150.12
1663.13, 1150.08
1663.56, 1150.04
1663.99, 1150
1664.42, 1149.96
1664.85, 1149.92
1665.28, 1149.88
1665.71, 1149.84
1666.14, 1149.79
1666.56, 1149.75
1666.99, 1149.7
1667.42, 1149.66
1667.85, 1149.61
1668.28, 1149.56
1668.71, 1149.52
1669.13, 1149.47
1669.56, 1149.42
1669.99, 1149.37
1670.42, 1149.33
1670.85, 1149.28
1671.28, 1149.23
1671.71, 1149.19
1672.13, 1149.14
1672.56, 1149.1
1672.99, 1149.06
1673.42, 1149.02
1673.85, 1148.97
1674.28, 1148.93
1674.71, 1148.89
1675.14, 1148.86
1675.57, 1148.82
1676, 1148.78
1676.42, 1148.75
1676.85, 1148.72
1677.28, 1148.68
1677.71, 1148.65
1678.02, 1148.63
1678.45, 1148.59
1678.87, 1148.55
1679.3, 1148.51

waypoints
x, y
1655.03, 1150.13
1655.46, 1150.11
1655.89, 1150.08
1656.32, 1150.05
1656.75, 1150.02
1657.18, 1149.99
1657.61, 1149.97
1658.04, 1149.94
1658.84, 1150.4
1659.27, 1150.37
1659.7, 1150.34
1660.13, 1150.31
1660.56, 1150.28
1660.99, 1150.25
1661.42, 1150.22
1661.85, 1150.19
1662.28, 1150.15
1662.7, 1150.12
1663.13, 1150.08
1663.56, 1150.04
1663.99, 1150
1664.42, 1149.96
1664.85, 1149.92
1665.28, 1149.88
1665.71, 1149.84
1666.14, 1149.79
1666.56, 1149.75
1666.99, 1149.7
1667.42, 1149.66
1667.85, 1149.61
1668.28, 1149.56
1668.71, 1149.52
1669.13, 1149.47
1669.56, 1149.42
1669.99, 1149.37
1670.42, 1149.33
1670.85, 1149.28
1671.28, 1149.23
1671.71, 1149.19
1672.13, 1149.14
1672.56, 1149.1
1672.99, 1149.06
1673.42, 1149.02
1673.85, 1148.97
1674.28, 1148.93
1674.71, 1148.89
1675.14, 1148.86
1675.57, 1148.82
1676, 1148.78
1676.42, 1148.75
1676.85, 1148.72
1677.28, 1148.68
1677.71, 1148.65
1678.02, 1148.63
1678.45, 1148.59
1678.87, 1148.55
1679.3, 1148.51

waypoints
x, y
1656.75, 1150.02
1657.18, 1149.99
1657.61, 1149.97
1658.04, 1149.94
1658.84, 1150.4
1659.27, 1150.37
1659.7, 1150.34
1660.13, 1150.31
1660.56, 1150.28
1660.99, 1150.25
1661.42, 1150.22
1661.85, 1150.19
1662.28, 1150.15
1662.7, 1150.12
1663.13, 1150.08
1663.56, 1150.04
1663.99, 1150
1664.42, 1149.96
1664.85, 1149.92
1665.28, 1149.88
1665.71, 1149.84
1666.14, 1149.79
1666.56, 1149.75
1666.99, 1149.7
1667.42, 1149.66
1667.85, 1149.61
1668.28, 1149.56
1668.71, 1149.52
1669.13, 1149.47
1669.56, 1149.42
1669.99, 1149.37
1670.42, 1149.33
1670.85, 1149.28
1671.28, 1149.23
1671.71, 1149.19
1672.13, 1149.14
1672.56, 1149.1
1672.99, 1149.06
1673.42, 1149.02
1673.85, 1148.97
1674.28, 1148.93
1674.71, 1148.89
1675.14, 1148.86
1675.57, 1148.82
1676, 1148.78
1676.42, 1148.75
1676.85, 1148.72
1677.28, 1148.68
1677.71, 1148.65
1678.02, 1148.63
1678.45, 1148.59
1678.87, 1148.55
1679.3, 1148.51

waypoints
x, y
1658.04, 1149.94
1658.84, 1150.4
1659.27, 1150.37
1659.7, 1150.34
1660.13, 1150.31
1660.56, 1150.28
1660.99, 1150.25
1661.42, 1150.22
1661.85, 1150.19
1662.28, 1150.15
1662.7, 1150.12
1663.13, 1150.08
1663.56, 1150.04
1663.99, 1150
1664.42, 1149.96
1664.85, 1149.92
1665.28, 1149.88
1665.71, 1149.84
1666.14, 1149.79
1666.56, 1149.75
1666.99, 1149.7
1667.42, 1149.66
1667.85, 1149.61
1668.28, 1149.56
1668.71, 1149.52
1669.13, 1149.47
1669.56, 1149.42
1669.99, 1149.37
1670.42, 1149.33
1670.85, 1149.28
1671.28, 1149.23
1671.71, 1149.19
1672.13, 1149.14
1672.56, 1149.1
1672.99, 1149.06
1673.42, 1149.02
1673.85, 1148.97
1674.28, 1148.93
1674.71, 1148.89
1675.14, 1148.86
1675.57, 1148.82
1676, 1148.78
1676.42, 1148.75
1676.85, 1148.72
1677.28, 1148.68
1677.71, 1148.65
1678.02, 1148.63
1678.45, 1148.59
1678.87, 1148.55
1679.3, 1148.51

waypoints
x, y
1660.13, 1150.31
1660.56, 1150.28
1660.99, 1150.25
1661.42, 1150.22
1661.85, 1150.19
1662.28, 1150.15
1662.7, 1150.12
1663.13, 1150.08
1663.56, 1150.04
1663.99, 1150
1664.42, 1149.96
1664.85, 1149.92
1665.28, 1149.88
1665.71, 1149.84
1666.14, 1149.79
1666.56, 1149.75
1666.99, 1149.7
1667.42, 1149.66
1667.85, 1149.61
1668.28, 1149.56
1668.71, 1149.52
1669.13, 1149.47
1669.56, 1149.42
1669.99, 1149.37
1670.42, 1149.33
1670.85, 1149.28
1671.28, 1149.23
1671.71, 1149.19
1672.13, 1149.14
1672.56, 1149.1
1672.99, 1149.06
1673.42, 1149.02
1673.85, 1148.97
1674.28, 1148.93
1674.71, 1148.89
1675.14, 1148.86
1675.57, 1148.82
1676, 1148.78
1676.42, 1148.75
1676.85, 1148.72
1677.28, 1148.68
1677.71, 1148.65
1678.02, 1148.63
1678.45, 1148.59
1678.87, 1148.55
1679.3, 1148.51
1679.6, 1148.46
1680.03, 1148.42
1680.46, 1148.38
1680.89, 1148.35
1681.32, 1148.31
1681.75, 1148.27
1682.18, 1148.23
1682.61, 1148.2
1683.04, 1148.16
1683.47, 1148.12
1683.9, 1148.09
1684.33, 1148.05
1684.75, 1148.01
1685.18, 1147.98
1685.61, 1147.94
1686.04, 1147.9
1686.47, 1147.87
1686.9, 1147.83
1687.33, 1147.8
1687.76, 1147.76
1688.19, 1147.72
1688.62, 1147.69
1689.05, 1147.65
1689.47, 1147.62
1689.9, 1147.58
1690.33, 1147.54
1690.76, 1147.51
1691.19, 1147.47
1691.62, 1147.44
1692.05, 1147.4
1692.48, 1147.36
1692.9, 1147.33
1693.33, 1147.29
1693.76, 1147.26
1694.19, 1147.22
1694.62, 1147.18
1695.05, 1147.15
1695.48, 1147.11
1695.91, 1147.07
1696.34, 1147.04
1696.76, 1147
1697.19, 1146.96
1697.62, 1146.93
1698.05, 1146.89
1698.48, 1146.85
1698.91, 1146.81
1699.34, 1146.78
1699.77, 1146.74
1700.2, 1146.7

waypoints
x, y
1661.85, 1150.19
1662.28, 1150.15
1662.7, 1150.12
1663.13, 1150.08
1663.56, 1150.04
1663.99, 1150
1664.42, 1149.96
1664.85, 1149.92
1665.28, 1149.88
1665.71, 1149.84
1666.14, 1149.79
1666.56, 1149.75
1666.99, 1149.7
1667.42, 1149.66
1667.85, 1149.61
1668.28, 1149.56
1668.71, 1149.52
1669.13, 1149.47
1669.56, 1149.42
1669.99, 1149.37
1670.42, 1149.33
1670.85, 1149.28
1671.28, 1149.23
1671.71, 1149.19
1672.13, 1149.14
1672.56, 1149.1
1672.99, 1149.06
1673.42, 1149.02
1673.85, 1148.97
1674.28, 1148.93
1674.71, 1148.89
1675.14, 1148.86
1675.57, 1148.82
1676, 1148.78
1676.42, 1148.75
1676.85, 1148.72
1677.28, 1148.68
1677.71, 1148.65
1678.02, 1148.63
1678.45, 1148.59
1678.87, 1148.55
1679.3, 1148.51
1679.6, 1148.46
1680.03, 1148.42
1680.46, 1148.38
1680.89, 1148.35
1681.32, 1148.31
1681.75, 1148.27
1682.18, 1148.23
1682.61, 1148.2
1683.04, 1148.16
1683.47, 1148.12
1683.9, 1148.09
1684.33, 1148.05
1684.76, 1148.01
1685.18, 1147.98
1685.61, 1147.94
1686.04, 1147.9
1686.47, 1147.87
1686.9, 1147.83
1687.33, 1147.8
1687.76, 1147.76
1688.19, 1147.72
1688.62, 1147.69
1689.05, 1147.65
1689.47, 1147.62
1689.9, 1147.58
1690.33, 1147.54
1690.76, 1147.51
1691.19, 1147.47
1691.62, 1147.44
1692.05, 1147.4
1692.48, 1147.36
1692.9, 1147.33
1693.33, 1147.29
1693.76, 1147.26
1694.19, 1147.22
1694.62, 1147.18
1695.05, 1147.15
1695.48, 1147.11
1695.91, 1147.07
1696.34, 1147.04
1696.77, 1147
1697.19, 1146.96
1697.62, 1146.93
1698.05, 1146.89
1698.48, 1146.85
1698.91, 1146.82
1699.34, 1146.78
1699.77, 1146.74
1700.2, 1146.7

waypoints
x, y
1663.56, 1150.04
1663.99, 1150
1664.42, 1149.96
1664.85, 1149.92
1665.28, 1149.88
1665.71, 1149.84
1666.14, 1149.79
1666.56, 1149.75
1666.99, 1149.7
1667.42, 1149.66
1667.85, 1149.61
1668.28, 1149.56
1668.71, 1149.52
1669.13, 1149.47
1669.56, 1149.42
1669.99, 1149.37
1670.42, 1149.33
1670.85, 1149.28
1671.28, 1149.23
1671.71, 1149.19
1672.13, 1149.14
1672.56, 1149.1
1672.99, 1149.06
1673.42, 1149.02
1673.85, 1148.97
1674.28, 1148.93
1674.71, 1148.89
1675.14, 1148.86
1675.57, 1148.82
1676, 1148.78
1676.42, 1148.75
1676.85, 1148.72
1677.28, 1148.68
1677.71, 1148.65
1678.02, 1148.63
1678.45, 1148.59
1678.87, 1148.55
1679.3, 1148.51
1679.6, 1148.46
1680.03, 1148.42
1680.46, 1148.38
1680.89, 1148.35
1681.32, 1148.31
1681.75, 1148.27
1682.18, 1148.23
1682.61, 1148.2
1683.04, 1148.16
1683.47, 1148.12
1683.9, 1148.09
1684.33, 1148.05
1684.76, 1148.01
1685.18, 1147.98
1685.61, 1147.94
1686.04, 1147.9
1686.47, 1147.87
1686.9, 1147.83
1687.33, 1147.8
1687.76, 1147.76
1688.19, 1147.72
1688.62, 1147.69
1689.05, 1147.65
1689.47, 1147.62
1689.9, 1147.58
1690.33, 1147.54
1690.76, 1147.51
1691.19, 1147.47
1691.62, 1147.44
1692.05, 1147.4
1692.48, 1147.36
1692.9, 1147.33
1693.33, 1147.29
1693.76, 1147.26
1694.19, 1147.22
1694.62, 1147.18
1695.05, 1147.15
1695.48, 1147.11
1695.91, 1147.07
1696.34, 1147.04
1696.77, 1147
1697.19, 1146.96
1697.62, 1146.93
1698.05, 1146.89
1698.48, 1146.85
1698.91, 1146.82
1699.34, 1146.78
1699.77, 1146.74
1700.2, 1146.7

waypoints
x, y
1665.28, 1149.88
1665.71, 1149.84
1666.14, 1149.79
1666.56, 1149.75
1666.99, 1149.7
1667.42, 1149.66
1667.85, 1149.61
1668.28, 1149.56
1668.71, 1149.52
1669.13, 1149.47
1669.56, 1149.42
1669.99, 1149.37
1670.42, 1149.33
1670.85, 1149.28
1671.28, 1149.23
1671.71, 1149.19
1672.13, 1149.14
1672.56, 1149.1
1672.99, 1149.06
1673.42, 1149.02
1673.85, 1148.97
1674.28, 1148.93
1674.71, 1148.89
1675.14, 1148.86
1675.57, 1148.82
1676, 1148.78
1676.42, 1148.75
1676.85, 1148.72
1677.28, 1148.68
1677.71, 1148.65
1678.02, 1148.63
1678.45, 1148.59
1678.87, 1148.55
1679.3, 1148.51
1679.6, 1148.46
1680.03, 1148.42
1680.46, 1148.38
1680.89, 1148.35
1681.32, 1148.31
1681.75, 1148.27
1682.18, 1148.23
1682.61, 1148.2
1683.04, 1148.16
1683.47, 1148.12
1683.9, 1148.09
1684.33, 1148.05
1684.76, 1148.01
1685.18, 1147.98
1685.61, 1147.94
1686.04, 1147.9
1686.47, 1147.87
1686.9, 1147.83
1687.33, 1147.8
1687.76, 1147.76
1688.19, 1147.72
1688.62, 1147.69
1689.05, 1147.65
1689.47, 1147.62
1689.9, 1147.58
1690.33, 1147.54
1690.76, 1147.51
1691.19, 1147.47
1691.62, 1147.44
1692.05, 1147.4
1692.48, 1147.36
1692.9, 1147.33
1693.33, 1147.29
1693.76, 1147.26
1694.19, 1147.22
1694.62, 1147.18
1695.05, 1147.15
1695.48, 1147.11
1695.91, 1147.07
1696.34, 1147.04
1696.77, 1147
1697.19, 1146.96
1697.62, 1146.93
1698.05, 1146.89
1698.48, 1146.85
1698.91, 1146.82
1699.34, 1146.78
1699.77, 1146.74
1700.2, 1146.7

waypoints
x, y
1666.99, 1149.7
1667.42, 1149.66
1667.85, 1149.61
1668.28, 1149.56
1668.71, 1149.52
1669.13, 1149.47
1669.56, 1149.42
1669.99, 1149.37
1670.42, 1149.33
1670.85, 1149.28
1671.28, 1149.23
1671.71, 1149.19
1672.13, 1149.14
1672.56, 1149.1
1672.99, 1149.06
1673.42, 1149.02
1673.85, 1148.97
1674.28, 1148.93
1674.71, 1148.89
1675.14, 1148.86
1675.57, 1148.82
1676, 1148.78
1676.42, 1148.75
1676.85, 1148.72
1677.28, 1148.68
1677.71, 1148.65
1678.02, 1148.63
1678.45, 1148.59
1678.87, 1148.55
1679.3, 1148.51
1679.6, 1148.46
1680.03, 1148.42
1680.46, 1148.38
1680.89, 1148.35
1681.32, 1148.31
1681.75, 1148.27
1682.18, 1148.23
1682.61, 1148.2
1683.04, 1148.16
1683.47, 1148.12
1683.9, 1148.09
1684.33, 1148.05
1684.76, 1148.01
1685.18, 1147.98
1685.61, 1147.94
1686.04, 1147.9
1686.47, 1147.87
1686.9, 1147.83
1687.33, 1147.8
1687.76, 1147.76
1688.19, 1147.72
1688.62, 1147.69
1689.05, 1147.65
1689.47, 1147.62
1689.9, 1147.58
1690.33, 1147.54
1690.76, 1147.51
1691.19, 1147.47
1691.62, 1147.44
1692.05, 1147.4
1692.48, 1147.36
1692.9, 1147.33
1693.33, 1147.29
1693.76, 1147.26
1694.19, 1147.22
1694.62, 1147.18
1695.05, 1147.15
1695.48, 1147.11
1695.91, 1147.07
1696.34, 1147.04
1696.77, 1147
1697.19, 1146.96
1697.62, 1146.93
1698.05, 1146.89
1698.48, 1146.85
1698.91, 1146.82
1699.34, 1146.78
1699.77, 1146.74
1700.2, 1146.7

waypoints
x, y
1668.71, 1149.52
1669.13, 1149.47
1669.56, 1149.42
1669.99, 1149.37
1670.42, 1149.33
1670.85, 1149.28
1671.28, 1149.23
1671.71, 1149.19
1672.13, 1149.14
1672.56, 1149.1
1672.99, 1149.06
1673.42, 1149.02
1673.85, 1148.97
1674.28, 1148.93
1674.71, 1148.89
1675.14, 1148.86
1675.57, 1148.82
1676, 1148.78
1676.42, 1148.75
1676.85, 1148.72
1677.28, 1148.68
1677.71, 1148.65
1678.02, 1148.63
1678.45, 1148.59
1678.87, 1148.55
1679.3, 1148.51
1679.6, 1148.46
1680.03, 1148.42
1680.46, 1148.38
1680.89, 1148.35
1681.32, 1148.31
1681.75, 1148.27
1682.18, 1148.23
1682.61, 1148.2
1683.04, 1148.16
1683.47, 1148.12
1683.9, 1148.09
1684.33, 1148.05
1684.76, 1148.01
1685.18, 1147.98
1685.61, 1147.94
1686.04, 1147.9
1686.47, 1147.87
1686.9, 1147.83
1687.33, 1147.8
1687.76, 1147.76
1688.19, 1147.72
1688.62, 1147.69
1689.05, 1147.65
1689.47, 1147.62
1689.9, 1147.58
1690.33, 1147.54
1690.76, 1147.51
1691.19, 1147.47
1691.62, 1147.44
1692.05, 1147.4
1692.48, 1147.36
1692.9, 1147.33
1693.33, 1147.29
1693.76, 1147.26
1694.19, 1147.22
1694.62, 1147.18
1695.05, 1147.15
1695.48, 1147.11
1695.91, 1147.07
1696.34, 1147.04
1696.77, 1147
1697.19, 1146.96
1697.62, 1146.93
1698.05, 1146.89
1698.48, 1146.85
1698.91, 1146.82
1699.34, 1146.78
1699.77, 1146.74
1700.2, 1146.7

waypoints
x, y
1670.42, 1149.33
1670.85, 1149.28
1671.28, 1149.23
1671.71, 1149.19
1672.13, 1149.14
1672.56, 1149.1
1672.99, 1149.06
1673.42, 1149.02
1673.85, 1148.97
1674.28, 1148.93
1674.71, 1148.89
1675.14, 1148.86
1675.57, 1148.82
1676, 1148.78
1676.42, 1148.75
1676.85, 1148.72
1677.28, 1148.68
1677.71, 1148.65
1678.02, 1148.63
1678.45, 1148.59
1678.87, 1148.55
1679.3, 1148.51
1679.6, 1148.46
1680.03, 1148.42
1680.46, 1148.38
1680.89, 1148.35
1681.32, 1148.31
1681.75, 1148.27
1682.18, 1148.23
1682.61, 1148.2
1683.04, 1148.16
1683.47, 1148.12
1683.9, 1148.09
1684.33, 1148.05
1684.76, 1148.01
1685.18, 1147.98
1685.61, 1147.94
1686.04, 1147.9
1686.47, 1147.87
1686.9, 1147.83
1687.33, 1147.8
1687.76, 1147.76
1688.19, 1147.72
1688.62, 1147.69
1689.05, 1147.65
1689.47, 1147.62
1689.9, 1147.58
1690.33, 1147.54
1690.76, 1147.51
1691.19, 1147.47
1691.62, 1147.44
1692.05, 1147.4
1692.48, 1147.36
1692.9, 1147.33
1693.33, 1147.29
1693.76, 1147.26
1694.19, 1147.22
1694.62, 1147.18
1695.05, 1147.15
1695.48, 1147.11
1695.91, 1147.07
1696.34, 1147.04
1696.77, 1147
1697.19, 1146.96
1697.62, 1146.93
1698.05, 1146.89
1698.48, 1146.85
1698.91, 1146.82
1699.34, 1146.78
1699.77, 1146.74
1700.2, 1146.7

waypoints
x, y
1671.71, 1149.19
1672.13, 1149.14
1672.56, 1149.1
1672.99, 1149.06
1673.42, 1149.02
1673.85, 1148.97
1674.28, 1148.93
1674.71, 1148.89
1675.14, 1148.86
1675.57, 1148.82
1676, 1148.78
1676.42, 1148.75
1676.85, 1148.72
1677.28, 1148.68
1677.71, 1148.65
1678.02, 1148.63
1678.45, 1148.59
1678.87, 1148.55
1679.3, 1148.51
1679.6, 1148.46
1680.03, 1148.42
1680.46, 1148.38
1680.89, 1148.35
1681.32, 1148.31
1681.75, 1148.27
1682.18, 1148.23
1682.61, 1148.2
1683.04, 1148.16
1683.47, 1148.12
1683.9, 1148.09
1684.33, 1148.05
1684.76, 1148.01
1685.18, 1147.98
1685.61, 1147.94
1686.04, 1147.9
1686.47, 1147.87
1686.9, 1147.83
1687.33, 1147.8
1687.76, 1147.76
1688.19, 1147.72
1688.62, 1147.69
1689.05, 1147.65
1689.47, 1147.62
1689.9, 1147.58
1690.33, 1147.54
1690.76, 1147.51
1691.19, 1147.47
1691.62, 1147.44
1692.05, 1147.4
1692.48, 1147.36
1692.9, 1147.33
1693.33, 1147.29
1693.76, 1147.26
1694.19, 1147.22
1694.62, 1147.18
1695.05, 1147.15
1695.48, 1147.11
1695.91, 1147.07
1696.34, 1147.04
1696.77, 1147
1697.19, 1146.96
1697.62, 1146.93
1698.05, 1146.89
1698.48, 1146.85
1698.91, 1146.82
1699.34, 1146.78
1699.77, 1146.74
1700.2, 1146.7

waypoints
x, y
1673.42, 1149.02
1673.85, 1148.97
1674.28, 1148.93
1674.71, 1148.89
1675.14, 1148.86
1675.57, 1148.82
1676, 1148.78
1676.42, 1148.75
1676.85, 1148.72
1677.28, 1148.68
1677.71, 1148.65
1678.02, 1148.63
1678.45, 1148.59
1678.87, 1148.55
1679.3, 1148.51
1679.6, 1148.46
1680.03, 1148.42
1680.46, 1148.38
1680.89, 1148.35
1681.32, 1148.31
1681.75, 1148.27
1682.18, 1148.23
1682.61, 1148.2
1683.04, 1148.16
1683.47, 1148.12
1683.9, 1148.09
1684.33, 1148.05
1684.76, 1148.01
1685.18, 1147.98
1685.61, 1147.94
1686.04, 1147.9
1686.47, 1147.87
1686.9, 1147.83
1687.33, 1147.8
1687.76, 1147.76
1688.19, 1147.72
1688.62, 1147.69
1689.05, 1147.65
1689.47, 1147.62
1689.9, 1147.58
1690.33, 1147.54
1690.76, 1147.51
1691.19, 1147.47
1691.62, 1147.44
1692.05, 1147.4
1692.48, 1147.36
1692.9, 1147.33
1693.33, 1147.29
1693.76, 1147.26
1694.19, 1147.22
1694.62, 1147.18
1695.05, 1147.15
1695.48, 1147.11
1695.91, 1147.07
1696.34, 1147.04
1696.77, 1147
1697.19, 1146.96
1697.62, 1146.93
1698.05, 1146.89
1698.48, 1146.85
1698.91, 1146.82
1699.34, 1146.78
1699.77, 1146.74
1700.2, 1146.7

waypoints
x, y
1675.14, 1148.86
1675.57, 1148.82
1676, 1148.78
1676.42, 1148.75
1676.85, 1148.72
1677.28, 1148.68
1677.71, 1148.65
1678.02, 1148.63
1678.45, 1148.59
1678.87, 1148.55
1679.3, 1148.51
1679.6, 1148.46
1680.03, 1148.42
1680.46, 1148.38
1680.89, 1148.35
1681.32, 1148.31
1681.75, 1148.27
1682.18, 1148.23
1682.61, 1148.2
1683.04, 1148.16
1683.47, 1148.12
1683.9, 1148.09
1684.33, 1148.05
1684.76, 1148.01
1685.18, 1147.98
1685.61, 1147.94
1686.04, 1147.9
1686.47, 1147.87
1686.9, 1147.83
1687.33, 1147.8
1687.76, 1147.76
1688.19, 1147.72
1688.62, 1147.69
1689.05, 1147.65
1689.47, 1147.62
1689.9, 1147.58
1690.33, 1147.54
1690.76, 1147.51
1691.19, 1147.47
1691.62, 1147.44
1692.05, 1147.4
1692.48, 1147.36
1692.9, 1147.33
1693.33, 1147.29
1693.76, 1147.26
1694.19, 1147.22
1694.62, 1147.18
1695.05, 1147.15
1695.48, 1147.11
1695.91, 1147.07
1696.34, 1147.04
1696.77, 1147
1697.19, 1146.96
1697.62, 1146.93
1698.05, 1146.89
1698.48, 1146.85
1698.91, 1146.82
1699.34, 1146.78
1699.77, 1146.74
1700.2, 1146.7

waypoints
x, y
1676.85, 1148.72
1677.28, 1148.68
1677.71, 1148.65
1678.02, 1148.63
1678.45, 1148.59
1678.87, 1148.55
1679.3, 1148.51
1679.6, 1148.46
1680.03, 1148.42
1680.46, 1148.38
1680.89, 1148.35
1681.32, 1148.31
1681.75, 1148.27
1682.18, 1148.23
1682.61, 1148.2
1683.04, 1148.16
1683.47, 1148.12
1683.9, 1148.09
1684.33, 1148.05
1684.76, 1148.01
1685.18, 1147.98
1685.61, 1147.94
1686.04, 1147.9
1686.47, 1147.87
1686.9, 1147.83
1687.33, 1147.8
1687.76, 1147.76
1688.19, 1147.72
1688.62, 1147.69
1689.05, 1147.65
1689.47, 1147.62
1689.9, 1147.58
1690.33, 1147.54
1690.76, 1147.51
1691.19, 1147.47
1691.62, 1147.44
1692.05, 1147.4
1692.48, 1147.36
1692.9, 1147.33
1693.33, 1147.29
1693.76, 1147.26
1694.19, 1147.22
1694.62, 1147.18
1695.05, 1147.15
1695.48, 1147.11
1695.91, 1147.07
1696.34, 1147.04
1696.77, 1147
1697.19, 1146.96
1697.62, 1146.93
1698.05, 1146.89
1698.48, 1146.85
1698.91, 1146.82
1699.34, 1146.78
1699.77, 1146.74
1700.2, 1146.7

waypoints
x, y
1678.45, 1148.59
1678.87, 1148.55
1679.3, 1148.51
1679.6, 1148.46
1680.03, 1148.42
1680.46, 1148.38
1680.89, 1148.35
1681.32, 1148.31
1681.75, 1148.27
1682.18, 1148.23
1682.61, 1148.2
1683.04, 1148.16
1683.47, 1148.12
1683.9, 1148.09
1684.33, 1148.05
1684.76, 1148.01
1685.18, 1147.98
1685.61, 1147.94
1686.04, 1147.9
1686.47, 1147.87
1686.9, 1147.83
1687.33, 1147.8
1687.76, 1147.76
1688.19, 1147.72
1688.62, 1147.69
1689.05, 1147.65
1689.47, 1147.62
1689.9, 1147.58
1690.33, 1147.54
1690.76, 1147.51
1691.19, 1147.47
1691.62, 1147.44
1692.05, 1147.4
1692.48, 1147.36
1692.9, 1147.33
1693.33, 1147.29
1693.76, 1147.26
1694.19, 1147.22
1694.62, 1147.18
1695.05, 1147.15
1695.48, 1147.11
1695.91, 1147.07
1696.34, 1147.04
1696.77, 1147
1697.19, 1146.96
1697.62, 1146.93
1698.05, 1146.89
1698.48, 1146.85
1698.91, 1146.82
1699.34, 1146.78
1699.77, 1146.74
1700.2, 1146.7

waypoints
x, y
1679.6, 1148.46
1680.03, 1148.42
1680.46, 1148.38
1680.89, 1148.35
1681.32, 1148.31
1681.75, 1148.27
1682.18, 1148.23
1682.61, 1148.2
1683.04, 1148.16
1683.47, 1148.12
1683.9, 1148.09
1684.33, 1148.05
1684.76, 1148.01
1685.18, 1147.98
1685.61, 1147.94
1686.04, 1147.9
1686.47, 1147.87
1686.9, 1147.83
1687.33, 1147.8
1687.76, 1147.76
1688.19, 1147.72
1688.62, 1147.69
1689.05, 1147.65
1689.47, 1147.62
1689.9, 1147.58
1690.33, 1147.54
1690.76, 1147.51
1691.19, 1147.47
1691.62, 1147.44
1692.05, 1147.4
1692.48, 1147.36
1692.9, 1147.33
1693.33, 1147.29
1693.76, 1147.26
1694.19, 1147.22
1694.62, 1147.18
1695.05, 1147.15
1695.48, 1147.11
1695.91, 1147.07
1696.34, 1147.04
1696.77, 1147
1697.19, 1146.96
1697.62, 1146.93
1698.05, 1146.89
1698.48, 1146.85
1698.91, 1146.82
1699.34, 1146.78
1699.77, 1146.74
1700.2, 1146.7
1700.62, 1146.67
1701.05, 1146.63
1701.48, 1146.59
1701.91, 1146.55
1702.34, 1146.52
1702.77, 1146.48
1703.2, 1146.44
1703.63, 1146.41
1704.06, 1146.37
1704.49, 1146.33
1704.91, 1146.29
1705.41, 1146.25
1705.84, 1146.22
1706.27, 1146.19
1706.7, 1146.16
1707.12, 1146.12
1707.55, 1146.09
1707.98, 1146.06
1708.41, 1146.02
1708.84, 1145.99
1709.27, 1145.96
1709.7, 1145.93
1710.13, 1145.89
1710.56, 1145.86
1710.99, 1145.83
1711.42, 1145.8
1711.85, 1145.76
1712.28, 1145.73
1712.71, 1145.7
1713.14, 1145.67
1713.56, 1145.63
1713.99, 1145.6
1714.42, 1145.57
1714.85, 1145.53
1715.28, 1145.5
1715.71, 1145.47
1716.14, 1145.44
1716.57, 1145.4
1717, 1145.37
1717.43, 1145.34
1717.86, 1145.31
1718.29, 1145.27
1718.72, 1145.24
1719.15, 1145.21
1719.57, 1145.18
1720, 1145.14
1720.43, 1145.11
1720.86, 1145.08
1721.29, 1145.05

waypoints
x, y
1681.32, 1148.31
1681.75, 1148.27
1682.18, 1148.23
1682.61, 1148.2
1683.04, 1148.16
1683.47, 1148.12
1683.9, 1148.09
1684.33, 1148.05
1684.76, 1148.01
1685.18, 1147.98
1685.61, 1147.94
1686.04, 1147.9
1686.47, 1147.87
1686.9, 1147.83
1687.33, 1147.8
1687.76, 1147.76
1688.19, 1147.72
1688.62, 1147.69
1689.05, 1147.65
1689.47, 1147.62
1689.9, 1147.58
1690.33, 1147.54
1690.76, 1147.51
1691.19, 1147.47
1691.62, 1147.44
1692.05, 1147.4
1692.48, 1147.36
1692.9, 1147.33
1693.33, 1147.29
1693.76, 1147.26
1694.19, 1147.22
1694.62, 1147.18
1695.05, 1147.15
1695.48, 1147.11
1695.91, 1147.07
1696.34, 1147.04
1696.77, 1147
1697.19, 1146.96
1697.62, 1146.93
1698.05, 1146.89
1698.48, 1146.85
1698.91, 1146.82
1699.34, 1146.78
1699.77, 1146.74
1700.2, 1146.7
1700.62, 1146.67
1701.05, 1146.63
1701.48, 1146.59
1701.91, 1146.55
1702.34, 1146.52
1702.77, 1146.48
1703.2, 1146.44
1703.63, 1146.41
1704.06, 1146.37
1704.49, 1146.33
1704.91, 1146.29
1705.41, 1146.25
1705.84, 1146.22
1706.27, 1146.19
1706.69, 1146.15
1707.12, 1146.12
1707.55, 1146.09
1707.98, 1146.06
1708.41, 1146.03
1708.84, 1145.99
1709.27, 1145.96
1709.7, 1145.93
1710.13, 1145.89
1710.56, 1145.86
1710.99, 1145.83
1711.42, 1145.8
1711.85, 1145.76
1712.28, 1145.73
1712.71, 1145.7
1713.13, 1145.67
1713.56, 1145.63
1713.99, 1145.6
1714.42, 1145.57
1714.85, 1145.54
1715.28, 1145.5
1715.71, 1145.47
1716.14, 1145.44
1716.57, 1145.4
1717, 1145.37
1717.43, 1145.34
1717.86, 1145.31
1718.29, 1145.27
1718.72, 1145.24
1719.15, 1145.21
1719.58, 1145.18
1720, 1145.14
1720.43, 1145.11
1720.86, 1145.08
1721.29, 1145.05

waypoints
x, y
1683.04, 1148.16
1683.47, 1148.12
1683.9, 1148.09
1684.33, 1148.05
1684.76, 1148.01
1685.18, 1147.98
1685.61, 1147.94
1686.04, 1147.9
1686.47, 1147.87
1686.9, 1147.83
1687.33, 1147.8
1687.76, 1147.76
1688.19, 1147.72
1688.62, 1147.69
1689.05, 1147.65
1689.47, 1147.62
1689.9, 1147.58
1690.33, 1147.54
1690.76, 1147.51
1691.19, 1147.47
1691.62, 1147.44
1692.05, 1147.4
1692.48, 1147.36
1692.9, 1147.33
1693.33, 1147.29
1693.76, 1147.26
1694.19, 1147.22
1694.62, 1147.18
1695.05, 1147.15
1695.48, 1147.11
1695.91, 1147.07
1696.34, 1147.04
1696.77, 1147
1697.19, 1146.96
1697.62, 1146.93
1698.05, 1146.89
1698.48, 1146.85
1698.91, 1146.82
1699.34, 1146.78
1699.77, 1146.74
1700.2, 1146.7
1700.62, 1146.67
1701.05, 1146.63
1701.48, 1146.59
1701.91, 1146.55
1702.34, 1146.52
1702.77, 1146.48
1703.2, 1146.44
1703.63, 1146.41
1704.06, 1146.37
1704.49, 1146.33
1704.91, 1146.29
1705.41, 1146.25
1705.84, 1146.22
1706.27, 1146.19
1706.69, 1146.15
1707.12, 1146.12
1707.55, 1146.09
1707.98, 1146.06
1708.41, 1146.03
1708.84, 1145.99
1709.27, 1145.96
1709.7, 1145.93
1710.13, 1145.89
1710.56, 1145.86
1710.99, 1145.83
1711.42, 1145.8
1711.85, 1145.76
1712.28, 1145.73
1712.71, 1145.7
1713.13, 1145.67
1713.56, 1145.63
1713.99, 1145.6
1714.42, 1145.57
1714.85, 1145.54
1715.28, 1145.5
1715.71, 1145.47
1716.14, 1145.44
1716.57, 1145.4
1717, 1145.37
1717.43, 1145.34
1717.86, 1145.31
1718.29, 1145.27
1718.72, 1145.24
1719.15, 1145.21
1719.58, 1145.18
1720, 1145.14
1720.43, 1145.11
1720.86, 1145.08
1721.29, 1145.05

waypoints
x, y
1684.76, 1148.01
1685.18, 1147.98
1685.61, 1147.94
1686.04, 1147.9
1686.47, 1147.87
1686.9, 1147.83
1687.33, 1147.8
1687.76, 1147.76
1688.19, 1147.72
1688.62, 1147.69
1689.05, 1147.65
1689.47, 1147.62
1689.9, 1147.58
1690.33, 1147.54
1690.76, 1147.51
1691.19, 1147.47
1691.62, 1147.44
1692.05, 1147.4
1692.48, 1147.36
1692.9, 1147.33
1693.33, 1147.29
1693.76, 1147.26
1694.19, 1147.22
1694.62, 1147.18
1695.05, 1147.15
1695.48, 1147.11
1695.91, 1147.07
1696.34, 1147.04
1696.77, 1147
1697.19, 1146.96
1697.62, 1146.93
1698.05, 1146.89
1698.48, 1146.85
1698.91, 1146.82
1699.34, 1146.78
1699.77, 1146.74
1700.2, 1146.7
1700.62, 1146.67
1701.05, 1146.63
1701.48, 1146.59
1701.91, 1146.55
1702.34, 1146.52
1702.77, 1146.48
1703.2, 1146.44
1703.63, 1146.41
1704.06, 1146.37
1704.49, 1146.33
1704.91, 1146.29
1705.41, 1146.25
1705.84, 1146.22
1706.27, 1146.19
1706.69, 1146.15
1707.12, 1146.12
1707.55, 1146.09
1707.98, 1146.06
1708.41, 1146.03
1708.84, 1145.99
1709.27, 1145.96
1709.7, 1145.93
1710.13, 1145.89
1710.56, 1145.86
1710.99, 1145.83
1711.42, 1145.8
1711.85, 1145.76
1712.28, 1145.73
1712.71, 1145.7
1713.13, 1145.67
1713.56, 1145.63
1713.99, 1145.6
1714.42, 1145.57
1714.85, 1145.54
1715.28, 1145.5
1715.71, 1145.47
1716.14, 1145.44
1716.57, 1145.4
1717, 1145.37
1717.43, 1145.34
1717.86, 1145.31
1718.29, 1145.27
1718.72, 1145.24
1719.15, 1145.21
1719.58, 1145.18
1720, 1145.14
1720.43, 1145.11
1720.86, 1145.08
1721.29, 1145.05

waypoints
x, y
1686.47, 1147.87
1686.9, 1147.83
1687.33, 1147.8
1687.76, 1147.76
1688.19, 1147.72
1688.62, 1147.69
1689.05, 1147.65
1689.47, 1147.62
1689.9, 1147.58
1690.33, 1147.54
1690.76, 1147.51
1691.19, 1147.47
1691.62, 1147.44
1692.05, 1147.4
1692.48, 1147.36
1692.9, 1147.33
1693.33, 1147.29
1693.76, 1147.26
1694.19, 1147.22
1694.62, 1147.18
1695.05, 1147.15
1695.48, 1147.11
1695.91, 1147.07
1696.34, 1147.04
1696.77, 1147
1697.19, 1146.96
1697.62, 1146.93
1698.05, 1146.89
1698.48, 1146.85
1698.91, 1146.82
1699.34, 1146.78
1699.77, 1146.74
1700.2, 1146.7
1700.62, 1146.67
1701.05, 1146.63
1701.48, 1146.59
1701.91, 1146.55
1702.34, 1146.52
1702.77, 1146.48
1703.2, 1146.44
1703.63, 1146.41
1704.06, 1146.37
1704.49, 1146.33
1704.91, 1146.29
1705.41, 1146.25
1705.84, 1146.22
1706.27, 1146.19
1706.69, 1146.15
1707.12, 1146.12
1707.55, 1146.09
1707.98, 1146.06
1708.41, 1146.03
1708.84, 1145.99
1709.27, 1145.96
1709.7, 1145.93
1710.13, 1145.89
1710.56, 1145.86
1710.99, 1145.83
1711.42, 1145.8
1711.85, 1145.76
1712.28, 1145.73
1712.71, 1145.7
1713.13, 1145.67
1713.56, 1145.63
1713.99, 1145.6
1714.42, 1145.57
1714.85, 1145.54
1715.28, 1145.5
1715.71, 1145.47
1716.14, 1145.44
1716.57, 1145.4
1717, 1145.37
1717.43, 1145.34
1717.86, 1145.31
1718.29, 1145.27
1718.72, 1145.24
1719.15, 1145.21
1719.58, 1145.18
1720, 1145.14
1720.43, 1145.11
1720.86, 1145.08
1721.29, 1145.05

waypoints
x, y
1687.76, 1147.76
1688.19, 1147.72
1688.62, 1147.69
1689.05, 1147.65
1689.47, 1147.62
1689.9, 1147.58
1690.33, 1147.54
1690.76, 1147.51
1691.19, 1147.47
1691.62, 1147.44
1692.05, 1147.4
1692.48, 1147.36
1692.9, 1147.33
1693.33, 1147.29
1693.76, 1147.26
1694.19, 1147.22
1694.62, 1147.18
1695.05, 1147.15
1695.48, 1147.11
1695.91, 1147.07
1696.34, 1147.04
1696.77, 1147
1697.19, 1146.96
1697.62, 1146.93
1698.05, 1146.89
1698.48, 1146.85
1698.91, 1146.82
1699.34, 1146.78
1699.77, 1146.74
1700.2, 1146.7
1700.62, 1146.67
1701.05, 1146.63
1701.48, 1146.59
1701.91, 1146.55
1702.34, 1146.52
1702.77, 1146.48
1703.2, 1146.44
1703.63, 1146.41
1704.06, 1146.37
1704.49, 1146.33
1704.91, 1146.29
1705.41, 1146.25
1705.84, 1146.22
1706.27, 1146.19
1706.69, 1146.15
1707.12, 1146.12
1707.55, 1146.09
1707.98, 1146.06
1708.41, 1146.03
1708.84, 1145.99
1709.27, 1145.96
1709.7, 1145.93
1710.13, 1145.89
1710.56, 1145.86
1710.99, 1145.83
1711.42, 1145.8
1711.85, 1145.76
1712.28, 1145.73
1712.71, 1145.7
1713.13, 1145.67
1713.56, 1145.63
1713.99, 1145.6
1714.42, 1145.57
1714.85, 1145.54
1715.28, 1145.5
1715.71, 1145.47
1716.14, 1145.44
1716.57, 1145.4
1717, 1145.37
1717.43, 1145.34
1717.86, 1145.31
1718.29, 1145.27
1718.72, 1145.24
1719.15, 1145.21
1719.58, 1145.18
1720, 1145.14
1720.43, 1145.11
1720.86, 1145.08
1721.29, 1145.05

waypoints
x, y
1689.47, 1147.62
1689.9, 1147.58
1690.33, 1147.54
1690.76, 1147.51
1691.19, 1147.47
1691.62, 1147.44
1692.05, 1147.4
1692.48, 1147.36
1692.9, 1147.33
1693.33, 1147.29
1693.76, 1147.26
1694.19, 1147.22
1694.62, 1147.18
1695.05, 1147.15
1695.48, 1147.11
1695.91, 1147.07
1696.34, 1147.04
1696.77, 1147
1697.19, 1146.96
1697.62, 1146.93
1698.05, 1146.89
1698.48, 1146.85
1698.91, 1146.82
1699.34, 1146.78
1699.77, 1146.74
1700.2, 1146.7
1700.62, 1146.67
1701.05, 1146.63
1701.48, 1146.59
1701.91, 1146.55
1702.34, 1146.52
1702.77, 1146.48
1703.2, 1146.44
1703.63, 1146.41
1704.06, 1146.37
1704.49, 1146.33
1704.91, 1146.29
1705.41, 1146.25
1705.84, 1146.22
1706.27, 1146.19
1706.69, 1146.15
1707.12, 1146.12
1707.55, 1146.09
1707.98, 1146.06
1708.41, 1146.03
1708.84, 1145.99
1709.27, 1145.96
1709.7, 1145.93
1710.13, 1145.89
1710.56, 1145.86
1710.99, 1145.83
1711.42, 1145.8
1711.85, 1145.76
1712.28, 1145.73
1712.71, 1145.7
1713.13, 1145.67
1713.56, 1145.63
1713.99, 1145.6
1714.42, 1145.57
1714.85, 1145.54
1715.28, 1145.5
1715.71, 1145.47
1716.14, 1145.44
1716.57, 1145.4
1717, 1145.37
1717.43, 1145.34
1717.86, 1145.31
1718.29, 1145.27
1718.72, 1145.24
1719.15, 1145.21
1719.58, 1145.18
1720, 1145.14
1720.43, 1145.11
1720.86, 1145.08
1721.29, 1145.05

waypoints
x, y
1691.19, 1147.47
1691.62, 1147.44
1692.05, 1147.4
1692.48, 1147.36
1692.9, 1147.33
1693.33, 1147.29
1693.76, 1147.26
1694.19, 1147.22
1694.62, 1147.18
1695.05, 1147.15
1695.48, 1147.11
1695.91, 1147.07
1696.34, 1147.04
1696.77, 1147
1697.19, 1146.96
1697.62, 1146.93
1698.05, 1146.89
1698.48, 1146.85
1698.91, 1146.82
1699.34, 1146.78
1699.77, 1146.74
1700.2, 1146.7
1700.62, 1146.67
1701.05, 1146.63
1701.48, 1146.59
1701.91, 1146.55
1702.34, 1146.52
1702.77, 1146.48
1703.2, 1146.44
1703.63, 1146.41
1704.06, 1146.37
1704.49, 1146.33
1704.91, 1146.29
1705.41, 1146.25
1705.84, 1146.22
1706.27, 1146.19
1706.69, 1146.15
1707.12, 1146.12
1707.55, 1146.09
1707.98, 1146.06
1708.41, 1146.03
1708.84, 1145.99
1709.27, 1145.96
1709.7, 1145.93
1710.13, 1145.89
1710.56, 1145.86
1710.99, 1145.83
1711.42, 1145.8
1711.85, 1145.76
1712.28, 1145.73
1712.71, 1145.7
1713.13, 1145.67
1713.56, 1145.63
1713.99, 1145.6
1714.42, 1145.57
1714.85, 1145.54
1715.28, 1145.5
1715.71, 1145.47
1716.14, 1145.44
1716.57, 1145.4
1717, 1145.37
1717.43, 1145.34
1717.86, 1145.31
1718.29, 1145.27
1718.72, 1145.24
1719.15, 1145.21
1719.58, 1145.18
1720, 1145.14
1720.43, 1145.11
1720.86, 1145.08
1721.29, 1145.05

waypoints
x, y
1692.9, 1147.33
1693.33, 1147.29
1693.76, 1147.26
1694.19, 1147.22
1694.62, 1147.18
1695.05, 1147.15
1695.48, 1147.11
1695.91, 1147.07
1696.34, 1147.04
1696.77, 1147
1697.19, 1146.96
1697.62, 1146.93
1698.05, 1146.89
1698.48, 1146.85
1698.91, 1146.82
1699.34, 1146.78
1699.77, 1146.74
1700.2, 1146.7
1700.62, 1146.67
1701.05, 1146.63
1701.48, 1146.59
1701.91, 1146.55
1702.34, 1146.52
1702.77, 1146.48
1703.2, 1146.44
1703.63, 1146.41
1704.06, 1146.37
1704.49, 1146.33
1704.91, 1146.29
1705.41, 1146.25
1705.84, 1146.22
1706.27, 1146.19
1706.69, 1146.15
1707.12, 1146.12
1707.55, 1146.09
1707.98, 1146.06
1708.41, 1146.03
1708.84, 1145.99
1709.27, 1145.96
1709.7, 1145.93
1710.13, 1145.89
1710.56, 1145.86
1710.99, 1145.83
1711.42, 1145.8
1711.85, 1145.76
1712.28, 1145.73
1712.71, 1145.7
1713.13, 1145.67
1713.56, 1145.63
1713.99, 1145.6
1714.42, 1145.57
1714.85, 1145.54
1715.28, 1145.5
1715.71, 1145.47
1716.14, 1145.44
1716.57, 1145.4
1717, 1145.37
1717.43, 1145.34
1717.86, 1145.31
1718.29, 1145.27
1718.72, 1145.24
1719.15, 1145.21
1719.58, 1145.18
1720, 1145.14
1720.43, 1145.11
1720.86, 1145.08
1721.29, 1145.05

waypoints
x, y
1694.62, 1147.18
1695.05, 1147.15
1695.48, 1147.11
1695.91, 1147.07
1696.34, 1147.04
1696.77, 1147
1697.19, 1146.96
1697.62, 1146.93
1698.05, 1146.89
1698.48, 1146.85
1698.91, 1146.82
1699.34, 1146.78
1699.77, 1146.74
1700.2, 1146.7
1700.62, 1146.67
1701.05, 1146.63
1701.48, 1146.59
1701.91, 1146.55
1702.34, 1146.52
1702.77, 1146.48
1703.2, 1146.44
1703.63, 1146.41
1704.06, 1146.37
1704.49, 1146.33
1704.91, 1146.29
1705.41, 1146.25
1705.84, 1146.22
1706.27, 1146.19
1706.69, 1146.15
1707.12, 1146.12
1707.55, 1146.09
1707.98, 1146.06
1708.41, 1146.03
1708.84, 1145.99
1709.27, 1145.96
1709.7, 1145.93
1710.13, 1145.89
1710.56, 1145.86
1710.99, 1145.83
1711.42, 1145.8
1711.85, 1145.76
1712.28, 1145.73
1712.71, 1145.7
1713.13, 1145.67
1713.56, 1145.63
1713.99, 1145.6
1714.42, 1145.57
1714.85, 1145.54
1715.28, 1145.5
1715.71, 1145.47
1716.14, 1145.44
1716.57, 1145.4
1717, 1145.37
1717.43, 1145.34
1717.86, 1145.31
1718.29, 1145.27
1718.72, 1145.24
1719.15, 1145.21
1719.58, 1145.18
1720, 1145.14
1720.43, 1145.11
1720.86, 1145.08
1721.29, 1145.05

waypoints
x, y
1695.91, 1147.07
1696.34, 1147.04
1696.77, 1147
1697.19, 1146.96
1697.62, 1146.93
1698.05, 1146.89
1698.48, 1146.85
1698.91, 1146.82
1699.34, 1146.78
1699.77, 1146.74
1700.2, 1146.7
1700.62, 1146.67
1701.05, 1146.63
1701.48, 1146.59
1701.91, 1146.55
1702.34, 1146.52
1702.77, 1146.48
1703.2, 1146.44
1703.63, 1146.41
1704.06, 1146.37
1704.49, 1146.33
1704.91, 1146.29
1705.41, 1146.25
1705.84, 1146.22
1706.27, 1146.19
1706.69, 1146.15
1707.12, 1146.12
1707.55, 1146.09
1707.98, 1146.06
1708.41, 1146.03
1708.84, 1145.99
1709.27, 1145.96
1709.7, 1145.93
1710.13, 1145.89
1710.56, 1145.86
1710.99, 1145.83
1711.42, 1145.8
1711.85, 1145.76
1712.28, 1145.73
1712.71, 1145.7
1713.13, 1145.67
1713.56, 1145.63
1713.99, 1145.6
1714.42, 1145.57
1714.85, 1145.54
1715.28, 1145.5
1715.71, 1145.47
1716.14, 1145.44
1716.57, 1145.4
1717, 1145.37
1717.43, 1145.34
1717.86, 1145.31
1718.29, 1145.27
1718.72, 1145.24
1719.15, 1145.21
1719.58, 1145.18
1720, 1145.14
1720.43, 1145.11
1720.86, 1145.08
1721.29, 1145.05

waypoints
x, y
1697.62, 1146.93
1698.05, 1146.89
1698.48, 1146.85
1698.91, 1146.82
1699.34, 1146.78
1699.77, 1146.74
1700.2, 1146.7
1700.62, 1146.67
1701.05, 1146.63
1701.48, 1146.59
1701.91, 1146.55
1702.34, 1146.52
1702.77, 1146.48
1703.2, 1146.44
1703.63, 1146.41
1704.06, 1146.37
1704.49, 1146.33
1704.91, 1146.29
1705.41, 1146.25
1705.84, 1146.22
1706.27, 1146.19
1706.69, 1146.15
1707.12, 1146.12
1707.55, 1146.09
1707.98, 1146.06
1708.41, 1146.03
1708.84, 1145.99
1709.27, 1145.96
1709.7, 1145.93
1710.13, 1145.89
1710.56, 1145.86
1710.99, 1145.83
1711.42, 1145.8
1711.85, 1145.76
1712.28, 1145.73
1712.71, 1145.7
1713.13, 1145.67
1713.56, 1145.63
1713.99, 1145.6
1714.42, 1145.57
1714.85, 1145.54
1715.28, 1145.5
1715.71, 1145.47
1716.14, 1145.44
1716.57, 1145.4
1717, 1145.37
1717.43, 1145.34
1717.86, 1145.31
1718.29, 1145.27
1718.72, 1145.24
1719.15, 1145.21
1719.58, 1145.18
1720, 1145.14
1720.43, 1145.11
1720.86, 1145.08
1721.29, 1145.05

waypoints
x, y
1699.34, 1146.78
1699.77, 1146.74
1700.2, 1146.7
1700.62, 1146.67
1701.05, 1146.63
1701.48, 1146.59
1701.91, 1146.55
1702.34, 1146.52
1702.77, 1146.48
1703.2, 1146.44
1703.63, 1146.41
1704.06, 1146.37
1704.49, 1146.33
1704.91, 1146.29
1705.41, 1146.25
1705.84, 1146.22
1706.27, 1146.19
1706.69, 1146.15
1707.12, 1146.12
1707.55, 1146.09
1707.98, 1146.06
1708.41, 1146.03
1708.84, 1145.99
1709.27, 1145.96
1709.7, 1145.93
1710.13, 1145.89
1710.56, 1145.86
1710.99, 1145.83
1711.42, 1145.8
1711.85, 1145.76
1712.28, 1145.73
1712.71, 1145.7
1713.13, 1145.67
1713.56, 1145.63
1713.99, 1145.6
1714.42, 1145.57
1714.85, 1145.54
1715.28, 1145.5
1715.71, 1145.47
1716.14, 1145.44
1716.57, 1145.4
1717, 1145.37
1717.43, 1145.34
1717.86, 1145.31
1718.29, 1145.27
1718.72, 1145.24
1719.15, 1145.21
1719.58, 1145.18
1720, 1145.14
1720.43, 1145.11
1720.86, 1145.08
1721.29, 1145.05

waypoints
x, y
1701.05, 1146.63
1701.48, 1146.59
1701.91, 1146.55
1702.34, 1146.52
1702.77, 1146.48
1703.2, 1146.44
1703.63, 1146.41
1704.06, 1146.37
1704.49, 1146.33
1704.91, 1146.29
1705.41, 1146.25
1705.84, 1146.22
1706.27, 1146.19
1706.69, 1146.15
1707.12, 1146.12
1707.55, 1146.09
1707.98, 1146.06
1708.41, 1146.03
1708.84, 1145.99
1709.27, 1145.96
1709.7, 1145.93
1710.13, 1145.89
1710.56, 1145.86
1710.99, 1145.83
1711.42, 1145.8
1711.85, 1145.76
1712.28, 1145.73
1712.71, 1145.7
1713.13, 1145.67
1713.56, 1145.63
1713.99, 1145.6
1714.42, 1145.57
1714.85, 1145.54
1715.28, 1145.5
1715.71, 1145.47
1716.14, 1145.44
1716.57, 1145.4
1717, 1145.37
1717.43, 1145.34
1717.86, 1145.31
1718.29, 1145.27
1718.72, 1145.24
1719.15, 1145.21
1719.58, 1145.18
1720, 1145.14
1720.43, 1145.11
1720.86, 1145.08
1721.29, 1145.05
1721.72, 1145.01
1722.15, 1144.98
1722.58, 1144.95
1723.01, 1144.91
1723.44, 1144.88
1723.87, 1144.85
1724.3, 1144.82
1724.73, 1144.78
1725.16, 1144.75
1725.59, 1144.72
1726.01, 1144.69
1726.44, 1144.65
1726.87, 1144.62
1727.3, 1144.59
1727.73, 1144.56
1728.16, 1144.52
1728.59, 1144.49
1729.02, 1144.46
1729.45, 1144.42
1729.88, 1144.39
1730.31, 1144.36
1730.74, 1144.33
1731.17, 1144.29
1731.6, 1144.26
1732.03, 1144.23
1732.57, 1144.19
1733, 1144.17
1733.43, 1144.14
1733.86, 1144.12
1734.29, 1144.09
1734.72, 1144.07
1735.15, 1144.04
1735.58, 1144.02
1736.01, 1143.99
1736.44, 1143.97
1736.87, 1143.94
1737.3, 1143.92
1737.73, 1143.9
1738.16, 1143.87
1738.59, 1143.85
1739.02, 1143.82
1739.45, 1143.8
1739.87, 1143.77
1740.3, 1143.75
1740.73, 1143.72
1741.16, 1143.7
1741.59, 1143.67
1742.02, 1143.65
1742.45, 1143.62

waypoints
x, y
1702.34, 1146.52
1702.77, 1146.48
1703.2, 1146.44
1703.63, 1146.41
1704.06, 1146.37
1704.49, 1146.33
1704.91, 1146.29
1705.41, 1146.25
1705.84, 1146.22
1706.27, 1146.19
1706.69, 1146.15
1707.12, 1146.12
1707.55, 1146.09
1707.98, 1146.06
1708.41, 1146.03
1708.84, 1145.99
1709.27, 1145.96
1709.7, 1145.93
1710.13, 1145.89
1710.56, 1145.86
1710.99, 1145.83
1711.42, 1145.8
1711.85, 1145.76
1712.28, 1145.73
1712.71, 1145.7
1713.13, 1145.67
1713.56, 1145.63
1713.99, 1145.6
1714.42, 1145.57
1714.85, 1145.54
1715.28, 1145.5
1715.71, 1145.47
1716.14, 1145.44
1716.57, 1145.4
1717, 1145.37
1717.43, 1145.34
1717.86, 1145.31
1718.29, 1145.27
1718.72, 1145.24
1719.15, 1145.21
1719.58, 1145.18
1720, 1145.14
1720.43, 1145.11
1720.86, 1145.08
1721.29, 1145.05
1721.72, 1145.01
1722.15, 1144.98
1722.58, 1144.95
1723.01, 1144.91
1723.44, 1144.88
1723.87, 1144.85
1724.3, 1144.82
1724.73, 1144.78
1725.16, 1144.75
1725.59, 1144.72
1726.02, 1144.69
1726.44, 1144.65
1726.87, 1144.62
1727.3, 1144.59
1727.73, 1144.56
1728.16, 1144.52
1728.59, 1144.49
1729.02, 1144.46
1729.45, 1144.42
1729.88, 1144.39
1730.31, 1144.36
1730.74, 1144.33
1731.17, 1144.29
1731.6, 1144.26
1732.03, 1144.23
1732.57, 1144.19
1733, 1144.17
1733.43, 1144.14
1733.86, 1144.12
1734.29, 1144.09
1734.72, 1144.07
1735.15, 1144.04
1735.58, 1144.02
1736.01, 1143.99
1736.44, 1143.97
1736.87, 1143.94
1737.3, 1143.92
1737.73, 1143.89
1738.15, 1143.87
1738.59, 1143.85
1739.02, 1143.82
1739.44, 1143.8
1739.88, 1143.77
1740.31, 1143.75
1740.73, 1143.72
1741.16, 1143.7
1741.59, 1143.67
1742.02, 1143.65
1742.45, 1143.62

waypoints
x, y
1704.06, 1146.37
1704.49, 1146.33
1704.91, 1146.29
1705.41, 1146.25
1705.84, 1146.22
1706.27, 1146.19
1706.69, 1146.15
1707.12, 1146.12
1707.55, 1146.09
1707.98, 1146.06
1708.41, 1146.03
1708.84, 1145.99
1709.27, 1145.96
1709.7, 1145.93
1710.13, 1145.89
1710.56, 1145.86
1710.99, 1145.83
1711.42, 1145.8
1711.85, 1145.76
1712.28, 1145.73
1712.71, 1145.7
1713.13, 1145.67
1713.56, 1145.63
1713.99, 1145.6
1714.42, 1145.57
1714.85, 1145.54
1715.28, 1145.5
1715.71, 1145.47
1716.14, 1145.44
1716.57, 1145.4
1717, 1145.37
1717.43, 1145.34
1717.86, 1145.31
1718.29, 1145.27
1718.72, 1145.24
1719.15, 1145.21
1719.58, 1145.18
1720, 1145.14
1720.43, 1145.11
1720.86, 1145.08
1721.29, 1145.05
1721.72, 1145.01
1722.15, 1144.98
1722.58, 1144.95
1723.01, 1144.91
1723.44, 1144.88
1723.87, 1144.85
1724.3, 1144.82
1724.73, 1144.78
1725.16, 1144.75
1725.59, 1144.72
1726.02, 1144.69
1726.44, 1144.65
1726.87, 1144.62
1727.3, 1144.59
1727.73, 1144.56
1728.16, 1144.52
1728.59, 1144.49
1729.02, 1144.46
1729.45, 1144.42
1729.88, 1144.39
1730.31, 1144.36
1730.74, 1144.33
1731.17, 1144.29
1731.6, 1144.26
1732.03, 1144.23
1732.57, 1144.19
1733, 1144.17
1733.43, 1144.14
1733.86, 1144.12
1734.29, 1144.09
1734.72, 1144.07
1735.15, 1144.04
1735.58, 1144.02
1736.01, 1143.99
1736.44, 1143.97
1736.87, 1143.94
1737.3, 1143.92
1737.73, 1143.89
1738.15, 1143.87
1738.59, 1143.85
1739.02, 1143.82
1739.44, 1143.8
1739.88, 1143.77
1740.31, 1143.75
1740.73, 1143.72
1741.16, 1143.7
1741.59, 1143.67
1742.02, 1143.65
1742.45, 1143.62

waypoints
x, y
1705.84, 1146.22
1706.27, 1146.19
1706.69, 1146.15
1707.12, 1146.12
1707.55, 1146.09
1707.98, 1146.06
1708.41, 1146.03
1708.84, 1145.99
1709.27, 1145.96
1709.7, 1145.93
1710.13, 1145.89
1710.56, 1145.86
1710.99, 1145.83
1711.42, 1145.8
1711.85, 1145.76
1712.28, 1145.73
1712.71, 1145.7
1713.13, 1145.67
1713.56, 1145.63
1713.99, 1145.6
1714.42, 1145.57
1714.85, 1145.54
1715.28, 1145.5
1715.71, 1145.47
1716.14, 1145.44
1716.57, 1145.4
1717, 1145.37
1717.43, 1145.34
1717.86, 1145.31
1718.29, 1145.27
1718.72, 1145.24
1719.15, 1145.21
1719.58, 1145.18
1720, 1145.14
1720.43, 1145.11
1720.86, 1145.08
1721.29, 1145.05
1721.72, 1145.01
1722.15, 1144.98
1722.58, 1144.95
1723.01, 1144.91
1723.44, 1144.88
1723.87, 1144.85
1724.3, 1144.82
1724.73, 1144.78
1725.16, 1144.75
1725.59, 1144.72
1726.02, 1144.69
1726.44, 1144.65
1726.87, 1144.62
1727.3, 1144.59
1727.73, 1144.56
1728.16, 1144.52
1728.59, 1144.49
1729.02, 1144.46
1729.45, 1144.42
1729.88, 1144.39
1730.31, 1144.36
1730.74, 1144.33
1731.17, 1144.29
1731.6, 1144.26
1732.03, 1144.23
1732.57, 1144.19
1733, 1144.17
1733.43, 1144.14
1733.86, 1144.12
1734.29, 1144.09
1734.72, 1144.07
1735.15, 1144.04
1735.58, 1144.02
1736.01, 1143.99
1736.44, 1143.97
1736.87, 1143.94
1737.3, 1143.92
1737.73, 1143.89
1738.15, 1143.87
1738.59, 1143.85
1739.02, 1143.82
1739.44, 1143.8
1739.88, 1143.77
1740.31, 1143.75
1740.73, 1143.72
1741.16, 1143.7
1741.59, 1143.67
1742.02, 1143.65
1742.45, 1143.62

waypoints
x, y
1707.55, 1146.09
1707.98, 1146.06
1708.41, 1146.03
1708.84, 1145.99
1709.27, 1145.96
1709.7, 1145.93
1710.13, 1145.89
1710.56, 1145.86
1710.99, 1145.83
1711.42, 1145.8
1711.85, 1145.76
1712.28, 1145.73
1712.71, 1145.7
1713.13, 1145.67
1713.56, 1145.63
1713.99, 1145.6
1714.42, 1145.57
1714.85, 1145.54
1715.28, 1145.5
1715.71, 1145.47
1716.14, 1145.44
1716.57, 1145.4
1717, 1145.37
1717.43, 1145.34
1717.86, 1145.31
1718.29, 1145.27
1718.72, 1145.24
1719.15, 1145.21
1719.58, 1145.18
1720, 1145.14
1720.43, 1145.11
1720.86, 1145.08
1721.29, 1145.05
1721.72, 1145.01
1722.15, 1144.98
1722.58, 1144.95
1723.01, 1144.91
1723.44, 1144.88
1723.87, 1144.85
1724.3, 1144.82
1724.73, 1144.78
1725.16, 1144.75
1725.59, 1144.72
1726.02, 1144.69
1726.44, 1144.65
1726.87, 1144.62
1727.3, 1144.59
1727.73, 1144.56
1728.16, 1144.52
1728.59, 1144.49
1729.02, 1144.46
1729.45, 1144.42
1729.88, 1144.39
1730.31, 1144.36
1730.74, 1144.33
1731.17, 1144.29
1731.6, 1144.26
1732.03, 1144.23
1732.57, 1144.19
1733, 1144.17
1733.43, 1144.14
1733.86, 1144.12
1734.29, 1144.09
1734.72, 1144.07
1735.15, 1144.04
1735.58, 1144.02
1736.01, 1143.99
1736.44, 1143.97
1736.87, 1143.94
1737.3, 1143.92
1737.73, 1143.89
1738.15, 1143.87
1738.59, 1143.85
1739.02, 1143.82
1739.44, 1143.8
1739.88, 1143.77
1740.31, 1143.75
1740.73, 1143.72
1741.16, 1143.7
1741.59, 1143.67
1742.02, 1143.65
1742.45, 1143.62

waypoints
x, y
1709.27, 1145.96
1709.7, 1145.93
1710.13, 1145.89
1710.56, 1145.86
1710.99, 1145.83
1711.42, 1145.8
1711.85, 1145.76
1712.28, 1145.73
1712.71, 1145.7
1713.13, 1145.67
1713.56, 1145.63
1713.99, 1145.6
1714.42, 1145.57
1714.85, 1145.54
1715.28, 1145.5
1715.71, 1145.47
1716.14, 1145.44
1716.57, 1145.4
1717, 1145.37
1717.43, 1145.34
1717.86, 1145.31
1718.29, 1145.27
1718.72, 1145.24
1719.15, 1145.21
1719.58, 1145.18
1720, 1145.14
1720.43, 1145.11
1720.86, 1145.08
1721.29, 1145.05
1721.72, 1145.01
1722.15, 1144.98
1722.58, 1144.95
1723.01, 1144.91
1723.44, 1144.88
1723.87, 1144.85
1724.3, 1144.82
1724.73, 1144.78
1725.16, 1144.75
1725.59, 1144.72
1726.02, 1144.69
1726.44, 1144.65
1726.87, 1144.62
1727.3, 1144.59
1727.73, 1144.56
1728.16, 1144.52
1728.59, 1144.49
1729.02, 1144.46
1729.45, 1144.42
1729.88, 1144.39
1730.31, 1144.36
1730.74, 1144.33
1731.17, 1144.29
1731.6, 1144.26
1732.03, 1144.23
1732.57, 1144.19
1733, 1144.17
1733.43, 1144.14
1733.86, 1144.12
1734.29, 1144.09
1734.72, 1144.07
1735.15, 1144.04
1735.58, 1144.02
1736.01, 1143.99
1736.44, 1143.97
1736.87, 1143.94
1737.3, 1143.92
1737.73, 1143.89
1738.15, 1143.87
1738.59, 1143.85
1739.02, 1143.82
1739.44, 1143.8
1739.88, 1143.77
1740.31, 1143.75
1740.73, 1143.72
1741.16, 1143.7
1741.59, 1143.67
1742.02, 1143.65
1742.45, 1143.62

waypoints
x, y
1710.56, 1145.86
1710.99, 1145.83
1711.42, 1145.8
1711.85, 1145.76
1712.28, 1145.73
1712.71, 1145.7
1713.13, 1145.67
1713.56, 1145.63
1713.99, 1145.6
1714.42, 1145.57
1714.85, 1145.54
1715.28, 1145.5
1715.71, 1145.47
1716.14, 1145.44
1716.57, 1145.4
1717, 1145.37
1717.43, 1145.34
1717.86, 1145.31
1718.29, 1145.27
1718.72, 1145.24
1719.15, 1145.21
1719.58, 1145.18
1720, 1145.14
1720.43, 1145.11
1720.86, 1145.08
1721.29, 1145.05
1721.72, 1145.01
1722.15, 1144.98
1722.58, 1144.95
1723.01, 1144.91
1723.44, 1144.88
1723.87, 1144.85
1724.3, 1144.82
1724.73, 1144.78
1725.16, 1144.75
1725.59, 1144.72
1726.02, 1144.69
1726.44, 1144.65
1726.87, 1144.62
1727.3, 1144.59
1727.73, 1144.56
1728.16, 1144.52
1728.59, 1144.49
1729.02, 1144.46
1729.45, 1144.42
1729.88, 1144.39
1730.31, 1144.36
1730.74, 1144.33
1731.17, 1144.29
1731.6, 1144.26
1732.03, 1144.23
1732.57, 1144.19
1733, 1144.17
1733.43, 1144.14
1733.86, 1144.12
1734.29, 1144.09
1734.72, 1144.07
1735.15, 1144.04
1735.58, 1144.02
1736.01, 1143.99
1736.44, 1143.97
1736.87, 1143.94
1737.3, 1143.92
1737.73, 1143.89
1738.15, 1143.87
1738.59, 1143.85
1739.02, 1143.82
1739.44, 1143.8
1739.88, 1143.77
1740.31, 1143.75
1740.73, 1143.72
1741.16, 1143.7
1741.59, 1143.67
1742.02, 1143.65
1742.45, 1143.62

waypoints
x, y
1712.28, 1145.73
1712.71, 1145.7
1713.13, 1145.67
1713.56, 1145.63
1713.99, 1145.6
1714.42, 1145.57
1714.85, 1145.54
1715.28, 1145.5
1715.71, 1145.47
1716.14, 1145.44
1716.57, 1145.4
1717, 1145.37
1717.43, 1145.34
1717.86, 1145.31
1718.29, 1145.27
1718.72, 1145.24
1719.15, 1145.21
1719.58, 1145.18
1720, 1145.14
1720.43, 1145.11
1720.86, 1145.08
1721.29, 1145.05
1721.72, 1145.01
1722.15, 1144.98
1722.58, 1144.95
1723.01, 1144.91
1723.44, 1144.88
1723.87, 1144.85
1724.3, 1144.82
1724.73, 1144.78
1725.16, 1144.75
1725.59, 1144.72
1726.02, 1144.69
1726.44, 1144.65
1726.87, 1144.62
1727.3, 1144.59
1727.73, 1144.56
1728.16, 1144.52
1728.59, 1144.49
1729.02, 1144.46
1729.45, 1144.42
1729.88, 1144.39
1730.31, 1144.36
1730.74, 1144.33
1731.17, 1144.29
1731.6, 1144.26
1732.03, 1144.23
1732.57, 1144.19
1733, 1144.17
1733.43, 1144.14
1733.86, 1144.12
1734.29, 1144.09
1734.72, 1144.07
1735.15, 1144.04
1735.58, 1144.02
1736.01, 1143.99
1736.44, 1143.97
1736.87, 1143.94
1737.3, 1143.92
1737.73, 1143.89
1738.15, 1143.87
1738.59, 1143.85
1739.02, 1143.82
1739.44, 1143.8
1739.88, 1143.77
1740.31, 1143.75
1740.73, 1143.72
1741.16, 1143.7
1741.59, 1143.67
1742.02, 1143.65
1742.45, 1143.62

waypoints
x, y
1713.56, 1145.63
1713.99, 1145.6
1714.42, 1145.57
1714.85, 1145.54
1715.28, 1145.5
1715.71, 1145.47
1716.14, 1145.44
1716.57, 1145.4
1717, 1145.37
1717.43, 1145.34
1717.86, 1145.31
1718.29, 1145.27
1718.72, 1145.24
1719.15, 1145.21
1719.58, 1145.18
1720, 1145.14
1720.43, 1145.11
1720.86, 1145.08
1721.29, 1145.05
1721.72, 1145.01
1722.15, 1144.98
1722.58, 1144.95
1723.01, 1144.91
1723.44, 1144.88
1723.87, 1144.85
1724.3, 1144.82
1724.73, 1144.78
1725.16, 1144.75
1725.59, 1144.72
1726.02, 1144.69
1726.44, 1144.65
1726.87, 1144.62
1727.3, 1144.59
1727.73, 1144.56
1728.16, 1144.52
1728.59, 1144.49
1729.02, 1144.46
1729.45, 1144.42
1729.88, 1144.39
1730.31, 1144.36
1730.74, 1144.33
1731.17, 1144.29
1731.6, 1144.26
1732.03, 1144.23
1732.57, 1144.19
1733, 1144.17
1733.43, 1144.14
1733.86, 1144.12
1734.29, 1144.09
1734.72, 1144.07
1735.15, 1144.04
1735.58, 1144.02
1736.01, 1143.99
1736.44, 1143.97
1736.87, 1143.94
1737.3, 1143.92
1737.73, 1143.89
1738.15, 1143.87
1738.59, 1143.85
1739.02, 1143.82
1739.44, 1143.8
1739.88, 1143.77
1740.31, 1143.75
1740.73, 1143.72
1741.16, 1143.7
1741.59, 1143.67
1742.02, 1143.65
1742.45, 1143.62

waypoints
x, y
1715.71, 1145.47
1716.14, 1145.44
1716.57, 1145.4
1717, 1145.37
1717.43, 1145.34
1717.86, 1145.31
1718.29, 1145.27
1718.72, 1145.24
1719.15, 1145.21
1719.58, 1145.18
1720, 1145.14
1720.43, 1145.11
1720.86, 1145.08
1721.29, 1145.05
1721.72, 1145.01
1722.15, 1144.98
1722.58, 1144.95
1723.01, 1144.91
1723.44, 1144.88
1723.87, 1144.85
1724.3, 1144.82
1724.73, 1144.78
1725.16, 1144.75
1725.59, 1144.72
1726.02, 1144.69
1726.44, 1144.65
1726.87, 1144.62
1727.3, 1144.59
1727.73, 1144.56
1728.16, 1144.52
1728.59, 1144.49
1729.02, 1144.46
1729.45, 1144.42
1729.88, 1144.39
1730.31, 1144.36
1730.74, 1144.33
1731.17, 1144.29
1731.6, 1144.26
1732.03, 1144.23
1732.57, 1144.19
1733, 1144.17
1733.43, 1144.14
1733.86, 1144.12
1734.29, 1144.09
1734.72, 1144.07
1735.15, 1144.04
1735.58, 1144.02
1736.01, 1143.99
1736.44, 1143.97
1736.87, 1143.94
1737.3, 1143.92
1737.73, 1143.89
1738.15, 1143.87
1738.59, 1143.85
1739.02, 1143.82
1739.44, 1143.8
1739.88, 1143.77
1740.31, 1143.75
1740.73, 1143.72
1741.16, 1143.7
1741.59, 1143.67
1742.02, 1143.65
1742.45, 1143.62

waypoints
x, y
1717, 1145.37
1717.43, 1145.34
1717.86, 1145.31
1718.29, 1145.27
1718.72, 1145.24
1719.15, 1145.21
1719.58, 1145.18
1720, 1145.14
1720.43, 1145.11
1720.86, 1145.08
1721.29, 1145.05
1721.72, 1145.01
1722.15, 1144.98
1722.58, 1144.95
1723.01, 1144.91
1723.44, 1144.88
1723.87, 1144.85
1724.3, 1144.82
1724.73, 1144.78
1725.16, 1144.75
1725.59, 1144.72
1726.02, 1144.69
1726.44, 1144.65
1726.87, 1144.62
1727.3, 1144.59
1727.73, 1144.56
1728.16, 1144.52
1728.59, 1144.49
1729.02, 1144.46
1729.45, 1144.42
1729.88, 1144.39
1730.31, 1144.36
1730.74, 1144.33
1731.17, 1144.29
1731.6, 1144.26
1732.03, 1144.23
1732.57, 1144.19
1733, 1144.17
1733.43, 1144.14
1733.86, 1144.12
1734.29, 1144.09
1734.72, 1144.07
1735.15, 1144.04
1735.58, 1144.02
1736.01, 1143.99
1736.44, 1143.97
1736.87, 1143.94
1737.3, 1143.92
1737.73, 1143.89
1738.15, 1143.87
1738.59, 1143.85
1739.02, 1143.82
1739.44, 1143.8
1739.88, 1143.77
1740.31, 1143.75
1740.73, 1143.72
1741.16, 1143.7
1741.59, 1143.67
1742.02, 1143.65
1742.45, 1143.62

waypoints
x, y
1718.72, 1145.24
1719.15, 1145.21
1719.58, 1145.18
1720, 1145.14
1720.43, 1145.11
1720.86, 1145.08
1721.29, 1145.05
1721.72, 1145.01
1722.15, 1144.98
1722.58, 1144.95
1723.01, 1144.91
1723.44, 1144.88
1723.87, 1144.85
1724.3, 1144.82
1724.73, 1144.78
1725.16, 1144.75
1725.59, 1144.72
1726.02, 1144.69
1726.44, 1144.65
1726.87, 1144.62
1727.3, 1144.59
1727.73, 1144.56
1728.16, 1144.52
1728.59, 1144.49
1729.02, 1144.46
1729.45, 1144.42
1729.88, 1144.39
1730.31, 1144.36
1730.74, 1144.33
1731.17, 1144.29
1731.6, 1144.26
1732.03, 1144.23
1732.57, 1144.19
1733, 1144.17
1733.43, 1144.14
1733.86, 1144.12
1734.29, 1144.09
1734.72, 1144.07
1735.15, 1144.04
1735.58, 1144.02
1736.01, 1143.99
1736.44, 1143.97
1736.87, 1143.94
1737.3, 1143.92
1737.73, 1143.89
1738.15, 1143.87
1738.59, 1143.85
1739.02, 1143.82
1739.44, 1143.8
1739.88, 1143.77
1740.31, 1143.75
1740.73, 1143.72
1741.16, 1143.7
1741.59, 1143.67
1742.02, 1143.65
1742.45, 1143.62

waypoints
x, y
1720, 1145.14
1720.43, 1145.11
1720.86, 1145.08
1721.29, 1145.05
1721.72, 1145.01
1722.15, 1144.98
1722.58, 1144.95
1723.01, 1144.91
1723.44, 1144.88
1723.87, 1144.85
1724.3, 1144.82
1724.73, 1144.78
1725.16, 1144.75
1725.59, 1144.72
1726.02, 1144.69
1726.44, 1144.65
1726.87, 1144.62
1727.3, 1144.59
1727.73, 1144.56
1728.16, 1144.52
1728.59, 1144.49
1729.02, 1144.46
1729.45, 1144.42
1729.88, 1144.39
1730.31, 1144.36
1730.74, 1144.33
1731.17, 1144.29
1731.6, 1144.26
1732.03, 1144.23
1732.57, 1144.19
1733, 1144.17
1733.43, 1144.14
1733.86, 1144.12
1734.29, 1144.09
1734.72, 1144.07
1735.15, 1144.04
1735.58, 1144.02
1736.01, 1143.99
1736.44, 1143.97
1736.87, 1143.94
1737.3, 1143.92
1737.73, 1143.89
1738.15, 1143.87
1738.59, 1143.85
1739.02, 1143.82
1739.44, 1143.8
1739.88, 1143.77
1740.31, 1143.75
1740.73, 1143.72
1741.16, 1143.7
1741.59, 1143.67
1742.02, 1143.65
1742.45, 1143.62

waypoints
x, y
1721.72, 1145.01
1722.15, 1144.98
1722.58, 1144.95
1723.01, 1144.91
1723.44, 1144.88
1723.87, 1144.85
1724.3, 1144.82
1724.73, 1144.78
1725.16, 1144.75
1725.59, 1144.72
1726.02, 1144.69
1726.44, 1144.65
1726.87, 1144.62
1727.3, 1144.59
1727.73, 1144.56
1728.16, 1144.52
1728.59, 1144.49
1729.02, 1144.46
1729.45, 1144.42
1729.88, 1144.39
1730.31, 1144.36
1730.74, 1144.33
1731.17, 1144.29
1731.6, 1144.26
1732.03, 1144.23
1732.57, 1144.19
1733, 1144.17
1733.43, 1144.14
1733.86, 1144.12
1734.29, 1144.09
1734.72, 1144.07
1735.15, 1144.04
1735.58, 1144.02
1736.01, 1143.99
1736.44, 1143.97
1736.87, 1143.94
1737.3, 1143.92
1737.73, 1143.89
1738.15, 1143.87
1738.59, 1143.85
1739.02, 1143.82
1739.44, 1143.8
1739.88, 1143.77
1740.31, 1143.75
1740.73, 1143.72
1741.16, 1143.7
1741.59, 1143.67
1742.02, 1143.65
1742.45, 1143.62
1742.88, 1143.6
1743.31, 1143.58
1743.74, 1143.55
1744.17, 1143.53
1744.6, 1143.5
1745.03, 1143.48
1745.46, 1143.45
1745.89, 1143.43
1746.32, 1143.4
1746.75, 1143.38
1747.18, 1143.35
1747.61, 1143.33
1748.04, 1143.31
1748.47, 1143.28
1748.9, 1143.26
1749.33, 1143.23
1749.76, 1143.21
1750.19, 1143.18
1750.62, 1143.16
1751.05, 1143.13
1751.48, 1143.11
1751.91, 1143.08
1752.34, 1143.06
1752.77, 1143.03
1753.2, 1143.01
1753.63, 1142.99
1754.06, 1142.96
1754.49, 1142.94
1754.92, 1142.91
1755.35, 1142.89
1755.78, 1142.86
1756.21, 1142.84
1756.64, 1142.81
1757.07, 1142.79
1757.5, 1142.76
1757.93, 1142.74
1758.36, 1142.71
1758.79, 1142.69
1759.22, 1142.66
1759.65, 1142.64
1760.08, 1142.62
1760.51, 1142.59
1760.94, 1142.57
1761.37, 1142.54
1761.8, 1142.52
1762.23, 1142.49
1762.66, 1142.47
1763.09, 1142.44
1763.52, 1142.42

waypoints
x, y
1723.01, 1144.91
1723.44, 1144.88
1723.87, 1144.85
1724.3, 1144.82
1724.73, 1144.78
1725.16, 1144.75
1725.59, 1144.72
1726.02, 1144.69
1726.44, 1144.65
1726.87, 1144.62
1727.3, 1144.59
1727.73, 1144.56
1728.16, 1144.52
1728.59, 1144.49
1729.02, 1144.46
1729.45, 1144.42
1729.88, 1144.39
1730.31, 1144.36
1730.74, 1144.33
1731.17, 1144.29
1731.6, 1144.26
1732.03, 1144.23
1732.57, 1144.19
1733, 1144.17
1733.43, 1144.14
1733.86, 1144.12
1734.29, 1144.09
1734.72, 1144.07
1735.15, 1144.04
1735.58, 1144.02
1736.01, 1143.99
1736.44, 1143.97
1736.87, 1143.94
1737.3, 1143.92
1737.73, 1143.89
1738.15, 1143.87
1738.59, 1143.85
1739.02, 1143.82
1739.44, 1143.8
1739.88, 1143.77
1740.31, 1143.75
1740.73, 1143.72
1741.16, 1143.7
1741.59, 1143.67
1742.02, 1143.65
1742.45, 1143.62
1742.88, 1143.6
1743.31, 1143.58
1743.74, 1143.55
1744.17, 1143.53
1744.6, 1143.5
1745.03, 1143.48
1745.46, 1143.45
1745.89, 1143.43
1746.32, 1143.4
1746.75, 1143.38
1747.18, 1143.36
1747.61, 1143.33
1748.04, 1143.31
1748.47, 1143.28
1748.9, 1143.26
1749.33, 1143.23
1749.76, 1143.21
1750.19, 1143.18
1750.62, 1143.16
1751.05, 1143.13
1751.48, 1143.11
1751.91, 1143.08
1752.34, 1143.06
1752.77, 1143.03
1753.2, 1143.01
1753.63, 1142.98
1754.06, 1142.96
1754.49, 1142.94
1754.92, 1142.91
1755.35, 1142.89
1755.78, 1142.86
1756.21, 1142.84
1756.64, 1142.81
1757.07, 1142.79
1757.5, 1142.76
1757.93, 1142.74
1758.36, 1142.71
1758.79, 1142.69
1759.22, 1142.66
1759.65, 1142.64
1760.08, 1142.62
1760.51, 1142.59
1760.94, 1142.57
1761.37, 1142.54
1761.8, 1142.52
1762.23, 1142.49
1762.66, 1142.47
1763.09, 1142.44
1763.52, 1142.42

waypoints
x, y
1724.73, 1144.78
1725.16, 1144.75
1725.59, 1144.72
1726.02, 1144.69
1726.44, 1144.65
1726.87, 1144.62
1727.3, 1144.59
1727.73, 1144.56
1728.16, 1144.52
1728.59, 1144.49
1729.02, 1144.46
1729.45, 1144.42
1729.88, 1144.39
1730.31, 1144.36
1730.74, 1144.33
1731.17, 1144.29
1731.6, 1144.26
1732.03, 1144.23
1732.57, 1144.19
1733, 1144.17
1733.43, 1144.14
1733.86, 1144.12
1734.29, 1144.09
1734.72, 1144.07
1735.15, 1144.04
1735.58, 1144.02
1736.01, 1143.99
1736.44, 1143.97
1736.87, 1143.94
1737.3, 1143.92
1737.73, 1143.89
1738.15, 1143.87
1738.59, 1143.85
1739.02, 1143.82
1739.44, 1143.8
1739.88, 1143.77
1740.31, 1143.75
1740.73, 1143.72
1741.16, 1143.7
1741.59, 1143.67
1742.02, 1143.65
1742.45, 1143.62
1742.88, 1143.6
1743.31, 1143.58
1743.74, 1143.55
1744.17, 1143.53
1744.6, 1143.5
1745.03, 1143.48
1745.46, 1143.45
1745.89, 1143.43
1746.32, 1143.4
1746.75, 1143.38
1747.18, 1143.36
1747.61, 1143.33
1748.04, 1143.31
1748.47, 1143.28
1748.9, 1143.26
1749.33, 1143.23
1749.76, 1143.21
1750.19, 1143.18
1750.62, 1143.16
1751.05, 1143.13
1751.48, 1143.11
1751.91, 1143.08
1752.34, 1143.06
1752.77, 1143.03
1753.2, 1143.01
1753.63, 1142.98
1754.06, 1142.96
1754.49, 1142.94
1754.92, 1142.91
1755.35, 1142.89
1755.78, 1142.86
1756.21, 1142.84
1756.64, 1142.81
1757.07, 1142.79
1757.5, 1142.76
1757.93, 1142.74
1758.36, 1142.71
1758.79, 1142.69
1759.22, 1142.66
1759.65, 1142.64
1760.08, 1142.62
1760.51, 1142.59
1760.94, 1142.57
1761.37, 1142.54
1761.8, 1142.52
1762.23, 1142.49
1762.66, 1142.47
1763.09, 1142.44
1763.52, 1142.42

waypoints
x, y
1726.44, 1144.65
1726.87, 1144.62
1727.3, 1144.59
1727.73, 1144.56
1728.16, 1144.52
1728.59, 1144.49
1729.02, 1144.46
1729.45, 1144.42
1729.88, 1144.39
1730.31, 1144.36
1730.74, 1144.33
1731.17, 1144.29
1731.6, 1144.26
1732.03, 1144.23
1732.57, 1144.19
1733, 1144.17
1733.43, 1144.14
1733.86, 1144.12
1734.29, 1144.09
1734.72, 1144.07
1735.15, 1144.04
1735.58, 1144.02
1736.01, 1143.99
1736.44, 1143.97
1736.87, 1143.94
1737.3, 1143.92
1737.73, 1143.89
1738.15, 1143.87
1738.59, 1143.85
1739.02, 1143.82
1739.44, 1143.8
1739.88, 1143.77
1740.31, 1143.75
1740.73, 1143.72
1741.16, 1143.7
1741.59, 1143.67
1742.02, 1143.65
1742.45, 1143.62
1742.88, 1143.6
1743.31, 1143.58
1743.74, 1143.55
1744.17, 1143.53
1744.6, 1143.5
1745.03, 1143.48
1745.46, 1143.45
1745.89, 1143.43
1746.32, 1143.4
1746.75, 1143.38
1747.18, 1143.36
1747.61, 1143.33
1748.04, 1143.31
1748.47, 1143.28
1748.9, 1143.26
1749.33, 1143.23
1749.76, 1143.21
1750.19, 1143.18
1750.62, 1143.16
1751.05, 1143.13
1751.48, 1143.11
1751.91, 1143.08
1752.34, 1143.06
1752.77, 1143.03
1753.2, 1143.01
1753.63, 1142.98
1754.06, 1142.96
1754.49, 1142.94
1754.92, 1142.91
1755.35, 1142.89
1755.78, 1142.86
1756.21, 1142.84
1756.64, 1142.81
1757.07, 1142.79
1757.5, 1142.76
1757.93, 1142.74
1758.36, 1142.71
1758.79, 1142.69
1759.22, 1142.66
1759.65, 1142.64
1760.08, 1142.62
1760.51, 1142.59
1760.94, 1142.57
1761.37, 1142.54
1761.8, 1142.52
1762.23, 1142.49
1762.66, 1142.47
1763.09, 1142.44
1763.52, 1142.42

waypoints
x, y
1728.16, 1144.52
1728.59, 1144.49
1729.02, 1144.46
1729.45, 1144.42
1729.88, 1144.39
1730.31, 1144.36
1730.74, 1144.33
1731.17, 1144.29
1731.6, 1144.26
1732.03, 1144.23
1732.57, 1144.19
1733, 1144.17
1733.43, 1144.14
1733.86, 1144.12
1734.29, 1144.09
1734.72, 1144.07
1735.15, 1144.04
1735.58, 1144.02
1736.01, 1143.99
1736.44, 1143.97
1736.87, 1143.94
1737.3, 1143.92
1737.73, 1143.89
1738.15, 1143.87
1738.59, 1143.85
1739.02, 1143.82
1739.44, 1143.8
1739.88, 1143.77
1740.31, 1143.75
1740.73, 1143.72
1741.16, 1143.7
1741.59, 1143.67
1742.02, 1143.65
1742.45, 1143.62
1742.88, 1143.6
1743.31, 1143.58
1743.74, 1143.55
1744.17, 1143.53
1744.6, 1143.5
1745.03, 1143.48
1745.46, 1143.45
1745.89, 1143.43
1746.32, 1143.4
1746.75, 1143.38
1747.18, 1143.36
1747.61, 1143.33
1748.04, 1143.31
1748.47, 1143.28
1748.9, 1143.26
1749.33, 1143.23
1749.76, 1143.21
1750.19, 1143.18
1750.62, 1143.16
1751.05, 1143.13
1751.48, 1143.11
1751.91, 1143.08
1752.34, 1143.06
1752.77, 1143.03
1753.2, 1143.01
1753.63, 1142.98
1754.06, 1142.96
1754.49, 1142.94
1754.92, 1142.91
1755.35, 1142.89
1755.78, 1142.86
1756.21, 1142.84
1756.64, 1142.81
1757.07, 1142.79
1757.5, 1142.76
1757.93, 1142.74
1758.36, 1142.71
1758.79, 1142.69
1759.22, 1142.66
1759.65, 1142.64
1760.08, 1142.62
1760.51, 1142.59
1760.94, 1142.57
1761.37, 1142.54
1761.8, 1142.52
1762.23, 1142.49
1762.66, 1142.47
1763.09, 1142.44
1763.52, 1142.42

waypoints
x, y
1729.45, 1144.42
1729.88, 1144.39
1730.31, 1144.36
1730.74, 1144.33
1731.17, 1144.29
1731.6, 1144.26
1732.03, 1144.23
1732.57, 1144.19
1733, 1144.17
1733.43, 1144.14
1733.86, 1144.12
1734.29, 1144.09
1734.72, 1144.07
1735.15, 1144.04
1735.58, 1144.02
1736.01, 1143.99
1736.44, 1143.97
1736.87, 1143.94
1737.3, 1143.92
1737.73, 1143.89
1738.15, 1143.87
1738.59, 1143.85
1739.02, 1143.82
1739.44, 1143.8
1739.88, 1143.77
1740.31, 1143.75
1740.73, 1143.72
1741.16, 1143.7
1741.59, 1143.67
1742.02, 1143.65
1742.45, 1143.62
1742.88, 1143.6
1743.31, 1143.58
1743.74, 1143.55
1744.17, 1143.53
1744.6, 1143.5
1745.03, 1143.48
1745.46, 1143.45
1745.89, 1143.43
1746.32, 1143.4
1746.75, 1143.38
1747.18, 1143.36
1747.61, 1143.33
1748.04, 1143.31
1748.47, 1143.28
1748.9, 1143.26
1749.33, 1143.23
1749.76, 1143.21
1750.19, 1143.18
1750.62, 1143.16
1751.05, 1143.13
1751.48, 1143.11
1751.91, 1143.08
1752.34, 1143.06
1752.77, 1143.03
1753.2, 1143.01
1753.63, 1142.98
1754.06, 1142.96
1754.49, 1142.94
1754.92, 1142.91
1755.35, 1142.89
1755.78, 1142.86
1756.21, 1142.84
1756.64, 1142.81
1757.07, 1142.79
1757.5, 1142.76
1757.93, 1142.74
1758.36, 1142.71
1758.79, 1142.69
1759.22, 1142.66
1759.65, 1142.64
1760.08, 1142.62
1760.51, 1142.59
1760.94, 1142.57
1761.37, 1142.54
1761.8, 1142.52
1762.23, 1142.49
1762.66, 1142.47
1763.09, 1142.44
1763.52, 1142.42

waypoints
x, y
1731.17, 1144.29
1731.6, 1144.26
1732.03, 1144.23
1732.57, 1144.19
1733, 1144.17
1733.43, 1144.14
1733.86, 1144.12
1734.29, 1144.09
1734.72, 1144.07
1735.15, 1144.04
1735.58, 1144.02
1736.01, 1143.99
1736.44, 1143.97
1736.87, 1143.94
1737.3, 1143.92
1737.73, 1143.89
1738.15, 1143.87
1738.59, 1143.85
1739.02, 1143.82
1739.44, 1143.8
1739.88, 1143.77
1740.31, 1143.75
1740.73, 1143.72
1741.16, 1143.7
1741.59, 1143.67
1742.02, 1143.65
1742.45, 1143.62
1742.88, 1143.6
1743.31, 1143.58
1743.74, 1143.55
1744.17, 1143.53
1744.6, 1143.5
1745.03, 1143.48
1745.46, 1143.45
1745.89, 1143.43
1746.32, 1143.4
1746.75, 1143.38
1747.18, 1143.36
1747.61, 1143.33
1748.04, 1143.31
1748.47, 1143.28
1748.9, 1143.26
1749.33, 1143.23
1749.76, 1143.21
1750.19, 1143.18
1750.62, 1143.16
1751.05, 1143.13
1751.48, 1143.11
1751.91, 1143.08
1752.34, 1143.06
1752.77, 1143.03
1753.2, 1143.01
1753.63, 1142.98
1754.06, 1142.96
1754.49, 1142.94
1754.92, 1142.91
1755.35, 1142.89
1755.78, 1142.86
1756.21, 1142.84
1756.64, 1142.81
1757.07, 1142.79
1757.5, 1142.76
1757.93, 1142.74
1758.36, 1142.71
1758.79, 1142.69
1759.22, 1142.66
1759.65, 1142.64
1760.08, 1142.62
1760.51, 1142.59
1760.94, 1142.57
1761.37, 1142.54
1761.8, 1142.52
1762.23, 1142.49
1762.66, 1142.47
1763.09, 1142.44
1763.52, 1142.42

waypoints
x, y
1733, 1144.17
1733.43, 1144.14
1733.86, 1144.12
1734.29, 1144.09
1734.72, 1144.07
1735.15, 1144.04
1735.58, 1144.02
1736.01, 1143.99
1736.44, 1143.97
1736.87, 1143.94
1737.3, 1143.92
1737.73, 1143.89
1738.15, 1143.87
1738.59, 1143.85
1739.02, 1143.82
1739.44, 1143.8
1739.88, 1143.77
1740.31, 1143.75
1740.73, 1143.72
1741.16, 1143.7
1741.59, 1143.67
1742.02, 1143.65
1742.45, 1143.62
1742.88, 1143.6
1743.31, 1143.58
1743.74, 1143.55
1744.17, 1143.53
1744.6, 1143.5
1745.03, 1143.48
1745.46, 1143.45
1745.89, 1143.43
1746.32, 1143.4
1746.75, 1143.38
1747.18, 1143.36
1747.61, 1143.33
1748.04, 1143.31
1748.47, 1143.28
1748.9, 1143.26
1749.33, 1143.23
1749.76, 1143.21
1750.19, 1143.18
1750.62, 1143.16
1751.05, 1143.13
1751.48, 1143.11
1751.91, 1143.08
1752.34, 1143.06
1752.77, 1143.03
1753.2, 1143.01
1753.63, 1142.98
1754.06, 1142.96
1754.49, 1142.94
1754.92, 1142.91
1755.35, 1142.89
1755.78, 1142.86
1756.21, 1142.84
1756.64, 1142.81
1757.07, 1142.79
1757.5, 1142.76
1757.93, 1142.74
1758.36, 1142.71
1758.79, 1142.69
1759.22, 1142.66
1759.65, 1142.64
1760.08, 1142.62
1760.51, 1142.59
1760.94, 1142.57
1761.37, 1142.54
1761.8, 1142.52
1762.23, 1142.49
1762.66, 1142.47
1763.09, 1142.44
1763.52, 1142.42

waypoints
x, y
1734.29, 1144.09
1734.72, 1144.07
1735.15, 1144.04
1735.58, 1144.02
1736.01, 1143.99
1736.44, 1143.97
1736.87, 1143.94
1737.3, 1143.92
1737.73, 1143.89
1738.15, 1143.87
1738.59, 1143.85
1739.02, 1143.82
1739.44, 1143.8
1739.88, 1143.77
1740.31, 1143.75
1740.73, 1143.72
1741.16, 1143.7
1741.59, 1143.67
1742.02, 1143.65
1742.45, 1143.62
1742.88, 1143.6
1743.31, 1143.58
1743.74, 1143.55
1744.17, 1143.53
1744.6, 1143.5
1745.03, 1143.48
1745.46, 1143.45
1745.89, 1143.43
1746.32, 1143.4
1746.75, 1143.38
1747.18, 1143.36
1747.61, 1143.33
1748.04, 1143.31
1748.47, 1143.28
1748.9, 1143.26
1749.33, 1143.23
1749.76, 1143.21
1750.19, 1143.18
1750.62, 1143.16
1751.05, 1143.13
1751.48, 1143.11
1751.91, 1143.08
1752.34, 1143.06
1752.77, 1143.03
1753.2, 1143.01
1753.63, 1142.98
1754.06, 1142.96
1754.49, 1142.94
1754.92, 1142.91
1755.35, 1142.89
1755.78, 1142.86
1756.21, 1142.84
1756.64, 1142.81
1757.07, 1142.79
1757.5, 1142.76
1757.93, 1142.74
1758.36, 1142.71
1758.79, 1142.69
1759.22, 1142.66
1759.65, 1142.64
1760.08, 1142.62
1760.51, 1142.59
1760.94, 1142.57
1761.37, 1142.54
1761.8, 1142.52
1762.23, 1142.49
1762.66, 1142.47
1763.09, 1142.44
1763.52, 1142.42

waypoints
x, y
1736.01, 1143.99
1736.44, 1143.97
1736.87, 1143.94
1737.3, 1143.92
1737.73, 1143.89
1738.15, 1143.87
1738.59, 1143.85
1739.02, 1143.82
1739.44, 1143.8
1739.88, 1143.77
1740.31, 1143.75
1740.73, 1143.72
1741.16, 1143.7
1741.59, 1143.67
1742.02, 1143.65
1742.45, 1143.62
1742.88, 1143.6
1743.31, 1143.58
1743.74, 1143.55
1744.17, 1143.53
1744.6, 1143.5
1745.03, 1143.48
1745.46, 1143.45
1745.89, 1143.43
1746.32, 1143.4
1746.75, 1143.38
1747.18, 1143.36
1747.61, 1143.33
1748.04, 1143.31
1748.47, 1143.28
1748.9, 1143.26
1749.33, 1143.23
1749.76, 1143.21
1750.19, 1143.18
1750.62, 1143.16
1751.05, 1143.13
1751.48, 1143.11
1751.91, 1143.08
1752.34, 1143.06
1752.77, 1143.03
1753.2, 1143.01
1753.63, 1142.98
1754.06, 1142.96
1754.49, 1142.94
1754.92, 1142.91
1755.35, 1142.89
1755.78, 1142.86
1756.21, 1142.84
1756.64, 1142.81
1757.07, 1142.79
1757.5, 1142.76
1757.93, 1142.74
1758.36, 1142.71
1758.79, 1142.69
1759.22, 1142.66
1759.65, 1142.64
1760.08, 1142.62
1760.51, 1142.59
1760.94, 1142.57
1761.37, 1142.54
1761.8, 1142.52
1762.23, 1142.49
1762.66, 1142.47
1763.09, 1142.44
1763.52, 1142.42

waypoints
x, y
1737.73, 1143.89
1738.15, 1143.87
1738.59, 1143.85
1739.02, 1143.82
1739.44, 1143.8
1739.88, 1143.77
1740.31, 1143.75
1740.73, 1143.72
1741.16, 1143.7
1741.59, 1143.67
1742.02, 1143.65
1742.45, 1143.62
1742.88, 1143.6
1743.31, 1143.58
1743.74, 1143.55
1744.17, 1143.53
1744.6, 1143.5
1745.03, 1143.48
1745.46, 1143.45
1745.89, 1143.43
1746.32, 1143.4
1746.75, 1143.38
1747.18, 1143.36
1747.61, 1143.33
1748.04, 1143.31
1748.47, 1143.28
1748.9, 1143.26
1749.33, 1143.23
1749.76, 1143.21
1750.19, 1143.18
1750.62, 1143.16
1751.05, 1143.13
1751.48, 1143.11
1751.91, 1143.08
1752.34, 1143.06
1752.77, 1143.03
1753.2, 1143.01
1753.63, 1142.98
1754.06, 1142.96
1754.49, 1142.94
1754.92, 1142.91
1755.35, 1142.89
1755.78, 1142.86
1756.21, 1142.84
1756.64, 1142.81
1757.07, 1142.79
1757.5, 1142.76
1757.93, 1142.74
1758.36, 1142.71
1758.79, 1142.69
1759.22, 1142.66
1759.65, 1142.64
1760.08, 1142.62
1760.51, 1142.59
1760.94, 1142.57
1761.37, 1142.54
1761.8, 1142.52
1762.23, 1142.49
1762.66, 1142.47
1763.09, 1142.44
1763.52, 1142.42

waypoints
x, y
1739.44, 1143.8
1739.88, 1143.77
1740.31, 1143.75
1740.73, 1143.72
1741.16, 1143.7
1741.59, 1143.67
1742.02, 1143.65
1742.45, 1143.62
1742.88, 1143.6
1743.31, 1143.58
1743.74, 1143.55
1744.17, 1143.53
1744.6, 1143.5
1745.03, 1143.48
1745.46, 1143.45
1745.89, 1143.43
1746.32, 1143.4
1746.75, 1143.38
1747.18, 1143.36
1747.61, 1143.33
1748.04, 1143.31
1748.47, 1143.28
1748.9, 1143.26
1749.33, 1143.23
1749.76, 1143.21
1750.19, 1143.18
1750.62, 1143.16
1751.05, 1143.13
1751.48, 1143.11
1751.91, 1143.08
1752.34, 1143.06
1752.77, 1143.03
1753.2, 1143.01
1753.63, 1142.98
1754.06, 1142.96
1754.49, 1142.94
1754.92, 1142.91
1755.35, 1142.89
1755.78, 1142.86
1756.21, 1142.84
1756.64, 1142.81
1757.07, 1142.79
1757.5, 1142.76
1757.93, 1142.74
1758.36, 1142.71
1758.79, 1142.69
1759.22, 1142.66
1759.65, 1142.64
1760.08, 1142.62
1760.51, 1142.59
1760.94, 1142.57
1761.37, 1142.54
1761.8, 1142.52
1762.23, 1142.49
1762.66, 1142.47
1763.09, 1142.44
1763.52, 1142.42

waypoints
x, y
1741.16, 1143.7
1741.59, 1143.67
1742.02, 1143.65
1742.45, 1143.62
1742.88, 1143.6
1743.31, 1143.58
1743.74, 1143.55
1744.17, 1143.53
1744.6, 1143.5
1745.03, 1143.48
1745.46, 1143.45
1745.89, 1143.43
1746.32, 1143.4
1746.75, 1143.38
1747.18, 1143.36
1747.61, 1143.33
1748.04, 1143.31
1748.47, 1143.28
1748.9, 1143.26
1749.33, 1143.23
1749.76, 1143.21
1750.19, 1143.18
1750.62, 1143.16
1751.05, 1143.13
1751.48, 1143.11
1751.91, 1143.08
1752.34, 1143.06
1752.77, 1143.03
1753.2, 1143.01
1753.63, 1142.98
1754.06, 1142.96
1754.49, 1142.94
1754.92, 1142.91
1755.35, 1142.89
1755.78, 1142.86
1756.21, 1142.84
1756.64, 1142.81
1757.07, 1142.79
1757.5, 1142.76
1757.93, 1142.74
1758.36, 1142.71
1758.79, 1142.69
1759.22, 1142.66
1759.65, 1142.64
1760.08, 1142.62
1760.51, 1142.59
1760.94, 1142.57
1761.37, 1142.54
1761.8, 1142.52
1762.23, 1142.49
1762.66, 1142.47
1763.09, 1142.44
1763.52, 1142.42

waypoints
x, y
1742.88, 1143.6
1743.31, 1143.58
1743.74, 1143.55
1744.17, 1143.53
1744.6, 1143.5
1745.03, 1143.48
1745.46, 1143.45
1745.89, 1143.43
1746.32, 1143.4
1746.75, 1143.38
1747.18, 1143.36
1747.61, 1143.33
1748.04, 1143.31
1748.47, 1143.28
1748.9, 1143.26
1749.33, 1143.23
1749.76, 1143.21
1750.19, 1143.18
1750.62, 1143.16
1751.05, 1143.13
1751.48, 1143.11
1751.91, 1143.08
1752.34, 1143.06
1752.77, 1143.03
1753.2, 1143.01
1753.63, 1142.98
1754.06, 1142.96
1754.49, 1142.94
1754.92, 1142.91
1755.35, 1142.89
1755.78, 1142.86
1756.21, 1142.84
1756.64, 1142.81
1757.07, 1142.79
1757.5, 1142.76
1757.93, 1142.74
1758.36, 1142.71
1758.79, 1142.69
1759.22, 1142.66
1759.65, 1142.64
1760.08, 1142.62
1760.51, 1142.59
1760.94, 1142.57
1761.37, 1142.54
1761.8, 1142.52
1762.23, 1142.49
1762.66, 1142.47
1763.09, 1142.44
1763.52, 1142.42
1763.9, 1142.4
1764.33, 1142.37
1764.76, 1142.34
1765.19, 1142.31
1765.62, 1142.28
1766.05, 1142.26
1766.48, 1142.23
1766.91, 1142.2
1767.34, 1142.17
1767.77, 1142.14
1768.2, 1142.12
1768.63, 1142.09
1769.06, 1142.06
1769.49, 1142.03
1769.92, 1142
1770.34, 1141.98
1770.77, 1141.95
1771.2, 1141.92
1771.63, 1141.89
1772.06, 1141.86
1772.49, 1141.84
1772.92, 1141.81
1773.35, 1141.78
1773.78, 1141.75
1774.21, 1141.72
1774.64, 1141.7
1775.07, 1141.67
1775.5, 1141.64
1775.93, 1141.61
1776.36, 1141.58
1776.79, 1141.56
1777.22, 1141.53
1777.65, 1141.5
1778.08, 1141.47
1778.51, 1141.44
1778.94, 1141.42
1779.37, 1141.39
1779.8, 1141.36
1780.23, 1141.33
1780.66, 1141.3
1781.09, 1141.28
1781.52, 1141.25
1781.95, 1141.22
1782.38, 1141.19
1782.8, 1141.16
1783.23, 1141.14
1783.66, 1141.11
1784.09, 1141.08
1784.52, 1141.05

waypoints
x, y
1744.6, 1143.5
1745.03, 1143.48
1745.46, 1143.45
1745.89, 1143.43
1746.32, 1143.4
1746.75, 1143.38
1747.18, 1143.36
1747.61, 1143.33
1748.04, 1143.31
1748.47, 1143.28
1748.9, 1143.26
1749.33, 1143.23
1749.76, 1143.21
1750.19, 1143.18
1750.62, 1143.16
1751.05, 1143.13
1751.48, 1143.11
1751.91, 1143.08
1752.34, 1143.06
1752.77, 1143.03
1753.2, 1143.01
1753.63, 1142.98
1754.06, 1142.96
1754.49, 1142.94
1754.92, 1142.91
1755.35, 1142.89
1755.78, 1142.86
1756.21, 1142.84
1756.64, 1142.81
1757.07, 1142.79
1757.5, 1142.76
1757.93, 1142.74
1758.36, 1142.71
1758.79, 1142.69
1759.22, 1142.66
1759.65, 1142.64
1760.08, 1142.62
1760.51, 1142.59
1760.94, 1142.57
1761.37, 1142.54
1761.8, 1142.52
1762.23, 1142.49
1762.66, 1142.47
1763.09, 1142.44
1763.52, 1142.42
1763.9, 1142.4
1764.33, 1142.37
1764.76, 1142.34
1765.19, 1142.31
1765.62, 1142.29
1766.05, 1142.26
1766.48, 1142.23
1766.91, 1142.2
1767.34, 1142.17
1767.77, 1142.14
1768.2, 1142.12
1768.63, 1142.09
1769.06, 1142.06
1769.48, 1142.03
1769.91, 1142.01
1770.35, 1141.98
1770.77, 1141.95
1771.2, 1141.92
1771.63, 1141.89
1772.06, 1141.86
1772.49, 1141.84
1772.92, 1141.81
1773.35, 1141.78
1773.78, 1141.75
1774.21, 1141.72
1774.64, 1141.7
1775.07, 1141.67
1775.5, 1141.64
1775.93, 1141.61
1776.36, 1141.58
1776.79, 1141.56
1777.22, 1141.53
1777.65, 1141.5
1778.08, 1141.47
1778.51, 1141.44
1778.94, 1141.42
1779.37, 1141.39
1779.8, 1141.36
1780.23, 1141.33
1780.66, 1141.3
1781.09, 1141.28
1781.52, 1141.25
1781.94, 1141.22
1782.38, 1141.19
1782.81, 1141.16
1783.23, 1141.13
1783.66, 1141.11
1784.09, 1141.08
1784.52, 1141.05

waypoints
x, y
1746.32, 1143.4
1746.75, 1143.38
1747.18, 1143.36
1747.61, 1143.33
1748.04, 1143.31
1748.47, 1143.28
1748.9, 1143.26
1749.33, 1143.23
1749.76, 1143.21
1750.19, 1143.18
1750.62, 1143.16
1751.05, 1143.13
1751.48, 1143.11
1751.91, 1143.08
1752.34, 1143.06
1752.77, 1143.03
1753.2, 1143.01
1753.63, 1142.98
1754.06, 1142.96
1754.49, 1142.94
1754.92, 1142.91
1755.35, 1142.89
1755.78, 1142.86
1756.21, 1142.84
1756.64, 1142.81
1757.07, 1142.79
1757.5, 1142.76
1757.93, 1142.74
1758.36, 1142.71
1758.79, 1142.69
1759.22, 1142.66
1759.65, 1142.64
1760.08, 1142.62
1760.51, 1142.59
1760.94, 1142.57
1761.37, 1142.54
1761.8, 1142.52
1762.23, 1142.49
1762.66, 1142.47
1763.09, 1142.44
1763.52, 1142.42
1763.9, 1142.4
1764.33, 1142.37
1764.76, 1142.34
1765.19, 1142.31
1765.62, 1142.29
1766.05, 1142.26
1766.48, 1142.23
1766.91, 1142.2
1767.34, 1142.17
1767.77, 1142.14
1768.2, 1142.12
1768.63, 1142.09
1769.06, 1142.06
1769.48, 1142.03
1769.91, 1142.01
1770.35, 1141.98
1770.77, 1141.95
1771.2, 1141.92
1771.63, 1141.89
1772.06, 1141.86
1772.49, 1141.84
1772.92, 1141.81
1773.35, 1141.78
1773.78, 1141.75
1774.21, 1141.72
1774.64, 1141.7
1775.07, 1141.67
1775.5, 1141.64
1775.93, 1141.61
1776.36, 1141.58
1776.79, 1141.56
1777.22, 1141.53
1777.65, 1141.5
1778.08, 1141.47
1778.51, 1141.44
1778.94, 1141.42
1779.37, 1141.39
1779.8, 1141.36
1780.23, 1141.33
1780.66, 1141.3
1781.09, 1141.28
1781.52, 1141.25
1781.94, 1141.22
1782.38, 1141.19
1782.81, 1141.16
1783.23, 1141.13
1783.66, 1141.11
1784.09, 1141.08
1784.52, 1141.05

waypoints
x, y
1748.47, 1143.28
1748.9, 1143.26
1749.33, 1143.23
1749.76, 1143.21
1750.19, 1143.18
1750.62, 1143.16
1751.05, 1143.13
1751.48, 1143.11
1751.91, 1143.08
1752.34, 1143.06
1752.77, 1143.03
1753.2, 1143.01
1753.63, 1142.98
1754.06, 1142.96
1754.49, 1142.94
1754.92, 1142.91
1755.35, 1142.89
1755.78, 1142.86
1756.21, 1142.84
1756.64, 1142.81
1757.07, 1142.79
1757.5, 1142.76
1757.93, 1142.74
1758.36, 1142.71
1758.79, 1142.69
1759.22, 1142.66
1759.65, 1142.64
1760.08, 1142.62
1760.51, 1142.59
1760.94, 1142.57
1761.37, 1142.54
1761.8, 1142.52
1762.23, 1142.49
1762.66, 1142.47
1763.09, 1142.44
1763.52, 1142.42
1763.9, 1142.4
1764.33, 1142.37
1764.76, 1142.34
1765.19, 1142.31
1765.62, 1142.29
1766.05, 1142.26
1766.48, 1142.23
1766.91, 1142.2
1767.34, 1142.17
1767.77, 1142.14
1768.2, 1142.12
1768.63, 1142.09
1769.06, 1142.06
1769.48, 1142.03
1769.91, 1142.01
1770.35, 1141.98
1770.77, 1141.95
1771.2, 1141.92
1771.63, 1141.89
1772.06, 1141.86
1772.49, 1141.84
1772.92, 1141.81
1773.35, 1141.78
1773.78, 1141.75
1774.21, 1141.72
1774.64, 1141.7
1775.07, 1141.67
1775.5, 1141.64
1775.93, 1141.61
1776.36, 1141.58
1776.79, 1141.56
1777.22, 1141.53
1777.65, 1141.5
1778.08, 1141.47
1778.51, 1141.44
1778.94, 1141.42
1779.37, 1141.39
1779.8, 1141.36
1780.23, 1141.33
1780.66, 1141.3
1781.09, 1141.28
1781.52, 1141.25
1781.94, 1141.22
1782.38, 1141.19
1782.81, 1141.16
1783.23, 1141.13
1783.66, 1141.11
1784.09, 1141.08
1784.52, 1141.05

waypoints
x, y
1749.76, 1143.21
1750.19, 1143.18
1750.62, 1143.16
1751.05, 1143.13
1751.48, 1143.11
1751.91, 1143.08
1752.34, 1143.06
1752.77, 1143.03
1753.2, 1143.01
1753.63, 1142.98
1754.06, 1142.96
1754.49, 1142.94
1754.92, 1142.91
1755.35, 1142.89
1755.78, 1142.86
1756.21, 1142.84
1756.64, 1142.81
1757.07, 1142.79
1757.5, 1142.76
1757.93, 1142.74
1758.36, 1142.71
1758.79, 1142.69
1759.22, 1142.66
1759.65, 1142.64
1760.08, 1142.62
1760.51, 1142.59
1760.94, 1142.57
1761.37, 1142.54
1761.8, 1142.52
1762.23, 1142.49
1762.66, 1142.47
1763.09, 1142.44
1763.52, 1142.42
1763.9, 1142.4
1764.33, 1142.37
1764.76, 1142.34
1765.19, 1142.31
1765.62, 1142.29
1766.05, 1142.26
1766.48, 1142.23
1766.91, 1142.2
1767.34, 1142.17
1767.77, 1142.14
1768.2, 1142.12
1768.63, 1142.09
1769.06, 1142.06
1769.48, 1142.03
1769.91, 1142.01
1770.35, 1141.98
1770.77, 1141.95
1771.2, 1141.92
1771.63, 1141.89
1772.06, 1141.86
1772.49, 1141.84
1772.92, 1141.81
1773.35, 1141.78
1773.78, 1141.75
1774.21, 1141.72
1774.64, 1141.7
1775.07, 1141.67
1775.5, 1141.64
1775.93, 1141.61
1776.36, 1141.58
1776.79, 1141.56
1777.22, 1141.53
1777.65, 1141.5
1778.08, 1141.47
1778.51, 1141.44
1778.94, 1141.42
1779.37, 1141.39
1779.8, 1141.36
1780.23, 1141.33
1780.66, 1141.3
1781.09, 1141.28
1781.52, 1141.25
1781.94, 1141.22
1782.38, 1141.19
1782.81, 1141.16
1783.23, 1141.13
1783.66, 1141.11
1784.09, 1141.08
1784.52, 1141.05

waypoints
x, y
1751.48, 1143.11
1751.91, 1143.08
1752.34, 1143.06
1752.77, 1143.03
1753.2, 1143.01
1753.63, 1142.98
1754.06, 1142.96
1754.49, 1142.94
1754.92, 1142.91
1755.35, 1142.89
1755.78, 1142.86
1756.21, 1142.84
1756.64, 1142.81
1757.07, 1142.79
1757.5, 1142.76
1757.93, 1142.74
1758.36, 1142.71
1758.79, 1142.69
1759.22, 1142.66
1759.65, 1142.64
1760.08, 1142.62
1760.51, 1142.59
1760.94, 1142.57
1761.37, 1142.54
1761.8, 1142.52
1762.23, 1142.49
1762.66, 1142.47
1763.09, 1142.44
1763.52, 1142.42
1763.9, 1142.4
1764.33, 1142.37
1764.76, 1142.34
1765.19, 1142.31
1765.62, 1142.29
1766.05, 1142.26
1766.48, 1142.23
1766.91, 1142.2
1767.34, 1142.17
1767.77, 1142.14
1768.2, 1142.12
1768.63, 1142.09
1769.06, 1142.06
1769.48, 1142.03
1769.91, 1142.01
1770.35, 1141.98
1770.77, 1141.95
1771.2, 1141.92
1771.63, 1141.89
1772.06, 1141.86
1772.49, 1141.84
1772.92, 1141.81
1773.35, 1141.78
1773.78, 1141.75
1774.21, 1141.72
1774.64, 1141.7
1775.07, 1141.67
1775.5, 1141.64
1775.93, 1141.61
1776.36, 1141.58
1776.79, 1141.56
1777.22, 1141.53
1777.65, 1141.5
1778.08, 1141.47
1778.51, 1141.44
1778.94, 1141.42
1779.37, 1141.39
1779.8, 1141.36
1780.23, 1141.33
1780.66, 1141.3
1781.09, 1141.28
1781.52, 1141.25
1781.94, 1141.22
1782.38, 1141.19
1782.81, 1141.16
1783.23, 1141.13
1783.66, 1141.11
1784.09, 1141.08
1784.52, 1141.05

waypoints
x, y
1753.2, 1143.01
1753.63, 1142.98
1754.06, 1142.96
1754.49, 1142.94
1754.92, 1142.91
1755.35, 1142.89
1755.78, 1142.86
1756.21, 1142.84
1756.64, 1142.81
1757.07, 1142.79
1757.5, 1142.76
1757.93, 1142.74
1758.36, 1142.71
1758.79, 1142.69
1759.22, 1142.66
1759.65, 1142.64
1760.08, 1142.62
1760.51, 1142.59
1760.94, 1142.57
1761.37, 1142.54
1761.8, 1142.52
1762.23, 1142.49
1762.66, 1142.47
1763.09, 1142.44
1763.52, 1142.42
1763.9, 1142.4
1764.33, 1142.37
1764.76, 1142.34
1765.19, 1142.31
1765.62, 1142.29
1766.05, 1142.26
1766.48, 1142.23
1766.91, 1142.2
1767.34, 1142.17
1767.77, 1142.14
1768.2, 1142.12
1768.63, 1142.09
1769.06, 1142.06
1769.48, 1142.03
1769.91, 1142.01
1770.35, 1141.98
1770.77, 1141.95
1771.2, 1141.92
1771.63, 1141.89
1772.06, 1141.86
1772.49, 1141.84
1772.92, 1141.81
1773.35, 1141.78
1773.78, 1141.75
1774.21, 1141.72
1774.64, 1141.7
1775.07, 1141.67
1775.5, 1141.64
1775.93, 1141.61
1776.36, 1141.58
1776.79, 1141.56
1777.22, 1141.53
1777.65, 1141.5
1778.08, 1141.47
1778.51, 1141.44
1778.94, 1141.42
1779.37, 1141.39
1779.8, 1141.36
1780.23, 1141.33
1780.66, 1141.3
1781.09, 1141.28
1781.52, 1141.25
1781.94, 1141.22
1782.38, 1141.19
1782.81, 1141.16
1783.23, 1141.13
1783.66, 1141.11
1784.09, 1141.08
1784.52, 1141.05

waypoints
x, y
1754.92, 1142.91
1755.35, 1142.89
1755.78, 1142.86
1756.21, 1142.84
1756.64, 1142.81
1757.07, 1142.79
1757.5, 1142.76
1757.93, 1142.74
1758.36, 1142.71
1758.79, 1142.69
1759.22, 1142.66
1759.65, 1142.64
1760.08, 1142.62
1760.51, 1142.59
1760.94, 1142.57
1761.37, 1142.54
1761.8, 1142.52
1762.23, 1142.49
1762.66, 1142.47
1763.09, 1142.44
1763.52, 1142.42
1763.9, 1142.4
1764.33, 1142.37
1764.76, 1142.34
1765.19, 1142.31
1765.62, 1142.29
1766.05, 1142.26
1766.48, 1142.23
1766.91, 1142.2
1767.34, 1142.17
1767.77, 1142.14
1768.2, 1142.12
1768.63, 1142.09
1769.06, 1142.06
1769.48, 1142.03
1769.91, 1142.01
1770.35, 1141.98
1770.77, 1141.95
1771.2, 1141.92
1771.63, 1141.89
1772.06, 1141.86
1772.49, 1141.84
1772.92, 1141.81
1773.35, 1141.78
1773.78, 1141.75
1774.21, 1141.72
1774.64, 1141.7
1775.07, 1141.67
1775.5, 1141.64
1775.93, 1141.61
1776.36, 1141.58
1776.79, 1141.56
1777.22, 1141.53
1777.65, 1141.5
1778.08, 1141.47
1778.51, 1141.44
1778.94, 1141.42
1779.37, 1141.39
1779.8, 1141.36
1780.23, 1141.33
1780.66, 1141.3
1781.09, 1141.28
1781.52, 1141.25
1781.94, 1141.22
1782.38, 1141.19
1782.81, 1141.16
1783.23, 1141.13
1783.66, 1141.11
1784.09, 1141.08
1784.52, 1141.05

waypoints
x, y
1756.21, 1142.84
1756.64, 1142.81
1757.07, 1142.79
1757.5, 1142.76
1757.93, 1142.74
1758.36, 1142.71
1758.79, 1142.69
1759.22, 1142.66
1759.65, 1142.64
1760.08, 1142.62
1760.51, 1142.59
1760.94, 1142.57
1761.37, 1142.54
1761.8, 1142.52
1762.23, 1142.49
1762.66, 1142.47
1763.09, 1142.44
1763.52, 1142.42
1763.9, 1142.4
1764.33, 1142.37
1764.76, 1142.34
1765.19, 1142.31
1765.62, 1142.29
1766.05, 1142.26
1766.48, 1142.23
1766.91, 1142.2
1767.34, 1142.17
1767.77, 1142.14
1768.2, 1142.12
1768.63, 1142.09
1769.06, 1142.06
1769.48, 1142.03
1769.91, 1142.01
1770.35, 1141.98
1770.77, 1141.95
1771.2, 1141.92
1771.63, 1141.89
1772.06, 1141.86
1772.49, 1141.84
1772.92, 1141.81
1773.35, 1141.78
1773.78, 1141.75
1774.21, 1141.72
1774.64, 1141.7
1775.07, 1141.67
1775.5, 1141.64
1775.93, 1141.61
1776.36, 1141.58
1776.79, 1141.56
1777.22, 1141.53
1777.65, 1141.5
1778.08, 1141.47
1778.51, 1141.44
1778.94, 1141.42
1779.37, 1141.39
1779.8, 1141.36
1780.23, 1141.33
1780.66, 1141.3
1781.09, 1141.28
1781.52, 1141.25
1781.94, 1141.22
1782.38, 1141.19
1782.81, 1141.16
1783.23, 1141.13
1783.66, 1141.11
1784.09, 1141.08
1784.52, 1141.05

waypoints
x, y
1757.93, 1142.74
1758.36, 1142.71
1758.79, 1142.69
1759.22, 1142.66
1759.65, 1142.64
1760.08, 1142.62
1760.51, 1142.59
1760.94, 1142.57
1761.37, 1142.54
1761.8, 1142.52
1762.23, 1142.49
1762.66, 1142.47
1763.09, 1142.44
1763.52, 1142.42
1763.9, 1142.4
1764.33, 1142.37
1764.76, 1142.34
1765.19, 1142.31
1765.62, 1142.29
1766.05, 1142.26
1766.48, 1142.23
1766.91, 1142.2
1767.34, 1142.17
1767.77, 1142.14
1768.2, 1142.12
1768.63, 1142.09
1769.06, 1142.06
1769.48, 1142.03
1769.91, 1142.01
1770.35, 1141.98
1770.77, 1141.95
1771.2, 1141.92
1771.63, 1141.89
1772.06, 1141.86
1772.49, 1141.84
1772.92, 1141.81
1773.35, 1141.78
1773.78, 1141.75
1774.21, 1141.72
1774.64, 1141.7
1775.07, 1141.67
1775.5, 1141.64
1775.93, 1141.61
1776.36, 1141.58
1776.79, 1141.56
1777.22, 1141.53
1777.65, 1141.5
1778.08, 1141.47
1778.51, 1141.44
1778.94, 1141.42
1779.37, 1141.39
1779.8, 1141.36
1780.23, 1141.33
1780.66, 1141.3
1781.09, 1141.28
1781.52, 1141.25
1781.94, 1141.22
1782.38, 1141.19
1782.81, 1141.16
1783.23, 1141.13
1783.66, 1141.11
1784.09, 1141.08
1784.52, 1141.05

waypoints
x, y
1759.22, 1142.66
1759.65, 1142.64
1760.08, 1142.62
1760.51, 1142.59
1760.94, 1142.57
1761.37, 1142.54
1761.8, 1142.52
1762.23, 1142.49
1762.66, 1142.47
1763.09, 1142.44
1763.52, 1142.42
1763.9, 1142.4
1764.33, 1142.37
1764.76, 1142.34
1765.19, 1142.31
1765.62, 1142.29
1766.05, 1142.26
1766.48, 1142.23
1766.91, 1142.2
1767.34, 1142.17
1767.77, 1142.14
1768.2, 1142.12
1768.63, 1142.09
1769.06, 1142.06
1769.48, 1142.03
1769.91, 1142.01
1770.35, 1141.98
1770.77, 1141.95
1771.2, 1141.92
1771.63, 1141.89
1772.06, 1141.86
1772.49, 1141.84
1772.92, 1141.81
1773.35, 1141.78
1773.78, 1141.75
1774.21, 1141.72
1774.64, 1141.7
1775.07, 1141.67
1775.5, 1141.64
1775.93, 1141.61
1776.36, 1141.58
1776.79, 1141.56
1777.22, 1141.53
1777.65, 1141.5
1778.08, 1141.47
1778.51, 1141.44
1778.94, 1141.42
1779.37, 1141.39
1779.8, 1141.36
1780.23, 1141.33
1780.66, 1141.3
1781.09, 1141.28
1781.52, 1141.25
1781.94, 1141.22
1782.38, 1141.19
1782.81, 1141.16
1783.23, 1141.13
1783.66, 1141.11
1784.09, 1141.08
1784.52, 1141.05

waypoints
x, y
1760.51, 1142.59
1760.94, 1142.57
1761.37, 1142.54
1761.8, 1142.52
1762.23, 1142.49
1762.66, 1142.47
1763.09, 1142.44
1763.52, 1142.42
1763.9, 1142.4
1764.33, 1142.37
1764.76, 1142.34
1765.19, 1142.31
1765.62, 1142.29
1766.05, 1142.26
1766.48, 1142.23
1766.91, 1142.2
1767.34, 1142.17
1767.77, 1142.14
1768.2, 1142.12
1768.63, 1142.09
1769.06, 1142.06
1769.48, 1142.03
1769.91, 1142.01
1770.35, 1141.98
1770.77, 1141.95
1771.2, 1141.92
1771.63, 1141.89
1772.06, 1141.86
1772.49, 1141.84
1772.92, 1141.81
1773.35, 1141.78
1773.78, 1141.75
1774.21, 1141.72
1774.64, 1141.7
1775.07, 1141.67
1775.5, 1141.64
1775.93, 1141.61
1776.36, 1141.58
1776.79, 1141.56
1777.22, 1141.53
1777.65, 1141.5
1778.08, 1141.47
1778.51, 1141.44
1778.94, 1141.42
1779.37, 1141.39
1779.8, 1141.36
1780.23, 1141.33
1780.66, 1141.3
1781.09, 1141.28
1781.52, 1141.25
1781.94, 1141.22
1782.38, 1141.19
1782.81, 1141.16
1783.23, 1141.13
1783.66, 1141.11
1784.09, 1141.08
1784.52, 1141.05

waypoints
x, y
1762.23, 1142.49
1762.66, 1142.47
1763.09, 1142.44
1763.52, 1142.42
1763.9, 1142.4
1764.33, 1142.37
1764.76, 1142.34
1765.19, 1142.31
1765.62, 1142.29
1766.05, 1142.26
1766.48, 1142.23
1766.91, 1142.2
1767.34, 1142.17
1767.77, 1142.14
1768.2, 1142.12
1768.63, 1142.09
1769.06, 1142.06
1769.48, 1142.03
1769.91, 1142.01
1770.35, 1141.98
1770.77, 1141.95
1771.2, 1141.92
1771.63, 1141.89
1772.06, 1141.86
1772.49, 1141.84
1772.92, 1141.81
1773.35, 1141.78
1773.78, 1141.75
1774.21, 1141.72
1774.64, 1141.7
1775.07, 1141.67
1775.5, 1141.64
1775.93, 1141.61
1776.36, 1141.58
1776.79, 1141.56
1777.22, 1141.53
1777.65, 1141.5
1778.08, 1141.47
1778.51, 1141.44
1778.94, 1141.42
1779.37, 1141.39
1779.8, 1141.36
1780.23, 1141.33
1780.66, 1141.3
1781.09, 1141.28
1781.52, 1141.25
1781.94, 1141.22
1782.38, 1141.19
1782.81, 1141.16
1783.23, 1141.13
1783.66, 1141.11
1784.09, 1141.08
1784.52, 1141.05

waypoints
x, y
1763.9, 1142.4
1764.33, 1142.37
1764.76, 1142.34
1765.19, 1142.31
1765.62, 1142.29
1766.05, 1142.26
1766.48, 1142.23
1766.91, 1142.2
1767.34, 1142.17
1767.77, 1142.14
1768.2, 1142.12
1768.63, 1142.09
1769.06, 1142.06
1769.48, 1142.03
1769.91, 1142.01
1770.35, 1141.98
1770.77, 1141.95
1771.2, 1141.92
1771.63, 1141.89
1772.06, 1141.86
1772.49, 1141.84
1772.92, 1141.81
1773.35, 1141.78
1773.78, 1141.75
1774.21, 1141.72
1774.64, 1141.7
1775.07, 1141.67
1775.5, 1141.64
1775.93, 1141.61
1776.36, 1141.58
1776.79, 1141.56
1777.22, 1141.53
1777.65, 1141.5
1778.08, 1141.47
1778.51, 1141.44
1778.94, 1141.42
1779.37, 1141.39
1779.8, 1141.36
1780.23, 1141.33
1780.66, 1141.3
1781.09, 1141.28
1781.52, 1141.25
1781.94, 1141.22
1782.38, 1141.19
1782.81, 1141.16
1783.23, 1141.13
1783.66, 1141.11
1784.09, 1141.08
1784.52, 1141.05
1784.95, 1141.02
1785.38, 1141
1785.81, 1140.97
1786.24, 1140.94
1786.67, 1140.91
1787.1, 1140.88
1787.53, 1140.86
1787.96, 1140.83
1788.39, 1140.8
1788.82, 1140.77
1789.25, 1140.74
1789.68, 1140.71
1790.11, 1140.69
1790.54, 1140.66
1790.97, 1140.63
1791.4, 1140.6
1792.09, 1140.57
1792.52, 1140.56
1792.95, 1140.55
1793.38, 1140.54
1793.82, 1140.53
1794.25, 1140.52
1794.68, 1140.52
1795.11, 1140.51
1795.54, 1140.5
1795.97, 1140.49
1796.4, 1140.48
1796.83, 1140.47
1797.26, 1140.46
1797.69, 1140.45
1798.12, 1140.44
1798.55, 1140.44
1798.98, 1140.43
1799.41, 1140.42
1799.84, 1140.41
1800.27, 1140.4
1800.7, 1140.39
1801.13, 1140.38
1801.56, 1140.37
1801.99, 1140.36
1802.42, 1140.35
1802.86, 1140.35
1803.29, 1140.34
1803.72, 1140.33
1804.15, 1140.32
1804.58, 1140.31
1805.01, 1140.3
1805.44, 1140.29
1805.87, 1140.28

waypoints
x, y
1765.62, 1142.29
1766.05, 1142.26
1766.48, 1142.23
1766.91, 1142.2
1767.34, 1142.17
1767.77, 1142.14
1768.2, 1142.12
1768.63, 1142.09
1769.06, 1142.06
1769.48, 1142.03
1769.91, 1142.01
1770.35, 1141.98
1770.77, 1141.95
1771.2, 1141.92
1771.63, 1141.89
1772.06, 1141.86
1772.49, 1141.84
1772.92, 1141.81
1773.35, 1141.78
1773.78, 1141.75
1774.21, 1141.72
1774.64, 1141.7
1775.07, 1141.67
1775.5, 1141.64
1775.93, 1141.61
1776.36, 1141.58
1776.79, 1141.56
1777.22, 1141.53
1777.65, 1141.5
1778.08, 1141.47
1778.51, 1141.44
1778.94, 1141.42
1779.37, 1141.39
1779.8, 1141.36
1780.23, 1141.33
1780.66, 1141.3
1781.09, 1141.28
1781.52, 1141.25
1781.94, 1141.22
1782.38, 1141.19
1782.81, 1141.16
1783.23, 1141.13
1783.66, 1141.11
1784.09, 1141.08
1784.52, 1141.05
1784.95, 1141.02
1785.38, 1140.99
1785.81, 1140.97
1786.24, 1140.94
1786.67, 1140.91
1787.1, 1140.88
1787.53, 1140.86
1787.96, 1140.83
1788.39, 1140.8
1788.82, 1140.77
1789.25, 1140.74
1789.68, 1140.71
1790.11, 1140.69
1790.54, 1140.66
1790.97, 1140.63
1791.4, 1140.6
1792.09, 1140.57
1792.52, 1140.56
1792.95, 1140.55
1793.38, 1140.54
1793.82, 1140.53
1794.25, 1140.52
1794.68, 1140.52
1795.11, 1140.51
1795.54, 1140.5
1795.97, 1140.49
1796.4, 1140.48
1796.83, 1140.47
1797.26, 1140.46
1797.69, 1140.45
1798.12, 1140.44
1798.55, 1140.43
1798.98, 1140.43
1799.41, 1140.42
1799.84, 1140.41
1800.27, 1140.4
1800.7, 1140.39
1801.13, 1140.38
1801.56, 1140.37
1801.99, 1140.36
1802.42, 1140.36
1802.86, 1140.35
1803.29, 1140.34
1803.72, 1140.33
1804.15, 1140.32
1804.58, 1140.31
1805.01, 1140.3
1805.44, 1140.29
1805.87, 1140.28

waypoints
x, y
1767.77, 1142.14
1768.2, 1142.12
1768.63, 1142.09
1769.06, 1142.06
1769.48, 1142.03
1769.91, 1142.01
1770.35, 1141.98
1770.77, 1141.95
1771.2, 1141.92
1771.63, 1141.89
1772.06, 1141.86
1772.49, 1141.84
1772.92, 1141.81
1773.35, 1141.78
1773.78, 1141.75
1774.21, 1141.72
1774.64, 1141.7
1775.07, 1141.67
1775.5, 1141.64
1775.93, 1141.61
1776.36, 1141.58
1776.79, 1141.56
1777.22, 1141.53
1777.65, 1141.5
1778.08, 1141.47
1778.51, 1141.44
1778.94, 1141.42
1779.37, 1141.39
1779.8, 1141.36
1780.23, 1141.33
1780.66, 1141.3
1781.09, 1141.28
1781.52, 1141.25
1781.94, 1141.22
1782.38, 1141.19
1782.81, 1141.16
1783.23, 1141.13
1783.66, 1141.11
1784.09, 1141.08
1784.52, 1141.05
1784.95, 1141.02
1785.38, 1140.99
1785.81, 1140.97
1786.24, 1140.94
1786.67, 1140.91
1787.1, 1140.88
1787.53, 1140.86
1787.96, 1140.83
1788.39, 1140.8
1788.82, 1140.77
1789.25, 1140.74
1789.68, 1140.71
1790.11, 1140.69
1790.54, 1140.66
1790.97, 1140.63
1791.4, 1140.6
1792.09, 1140.57
1792.52, 1140.56
1792.95, 1140.55
1793.38, 1140.54
1793.82, 1140.53
1794.25, 1140.52
1794.68, 1140.52
1795.11, 1140.51
1795.54, 1140.5
1795.97, 1140.49
1796.4, 1140.48
1796.83, 1140.47
1797.26, 1140.46
1797.69, 1140.45
1798.12, 1140.44
1798.55, 1140.43
1798.98, 1140.43
1799.41, 1140.42
1799.84, 1140.41
1800.27, 1140.4
1800.7, 1140.39
1801.13, 1140.38
1801.56, 1140.37
1801.99, 1140.36
1802.42, 1140.36
1802.86, 1140.35
1803.29, 1140.34
1803.72, 1140.33
1804.15, 1140.32
1804.58, 1140.31
1805.01, 1140.3
1805.44, 1140.29
1805.87, 1140.28

waypoints
x, y
1769.06, 1142.06
1769.48, 1142.03
1769.91, 1142.01
1770.35, 1141.98
1770.77, 1141.95
1771.2, 1141.92
1771.63, 1141.89
1772.06, 1141.86
1772.49, 1141.84
1772.92, 1141.81
1773.35, 1141.78
1773.78, 1141.75
1774.21, 1141.72
1774.64, 1141.7
1775.07, 1141.67
1775.5, 1141.64
1775.93, 1141.61
1776.36, 1141.58
1776.79, 1141.56
1777.22, 1141.53
1777.65, 1141.5
1778.08, 1141.47
1778.51, 1141.44
1778.94, 1141.42
1779.37, 1141.39
1779.8, 1141.36
1780.23, 1141.33
1780.66, 1141.3
1781.09, 1141.28
1781.52, 1141.25
1781.94, 1141.22
1782.38, 1141.19
1782.81, 1141.16
1783.23, 1141.13
1783.66, 1141.11
1784.09, 1141.08
1784.52, 1141.05
1784.95, 1141.02
1785.38, 1140.99
1785.81, 1140.97
1786.24, 1140.94
1786.67, 1140.91
1787.1, 1140.88
1787.53, 1140.86
1787.96, 1140.83
1788.39, 1140.8
1788.82, 1140.77
1789.25, 1140.74
1789.68, 1140.71
1790.11, 1140.69
1790.54, 1140.66
1790.97, 1140.63
1791.4, 1140.6
1792.09, 1140.57
1792.52, 1140.56
1792.95, 1140.55
1793.38, 1140.54
1793.82, 1140.53
1794.25, 1140.52
1794.68, 1140.52
1795.11, 1140.51
1795.54, 1140.5
1795.97, 1140.49
1796.4, 1140.48
1796.83, 1140.47
1797.26, 1140.46
1797.69, 1140.45
1798.12, 1140.44
1798.55, 1140.43
1798.98, 1140.43
1799.41, 1140.42
1799.84, 1140.41
1800.27, 1140.4
1800.7, 1140.39
1801.13, 1140.38
1801.56, 1140.37
1801.99, 1140.36
1802.42, 1140.36
1802.86, 1140.35
1803.29, 1140.34
1803.72, 1140.33
1804.15, 1140.32
1804.58, 1140.31
1805.01, 1140.3
1805.44, 1140.29
1805.87, 1140.28

waypoints
x, y
1771.2, 1141.92
1771.63, 1141.89
1772.06, 1141.86
1772.49, 1141.84
1772.92, 1141.81
1773.35, 1141.78
1773.78, 1141.75
1774.21, 1141.72
1774.64, 1141.7
1775.07, 1141.67
1775.5, 1141.64
1775.93, 1141.61
1776.36, 1141.58
1776.79, 1141.56
1777.22, 1141.53
1777.65, 1141.5
1778.08, 1141.47
1778.51, 1141.44
1778.94, 1141.42
1779.37, 1141.39
1779.8, 1141.36
1780.23, 1141.33
1780.66, 1141.3
1781.09, 1141.28
1781.52, 1141.25
1781.94, 1141.22
1782.38, 1141.19
1782.81, 1141.16
1783.23, 1141.13
1783.66, 1141.11
1784.09, 1141.08
1784.52, 1141.05
1784.95, 1141.02
1785.38, 1140.99
1785.81, 1140.97
1786.24, 1140.94
1786.67, 1140.91
1787.1, 1140.88
1787.53, 1140.86
1787.96, 1140.83
1788.39, 1140.8
1788.82, 1140.77
1789.25, 1140.74
1789.68, 1140.71
1790.11, 1140.69
1790.54, 1140.66
1790.97, 1140.63
1791.4, 1140.6
1792.09, 1140.57
1792.52, 1140.56
1792.95, 1140.55
1793.38, 1140.54
1793.82, 1140.53
1794.25, 1140.52
1794.68, 1140.52
1795.11, 1140.51
1795.54, 1140.5
1795.97, 1140.49
1796.4, 1140.48
1796.83, 1140.47
1797.26, 1140.46
1797.69, 1140.45
1798.12, 1140.44
1798.55, 1140.43
1798.98, 1140.43
1799.41, 1140.42
1799.84, 1140.41
1800.27, 1140.4
1800.7, 1140.39
1801.13, 1140.38
1801.56, 1140.37
1801.99, 1140.36
1802.42, 1140.36
1802.86, 1140.35
1803.29, 1140.34
1803.72, 1140.33
1804.15, 1140.32
1804.58, 1140.31
1805.01, 1140.3
1805.44, 1140.29
1805.87, 1140.28

waypoints
x, y
1772.92, 1141.81
1773.35, 1141.78
1773.78, 1141.75
1774.21, 1141.72
1774.64, 1141.7
1775.07, 1141.67
1775.5, 1141.64
1775.93, 1141.61
1776.36, 1141.58
1776.79, 1141.56
1777.22, 1141.53
1777.65, 1141.5
1778.08, 1141.47
1778.51, 1141.44
1778.94, 1141.42
1779.37, 1141.39
1779.8, 1141.36
1780.23, 1141.33
1780.66, 1141.3
1781.09, 1141.28
1781.52, 1141.25
1781.94, 1141.22
1782.38, 1141.19
1782.81, 1141.16
1783.23, 1141.13
1783.66, 1141.11
1784.09, 1141.08
1784.52, 1141.05
1784.95, 1141.02
1785.38, 1140.99
1785.81, 1140.97
1786.24, 1140.94
1786.67, 1140.91
1787.1, 1140.88
1787.53, 1140.86
1787.96, 1140.83
1788.39, 1140.8
1788.82, 1140.77
1789.25, 1140.74
1789.68, 1140.71
1790.11, 1140.69
1790.54, 1140.66
1790.97, 1140.63
1791.4, 1140.6
1792.09, 1140.57
1792.52, 1140.56
1792.95, 1140.55
1793.38, 1140.54
1793.82, 1140.53
1794.25, 1140.52
1794.68, 1140.52
1795.11, 1140.51
1795.54, 1140.5
1795.97, 1140.49
1796.4, 1140.48
1796.83, 1140.47
1797.26, 1140.46
1797.69, 1140.45
1798.12, 1140.44
1798.55, 1140.43
1798.98, 1140.43
1799.41, 1140.42
1799.84, 1140.41
1800.27, 1140.4
1800.7, 1140.39
1801.13, 1140.38
1801.56, 1140.37
1801.99, 1140.36
1802.42, 1140.36
1802.86, 1140.35
1803.29, 1140.34
1803.72, 1140.33
1804.15, 1140.32
1804.58, 1140.31
1805.01, 1140.3
1805.44, 1140.29
1805.87, 1140.28

waypoints
x, y
1774.64, 1141.7
1775.07, 1141.67
1775.5, 1141.64
1775.93, 1141.61
1776.36, 1141.58
1776.79, 1141.56
1777.22, 1141.53
1777.65, 1141.5
1778.08, 1141.47
1778.51, 1141.44
1778.94, 1141.42
1779.37, 1141.39
1779.8, 1141.36
1780.23, 1141.33
1780.66, 1141.3
1781.09, 1141.28
1781.52, 1141.25
1781.94, 1141.22
1782.38, 1141.19
1782.81, 1141.16
1783.23, 1141.13
1783.66, 1141.11
1784.09, 1141.08
1784.52, 1141.05
1784.95, 1141.02
1785.38, 1140.99
1785.81, 1140.97
1786.24, 1140.94
1786.67, 1140.91
1787.1, 1140.88
1787.53, 1140.86
1787.96, 1140.83
1788.39, 1140.8
1788.82, 1140.77
1789.25, 1140.74
1789.68, 1140.71
1790.11, 1140.69
1790.54, 1140.66
1790.97, 1140.63
1791.4, 1140.6
1792.09, 1140.57
1792.52, 1140.56
1792.95, 1140.55
1793.38, 1140.54
1793.82, 1140.53
1794.25, 1140.52
1794.68, 1140.52
1795.11, 1140.51
1795.54, 1140.5
1795.97, 1140.49
1796.4, 1140.48
1796.83, 1140.47
1797.26, 1140.46
1797.69, 1140.45
1798.12, 1140.44
1798.55, 1140.43
1798.98, 1140.43
1799.41, 1140.42
1799.84, 1140.41
1800.27, 1140.4
1800.7, 1140.39
1801.13, 1140.38
1801.56, 1140.37
1801.99, 1140.36
1802.42, 1140.36
1802.86, 1140.35
1803.29, 1140.34
1803.72, 1140.33
1804.15, 1140.32
1804.58, 1140.31
1805.01, 1140.3
1805.44, 1140.29
1805.87, 1140.28

waypoints
x, y
1776.36, 1141.58
1776.79, 1141.56
1777.22, 1141.53
1777.65, 1141.5
1778.08, 1141.47
1778.51, 1141.44
1778.94, 1141.42
1779.37, 1141.39
1779.8, 1141.36
1780.23, 1141.33
1780.66, 1141.3
1781.09, 1141.28
1781.52, 1141.25
1781.94, 1141.22
1782.38, 1141.19
1782.81, 1141.16
1783.23, 1141.13
1783.66, 1141.11
1784.09, 1141.08
1784.52, 1141.05
1784.95, 1141.02
1785.38, 1140.99
1785.81, 1140.97
1786.24, 1140.94
1786.67, 1140.91
1787.1, 1140.88
1787.53, 1140.86
1787.96, 1140.83
1788.39, 1140.8
1788.82, 1140.77
1789.25, 1140.74
1789.68, 1140.71
1790.11, 1140.69
1790.54, 1140.66
1790.97, 1140.63
1791.4, 1140.6
1792.09, 1140.57
1792.52, 1140.56
1792.95, 1140.55
1793.38, 1140.54
1793.82, 1140.53
1794.25, 1140.52
1794.68, 1140.52
1795.11, 1140.51
1795.54, 1140.5
1795.97, 1140.49
1796.4, 1140.48
1796.83, 1140.47
1797.26, 1140.46
1797.69, 1140.45
1798.12, 1140.44
1798.55, 1140.43
1798.98, 1140.43
1799.41, 1140.42
1799.84, 1140.41
1800.27, 1140.4
1800.7, 1140.39
1801.13, 1140.38
1801.56, 1140.37
1801.99, 1140.36
1802.42, 1140.36
1802.86, 1140.35
1803.29, 1140.34
1803.72, 1140.33
1804.15, 1140.32
1804.58, 1140.31
1805.01, 1140.3
1805.44, 1140.29
1805.87, 1140.28

waypoints
x, y
1778.08, 1141.47
1778.51, 1141.44
1778.94, 1141.42
1779.37, 1141.39
1779.8, 1141.36
1780.23, 1141.33
1780.66, 1141.3
1781.09, 1141.28
1781.52, 1141.25
1781.94, 1141.22
1782.38, 1141.19
1782.81, 1141.16
1783.23, 1141.13
1783.66, 1141.11
1784.09, 1141.08
1784.52, 1141.05
1784.95, 1141.02
1785.38, 1140.99
1785.81, 1140.97
1786.24, 1140.94
1786.67, 1140.91
1787.1, 1140.88
1787.53, 1140.86
1787.96, 1140.83
1788.39, 1140.8
1788.82, 1140.77
1789.25, 1140.74
1789.68, 1140.71
1790.11, 1140.69
1790.54, 1140.66
1790.97, 1140.63
1791.4, 1140.6
1792.09, 1140.57
1792.52, 1140.56
1792.95, 1140.55
1793.38, 1140.54
1793.82, 1140.53
1794.25, 1140.52
1794.68, 1140.52
1795.11, 1140.51
1795.54, 1140.5
1795.97, 1140.49
1796.4, 1140.48
1796.83, 1140.47
1797.26, 1140.46
1797.69, 1140.45
1798.12, 1140.44
1798.55, 1140.43
1798.98, 1140.43
1799.41, 1140.42
1799.84, 1140.41
1800.27, 1140.4
1800.7, 1140.39
1801.13, 1140.38
1801.56, 1140.37
1801.99, 1140.36
1802.42, 1140.36
1802.86, 1140.35
1803.29, 1140.34
1803.72, 1140.33
1804.15, 1140.32
1804.58, 1140.31
1805.01, 1140.3
1805.44, 1140.29
1805.87, 1140.28

waypoints
x, y
1779.8, 1141.36
1780.23, 1141.33
1780.66, 1141.3
1781.09, 1141.28
1781.52, 1141.25
1781.94, 1141.22
1782.38, 1141.19
1782.81, 1141.16
1783.23, 1141.13
1783.66, 1141.11
1784.09, 1141.08
1784.52, 1141.05
1784.95, 1141.02
1785.38, 1140.99
1785.81, 1140.97
1786.24, 1140.94
1786.67, 1140.91
1787.1, 1140.88
1787.53, 1140.86
1787.96, 1140.83
1788.39, 1140.8
1788.82, 1140.77
1789.25, 1140.74
1789.68, 1140.71
1790.11, 1140.69
1790.54, 1140.66
1790.97, 1140.63
1791.4, 1140.6
1792.09, 1140.57
1792.52, 1140.56
1792.95, 1140.55
1793.38, 1140.54
1793.82, 1140.53
1794.25, 1140.52
1794.68, 1140.52
1795.11, 1140.51
1795.54, 1140.5
1795.97, 1140.49
1796.4, 1140.48
1796.83, 1140.47
1797.26, 1140.46
1797.69, 1140.45
1798.12, 1140.44
1798.55, 1140.43
1798.98, 1140.43
1799.41, 1140.42
1799.84, 1140.41
1800.27, 1140.4
1800.7, 1140.39
1801.13, 1140.38
1801.56, 1140.37
1801.99, 1140.36
1802.42, 1140.36
1802.86, 1140.35
1803.29, 1140.34
1803.72, 1140.33
1804.15, 1140.32
1804.58, 1140.31
1805.01, 1140.3
1805.44, 1140.29
1805.87, 1140.28

waypoints
x, y
1781.09, 1141.28
1781.52, 1141.25
1781.94, 1141.22
1782.38, 1141.19
1782.81, 1141.16
1783.23, 1141.13
1783.66, 1141.11
1784.09, 1141.08
1784.52, 1141.05
1784.95, 1141.02
1785.38, 1140.99
1785.81, 1140.97
1786.24, 1140.94
1786.67, 1140.91
1787.1, 1140.88
1787.53, 1140.86
1787.96, 1140.83
1788.39, 1140.8
1788.82, 1140.77
1789.25, 1140.74
1789.68, 1140.71
1790.11, 1140.69
1790.54, 1140.66
1790.97, 1140.63
1791.4, 1140.6
1792.09, 1140.57
1792.52, 1140.56
1792.95, 1140.55
1793.38, 1140.54
1793.82, 1140.53
1794.25, 1140.52
1794.68, 1140.52
1795.11, 1140.51
1795.54, 1140.5
1795.97, 1140.49
1796.4, 1140.48
1796.83, 1140.47
1797.26, 1140.46
1797.69, 1140.45
1798.12, 1140.44
1798.55, 1140.43
1798.98, 1140.43
1799.41, 1140.42
1799.84, 1140.41
1800.27, 1140.4
1800.7, 1140.39
1801.13, 1140.38
1801.56, 1140.37
1801.99, 1140.36
1802.42, 1140.36
1802.86, 1140.35
1803.29, 1140.34
1803.72, 1140.33
1804.15, 1140.32
1804.58, 1140.31
1805.01, 1140.3
1805.44, 1140.29
1805.87, 1140.28

waypoints
x, y
1782.81, 1141.16
1783.23, 1141.13
1783.66, 1141.11
1784.09, 1141.08
1784.52, 1141.05
1784.95, 1141.02
1785.38, 1140.99
1785.81, 1140.97
1786.24, 1140.94
1786.67, 1140.91
1787.1, 1140.88
1787.53, 1140.86
1787.96, 1140.83
1788.39, 1140.8
1788.82, 1140.77
1789.25, 1140.74
1789.68, 1140.71
1790.11, 1140.69
1790.54, 1140.66
1790.97, 1140.63
1791.4, 1140.6
1792.09, 1140.57
1792.52, 1140.56
1792.95, 1140.55
1793.38, 1140.54
1793.82, 1140.53
1794.25, 1140.52
1794.68, 1140.52
1795.11, 1140.51
1795.54, 1140.5
1795.97, 1140.49
1796.4, 1140.48
1796.83, 1140.47
1797.26, 1140.46
1797.69, 1140.45
1798.12, 1140.44
1798.55, 1140.43
1798.98, 1140.43
1799.41, 1140.42
1799.84, 1140.41
1800.27, 1140.4
1800.7, 1140.39
1801.13, 1140.38
1801.56, 1140.37
1801.99, 1140.36
1802.42, 1140.36
1802.86, 1140.35
1803.29, 1140.34
1803.72, 1140.33
1804.15, 1140.32
1804.58, 1140.31
1805.01, 1140.3
1805.44, 1140.29
1805.87, 1140.28

waypoints
x, y
1784.09, 1141.08
1784.52, 1141.05
1784.95, 1141.02
1785.38, 1140.99
1785.81, 1140.97
1786.24, 1140.94
1786.67, 1140.91
1787.1, 1140.88
1787.53, 1140.86
1787.96, 1140.83
1788.39, 1140.8
1788.82, 1140.77
1789.25, 1140.74
1789.68, 1140.71
1790.11, 1140.69
1790.54, 1140.66
1790.97, 1140.63
1791.4, 1140.6
1792.09, 1140.57
1792.52, 1140.56
1792.95, 1140.55
1793.38, 1140.54
1793.82, 1140.53
1794.25, 1140.52
1794.68, 1140.52
1795.11, 1140.51
1795.54, 1140.5
1795.97, 1140.49
1796.4, 1140.48
1796.83, 1140.47
1797.26, 1140.46
1797.69, 1140.45
1798.12, 1140.44
1798.55, 1140.43
1798.98, 1140.43
1799.41, 1140.42
1799.84, 1140.41
1800.27, 1140.4
1800.7, 1140.39
1801.13, 1140.38
1801.56, 1140.37
1801.99, 1140.36
1802.42, 1140.36
1802.86, 1140.35
1803.29, 1140.34
1803.72, 1140.33
1804.15, 1140.32
1804.58, 1140.31
1805.01, 1140.3
1805.44, 1140.29
1805.87, 1140.28

waypoints
x, y
1785.81, 1140.97
1786.24, 1140.94
1786.67, 1140.91
1787.1, 1140.88
1787.53, 1140.86
1787.96, 1140.83
1788.39, 1140.8
1788.82, 1140.77
1789.25, 1140.74
1789.68, 1140.71
1790.11, 1140.69
1790.54, 1140.66
1790.97, 1140.63
1791.4, 1140.6
1792.09, 1140.57
1792.52, 1140.56
1792.95, 1140.55
1793.38, 1140.54
1793.82, 1140.53
1794.25, 1140.52
1794.68, 1140.52
1795.11, 1140.51
1795.54, 1140.5
1795.97, 1140.49
1796.4, 1140.48
1796.83, 1140.47
1797.26, 1140.46
1797.69, 1140.45
1798.12, 1140.44
1798.55, 1140.43
1798.98, 1140.43
1799.41, 1140.42
1799.84, 1140.41
1800.27, 1140.4
1800.7, 1140.39
1801.13, 1140.38
1801.56, 1140.37
1801.99, 1140.36
1802.42, 1140.36
1802.86, 1140.35
1803.29, 1140.34
1803.72, 1140.33
1804.15, 1140.32
1804.58, 1140.31
1805.01, 1140.3
1805.44, 1140.29
1805.87, 1140.28
1806.3, 1140.28
1806.73, 1140.27
1807.16, 1140.26
1807.59, 1140.25
1808.02, 1140.24
1808.45, 1140.23
1808.88, 1140.22
1809.31, 1140.21
1809.74, 1140.2
1810.17, 1140.2
1810.6, 1140.19
1811.03, 1140.18
1811.46, 1140.17
1811.89, 1140.16
1812.32, 1140.15
1812.75, 1140.14
1813.18, 1140.13
1813.61, 1140.12
1814.04, 1140.11
1814.47, 1140.11
1814.9, 1140.1
1815.33, 1140.09
1815.76, 1140.08
1816.19, 1140.07
1816.62, 1140.06
1817.06, 1140.05
1817.49, 1140.04
1817.92, 1140.03
1818.35, 1140.03
1818.78, 1140.02
1819.21, 1140.01
1819.64, 1140
1820.07, 1139.99
1820.5, 1139.98
1821.64, 1140.04
1822.07, 1140.08
1822.5, 1140.13
1822.93, 1140.17
1823.35, 1140.21
1823.78, 1140.25
1824.21, 1140.29
1824.64, 1140.33
1825.07, 1140.38
1825.5, 1140.42
1825.93, 1140.46
1826.35, 1140.5
1826.78, 1140.54
1827.21, 1140.59
1827.64, 1140.63

waypoints
x, y
1787.53, 1140.86
1787.96, 1140.83
1788.39, 1140.8
1788.82, 1140.77
1789.25, 1140.74
1789.68, 1140.71
1790.11, 1140.69
1790.54, 1140.66
1790.97, 1140.63
1791.4, 1140.6
1792.09, 1140.57
1792.52, 1140.56
1792.95, 1140.55
1793.38, 1140.54
1793.82, 1140.53
1794.25, 1140.52
1794.68, 1140.52
1795.11, 1140.51
1795.54, 1140.5
1795.97, 1140.49
1796.4, 1140.48
1796.83, 1140.47
1797.26, 1140.46
1797.69, 1140.45
1798.12, 1140.44
1798.55, 1140.43
1798.98, 1140.43
1799.41, 1140.42
1799.84, 1140.41
1800.27, 1140.4
1800.7, 1140.39
1801.13, 1140.38
1801.56, 1140.37
1801.99, 1140.36
1802.42, 1140.36
1802.86, 1140.35
1803.29, 1140.34
1803.72, 1140.33
1804.15, 1140.32
1804.58, 1140.31
1805.01, 1140.3
1805.44, 1140.29
1805.87, 1140.28
1806.3, 1140.28
1806.73, 1140.27
1807.16, 1140.26
1807.59, 1140.25
1808.02, 1140.24
1808.45, 1140.23
1808.88, 1140.22
1809.31, 1140.21
1809.74, 1140.2
1810.17, 1140.19
1810.6, 1140.19
1811.03, 1140.18
1811.46, 1140.17
1811.89, 1140.16
1812.32, 1140.15
1812.75, 1140.14
1813.18, 1140.13
1813.61, 1140.12
1814.04, 1140.12
1814.47, 1140.11
1814.9, 1140.1
1815.33, 1140.09
1815.76, 1140.08
1816.19, 1140.07
1816.62, 1140.06
1817.06, 1140.05
1817.49, 1140.04
1817.92, 1140.03
1818.35, 1140.03
1818.78, 1140.02
1819.21, 1140.01
1819.64, 1140
1820.07, 1139.99
1820.5, 1139.98
1821.64, 1140.04
1822.07, 1140.08
1822.5, 1140.12
1822.92, 1140.17
1823.35, 1140.21
1823.78, 1140.25
1824.21, 1140.29
1824.64, 1140.33
1825.07, 1140.38
1825.5, 1140.42
1825.93, 1140.46
1826.36, 1140.5
1826.78, 1140.54
1827.21, 1140.59
1827.64, 1140.63

waypoints
x, y
1788.82, 1140.77
1789.25, 1140.74
1789.68, 1140.71
1790.11, 1140.69
1790.54, 1140.66
1790.97, 1140.63
1791.4, 1140.6
1792.09, 1140.57
1792.52, 1140.56
1792.95, 1140.55
1793.38, 1140.54
1793.82, 1140.53
1794.25, 1140.52
1794.68, 1140.52
1795.11, 1140.51
1795.54, 1140.5
1795.97, 1140.49
1796.4, 1140.48
1796.83, 1140.47
1797.26, 1140.46
1797.69, 1140.45
1798.12, 1140.44
1798.55, 1140.43
1798.98, 1140.43
1799.41, 1140.42
1799.84, 1140.41
1800.27, 1140.4
1800.7, 1140.39
1801.13, 1140.38
1801.56, 1140.37
1801.99, 1140.36
1802.42, 1140.36
1802.86, 1140.35
1803.29, 1140.34
1803.72, 1140.33
1804.15, 1140.32
1804.58, 1140.31
1805.01, 1140.3
1805.44, 1140.29
1805.87, 1140.28
1806.3, 1140.28
1806.73, 1140.27
1807.16, 1140.26
1807.59, 1140.25
1808.02, 1140.24
1808.45, 1140.23
1808.88, 1140.22
1809.31, 1140.21
1809.74, 1140.2
1810.17, 1140.19
1810.6, 1140.19
1811.03, 1140.18
1811.46, 1140.17
1811.89, 1140.16
1812.32, 1140.15
1812.75, 1140.14
1813.18, 1140.13
1813.61, 1140.12
1814.04, 1140.12
1814.47, 1140.11
1814.9, 1140.1
1815.33, 1140.09
1815.76, 1140.08
1816.19, 1140.07
1816.62, 1140.06
1817.06, 1140.05
1817.49, 1140.04
1817.92, 1140.03
1818.35, 1140.03
1818.78, 1140.02
1819.21, 1140.01
1819.64, 1140
1820.07, 1139.99
1820.5, 1139.98
1821.64, 1140.04
1822.07, 1140.08
1822.5, 1140.12
1822.92, 1140.17
1823.35, 1140.21
1823.78, 1140.25
1824.21, 1140.29
1824.64, 1140.33
1825.07, 1140.38
1825.5, 1140.42
1825.93, 1140.46
1826.36, 1140.5
1826.78, 1140.54
1827.21, 1140.59
1827.64, 1140.63

waypoints
x, y
1790.54, 1140.66
1790.97, 1140.63
1791.4, 1140.6
1792.09, 1140.57
1792.52, 1140.56
1792.95, 1140.55
1793.38, 1140.54
1793.82, 1140.53
1794.25, 1140.52
1794.68, 1140.52
1795.11, 1140.51
1795.54, 1140.5
1795.97, 1140.49
1796.4, 1140.48
1796.83, 1140.47
1797.26, 1140.46
1797.69, 1140.45
1798.12, 1140.44
1798.55, 1140.43
1798.98, 1140.43
1799.41, 1140.42
1799.84, 1140.41
1800.27, 1140.4
1800.7, 1140.39
1801.13, 1140.38
1801.56, 1140.37
1801.99, 1140.36
1802.42, 1140.36
1802.86, 1140.35
1803.29, 1140.34
1803.72, 1140.33
1804.15, 1140.32
1804.58, 1140.31
1805.01, 1140.3
1805.44, 1140.29
1805.87, 1140.28
1806.3, 1140.28
1806.73, 1140.27
1807.16, 1140.26
1807.59, 1140.25
1808.02, 1140.24
1808.45, 1140.23
1808.88, 1140.22
1809.31, 1140.21
1809.74, 1140.2
1810.17, 1140.19
1810.6, 1140.19
1811.03, 1140.18
1811.46, 1140.17
1811.89, 1140.16
1812.32, 1140.15
1812.75, 1140.14
1813.18, 1140.13
1813.61, 1140.12
1814.04, 1140.12
1814.47, 1140.11
1814.9, 1140.1
1815.33, 1140.09
1815.76, 1140.08
1816.19, 1140.07
1816.62, 1140.06
1817.06, 1140.05
1817.49, 1140.04
1817.92, 1140.03
1818.35, 1140.03
1818.78, 1140.02
1819.21, 1140.01
1819.64, 1140
1820.07, 1139.99
1820.5, 1139.98
1821.64, 1140.04
1822.07, 1140.08
1822.5, 1140.12
1822.92, 1140.17
1823.35, 1140.21
1823.78, 1140.25
1824.21, 1140.29
1824.64, 1140.33
1825.07, 1140.38
1825.5, 1140.42
1825.93, 1140.46
1826.36, 1140.5
1826.78, 1140.54
1827.21, 1140.59
1827.64, 1140.63

waypoints
x, y
1792.09, 1140.57
1792.52, 1140.56
1792.95, 1140.55
1793.38, 1140.54
1793.82, 1140.53
1794.25, 1140.52
1794.68, 1140.52
1795.11, 1140.51
1795.54, 1140.5
1795.97, 1140.49
1796.4, 1140.48
1796.83, 1140.47
1797.26, 1140.46
1797.69, 1140.45
1798.12, 1140.44
1798.55, 1140.43
1798.98, 1140.43
1799.41, 1140.42
1799.84, 1140.41
1800.27, 1140.4
1800.7, 1140.39
1801.13, 1140.38
1801.56, 1140.37
1801.99, 1140.36
1802.42, 1140.36
1802.86, 1140.35
1803.29, 1140.34
1803.72, 1140.33
1804.15, 1140.32
1804.58, 1140.31
1805.01, 1140.3
1805.44, 1140.29
1805.87, 1140.28
1806.3, 1140.28
1806.73, 1140.27
1807.16, 1140.26
1807.59, 1140.25
1808.02, 1140.24
1808.45, 1140.23
1808.88, 1140.22
1809.31, 1140.21
1809.74, 1140.2
1810.17, 1140.19
1810.6, 1140.19
1811.03, 1140.18
1811.46, 1140.17
1811.89, 1140.16
1812.32, 1140.15
1812.75, 1140.14
1813.18, 1140.13
1813.61, 1140.12
1814.04, 1140.12
1814.47, 1140.11
1814.9, 1140.1
1815.33, 1140.09
1815.76, 1140.08
1816.19, 1140.07
1816.62, 1140.06
1817.06, 1140.05
1817.49, 1140.04
1817.92, 1140.03
1818.35, 1140.03
1818.78, 1140.02
1819.21, 1140.01
1819.64, 1140
1820.07, 1139.99
1820.5, 1139.98
1821.64, 1140.04
1822.07, 1140.08
1822.5, 1140.12
1822.92, 1140.17
1823.35, 1140.21
1823.78, 1140.25
1824.21, 1140.29
1824.64, 1140.33
1825.07, 1140.38
1825.5, 1140.42
1825.93, 1140.46
1826.36, 1140.5
1826.78, 1140.54
1827.21, 1140.59
1827.64, 1140.63

waypoints
x, y
1793.82, 1140.53
1794.25, 1140.52
1794.68, 1140.52
1795.11, 1140.51
1795.54, 1140.5
1795.97, 1140.49
1796.4, 1140.48
1796.83, 1140.47
1797.26, 1140.46
1797.69, 1140.45
1798.12, 1140.44
1798.55, 1140.43
1798.98, 1140.43
1799.41, 1140.42
1799.84, 1140.41
1800.27, 1140.4
1800.7, 1140.39
1801.13, 1140.38
1801.56, 1140.37
1801.99, 1140.36
1802.42, 1140.36
1802.86, 1140.35
1803.29, 1140.34
1803.72, 1140.33
1804.15, 1140.32
1804.58, 1140.31
1805.01, 1140.3
1805.44, 1140.29
1805.87, 1140.28
1806.3, 1140.28
1806.73, 1140.27
1807.16, 1140.26
1807.59, 1140.25
1808.02, 1140.24
1808.45, 1140.23
1808.88, 1140.22
1809.31, 1140.21
1809.74, 1140.2
1810.17, 1140.19
1810.6, 1140.19
1811.03, 1140.18
1811.46, 1140.17
1811.89, 1140.16
1812.32, 1140.15
1812.75, 1140.14
1813.18, 1140.13
1813.61, 1140.12
1814.04, 1140.12
1814.47, 1140.11
1814.9, 1140.1
1815.33, 1140.09
1815.76, 1140.08
1816.19, 1140.07
1816.62, 1140.06
1817.06, 1140.05
1817.49, 1140.04
1817.92, 1140.03
1818.35, 1140.03
1818.78, 1140.02
1819.21, 1140.01
1819.64, 1140
1820.07, 1139.99
1820.5, 1139.98
1821.64, 1140.04
1822.07, 1140.08
1822.5, 1140.12
1822.92, 1140.17
1823.35, 1140.21
1823.78, 1140.25
1824.21, 1140.29
1824.64, 1140.33
1825.07, 1140.38
1825.5, 1140.42
1825.93, 1140.46
1826.36, 1140.5
1826.78, 1140.54
1827.21, 1140.59
1827.64, 1140.63

waypoints
x, y
1795.54, 1140.5
1795.97, 1140.49
1796.4, 1140.48
1796.83, 1140.47
1797.26, 1140.46
1797.69, 1140.45
1798.12, 1140.44
1798.55, 1140.43
1798.98, 1140.43
1799.41, 1140.42
1799.84, 1140.41
1800.27, 1140.4
1800.7, 1140.39
1801.13, 1140.38
1801.56, 1140.37
1801.99, 1140.36
1802.42, 1140.36
1802.86, 1140.35
1803.29, 1140.34
1803.72, 1140.33
1804.15, 1140.32
1804.58, 1140.31
1805.01, 1140.3
1805.44, 1140.29
1805.87, 1140.28
1806.3, 1140.28
1806.73, 1140.27
1807.16, 1140.26
1807.59, 1140.25
1808.02, 1140.24
1808.45, 1140.23
1808.88, 1140.22
1809.31, 1140.21
1809.74, 1140.2
1810.17, 1140.19
1810.6, 1140.19
1811.03, 1140.18
1811.46, 1140.17
1811.89, 1140.16
1812.32, 1140.15
1812.75, 1140.14
1813.18, 1140.13
1813.61, 1140.12
1814.04, 1140.12
1814.47, 1140.11
1814.9, 1140.1
1815.33, 1140.09
1815.76, 1140.08
1816.19, 1140.07
1816.62, 1140.06
1817.06, 1140.05
1817.49, 1140.04
1817.92, 1140.03
1818.35, 1140.03
1818.78, 1140.02
1819.21, 1140.01
1819.64, 1140
1820.07, 1139.99
1820.5, 1139.98
1821.64, 1140.04
1822.07, 1140.08
1822.5, 1140.12
1822.92, 1140.17
1823.35, 1140.21
1823.78, 1140.25
1824.21, 1140.29
1824.64, 1140.33
1825.07, 1140.38
1825.5, 1140.42
1825.93, 1140.46
1826.36, 1140.5
1826.78, 1140.54
1827.21, 1140.59
1827.64, 1140.63

waypoints
x, y
1797.26, 1140.46
1797.69, 1140.45
1798.12, 1140.44
1798.55, 1140.43
1798.98, 1140.43
1799.41, 1140.42
1799.84, 1140.41
1800.27, 1140.4
1800.7, 1140.39
1801.13, 1140.38
1801.56, 1140.37
1801.99, 1140.36
1802.42, 1140.36
1802.86, 1140.35
1803.29, 1140.34
1803.72, 1140.33
1804.15, 1140.32
1804.58, 1140.31
1805.01, 1140.3
1805.44, 1140.29
1805.87, 1140.28
1806.3, 1140.28
1806.73, 1140.27
1807.16, 1140.26
1807.59, 1140.25
1808.02, 1140.24
1808.45, 1140.23
1808.88, 1140.22
1809.31, 1140.21
1809.74, 1140.2
1810.17, 1140.19
1810.6, 1140.19
1811.03, 1140.18
1811.46, 1140.17
1811.89, 1140.16
1812.32, 1140.15
1812.75, 1140.14
1813.18, 1140.13
1813.61, 1140.12
1814.04, 1140.12
1814.47, 1140.11
1814.9, 1140.1
1815.33, 1140.09
1815.76, 1140.08
1816.19, 1140.07
1816.62, 1140.06
1817.06, 1140.05
1817.49, 1140.04
1817.92, 1140.03
1818.35, 1140.03
1818.78, 1140.02
1819.21, 1140.01
1819.64, 1140
1820.07, 1139.99
1820.5, 1139.98
1821.64, 1140.04
1822.07, 1140.08
1822.5, 1140.12
1822.92, 1140.17
1823.35, 1140.21
1823.78, 1140.25
1824.21, 1140.29
1824.64, 1140.33
1825.07, 1140.38
1825.5, 1140.42
1825.93, 1140.46
1826.36, 1140.5
1826.78, 1140.54
1827.21, 1140.59
1827.64, 1140.63

waypoints
x, y
1798.98, 1140.43
1799.41, 1140.42
1799.84, 1140.41
1800.27, 1140.4
1800.7, 1140.39
1801.13, 1140.38
1801.56, 1140.37
1801.99, 1140.36
1802.42, 1140.36
1802.86, 1140.35
1803.29, 1140.34
1803.72, 1140.33
1804.15, 1140.32
1804.58, 1140.31
1805.01, 1140.3
1805.44, 1140.29
1805.87, 1140.28
1806.3, 1140.28
1806.73, 1140.27
1807.16, 1140.26
1807.59, 1140.25
1808.02, 1140.24
1808.45, 1140.23
1808.88, 1140.22
1809.31, 1140.21
1809.74, 1140.2
1810.17, 1140.19
1810.6, 1140.19
1811.03, 1140.18
1811.46, 1140.17
1811.89, 1140.16
1812.32, 1140.15
1812.75, 1140.14
1813.18, 1140.13
1813.61, 1140.12
1814.04, 1140.12
1814.47, 1140.11
1814.9, 1140.1
1815.33, 1140.09
1815.76, 1140.08
1816.19, 1140.07
1816.62, 1140.06
1817.06, 1140.05
1817.49, 1140.04
1817.92, 1140.03
1818.35, 1140.03
1818.78, 1140.02
1819.21, 1140.01
1819.64, 1140
1820.07, 1139.99
1820.5, 1139.98
1821.64, 1140.04
1822.07, 1140.08
1822.5, 1140.12
1822.92, 1140.17
1823.35, 1140.21
1823.78, 1140.25
1824.21, 1140.29
1824.64, 1140.33
1825.07, 1140.38
1825.5, 1140.42
1825.93, 1140.46
1826.36, 1140.5
1826.78, 1140.54
1827.21, 1140.59
1827.64, 1140.63

waypoints
x, y
1800.27, 1140.4
1800.7, 1140.39
1801.13, 1140.38
1801.56, 1140.37
1801.99, 1140.36
1802.42, 1140.36
1802.86, 1140.35
1803.29, 1140.34
1803.72, 1140.33
1804.15, 1140.32
1804.58, 1140.31
1805.01, 1140.3
1805.44, 1140.29
1805.87, 1140.28
1806.3, 1140.28
1806.73, 1140.27
1807.16, 1140.26
1807.59, 1140.25
1808.02, 1140.24
1808.45, 1140.23
1808.88, 1140.22
1809.31, 1140.21
1809.74, 1140.2
1810.17, 1140.19
1810.6, 1140.19
1811.03, 1140.18
1811.46, 1140.17
1811.89, 1140.16
1812.32, 1140.15
1812.75, 1140.14
1813.18, 1140.13
1813.61, 1140.12
1814.04, 1140.12
1814.47, 1140.11
1814.9, 1140.1
1815.33, 1140.09
1815.76, 1140.08
1816.19, 1140.07
1816.62, 1140.06
1817.06, 1140.05
1817.49, 1140.04
1817.92, 1140.03
1818.35, 1140.03
1818.78, 1140.02
1819.21, 1140.01
1819.64, 1140
1820.07, 1139.99
1820.5, 1139.98
1821.64, 1140.04
1822.07, 1140.08
1822.5, 1140.12
1822.92, 1140.17
1823.35, 1140.21
1823.78, 1140.25
1824.21, 1140.29
1824.64, 1140.33
1825.07, 1140.38
1825.5, 1140.42
1825.93, 1140.46
1826.36, 1140.5
1826.78, 1140.54
1827.21, 1140.59
1827.64, 1140.63

waypoints
x, y
1801.99, 1140.36
1802.42, 1140.36
1802.86, 1140.35
1803.29, 1140.34
1803.72, 1140.33
1804.15, 1140.32
1804.58, 1140.31
1805.01, 1140.3
1805.44, 1140.29
1805.87, 1140.28
1806.3, 1140.28
1806.73, 1140.27
1807.16, 1140.26
1807.59, 1140.25
1808.02, 1140.24
1808.45, 1140.23
1808.88, 1140.22
1809.31, 1140.21
1809.74, 1140.2
1810.17, 1140.19
1810.6, 1140.19
1811.03, 1140.18
1811.46, 1140.17
1811.89, 1140.16
1812.32, 1140.15
1812.75, 1140.14
1813.18, 1140.13
1813.61, 1140.12
1814.04, 1140.12
1814.47, 1140.11
1814.9, 1140.1
1815.33, 1140.09
1815.76, 1140.08
1816.19, 1140.07
1816.62, 1140.06
1817.06, 1140.05
1817.49, 1140.04
1817.92, 1140.03
1818.35, 1140.03
1818.78, 1140.02
1819.21, 1140.01
1819.64, 1140
1820.07, 1139.99
1820.5, 1139.98
1821.64, 1140.04
1822.07, 1140.08
1822.5, 1140.12
1822.92, 1140.17
1823.35, 1140.21
1823.78, 1140.25
1824.21, 1140.29
1824.64, 1140.33
1825.07, 1140.38
1825.5, 1140.42
1825.93, 1140.46
1826.36, 1140.5
1826.78, 1140.54
1827.21, 1140.59
1827.64, 1140.63

waypoints
x, y
1803.72, 1140.33
1804.15, 1140.32
1804.58, 1140.31
1805.01, 1140.3
1805.44, 1140.29
1805.87, 1140.28
1806.3, 1140.28
1806.73, 1140.27
1807.16, 1140.26
1807.59, 1140.25
1808.02, 1140.24
1808.45, 1140.23
1808.88, 1140.22
1809.31, 1140.21
1809.74, 1140.2
1810.17, 1140.19
1810.6, 1140.19
1811.03, 1140.18
1811.46, 1140.17
1811.89, 1140.16
1812.32, 1140.15
1812.75, 1140.14
1813.18, 1140.13
1813.61, 1140.12
1814.04, 1140.12
1814.47, 1140.11
1814.9, 1140.1
1815.33, 1140.09
1815.76, 1140.08
1816.19, 1140.07
1816.62, 1140.06
1817.06, 1140.05
1817.49, 1140.04
1817.92, 1140.03
1818.35, 1140.03
1818.78, 1140.02
1819.21, 1140.01
1819.64, 1140
1820.07, 1139.99
1820.5, 1139.98
1821.64, 1140.04
1822.07, 1140.08
1822.5, 1140.12
1822.92, 1140.17
1823.35, 1140.21
1823.78, 1140.25
1824.21, 1140.29
1824.64, 1140.33
1825.07, 1140.38
1825.5, 1140.42
1825.93, 1140.46
1826.36, 1140.5
1826.78, 1140.54
1827.21, 1140.59
1827.64, 1140.63

waypoints
x, y
1805.44, 1140.29
1805.87, 1140.28
1806.3, 1140.28
1806.73, 1140.27
1807.16, 1140.26
1807.59, 1140.25
1808.02, 1140.24
1808.45, 1140.23
1808.88, 1140.22
1809.31, 1140.21
1809.74, 1140.2
1810.17, 1140.19
1810.6, 1140.19
1811.03, 1140.18
1811.46, 1140.17
1811.89, 1140.16
1812.32, 1140.15
1812.75, 1140.14
1813.18, 1140.13
1813.61, 1140.12
1814.04, 1140.12
1814.47, 1140.11
1814.9, 1140.1
1815.33, 1140.09
1815.76, 1140.08
1816.19, 1140.07
1816.62, 1140.06
1817.06, 1140.05
1817.49, 1140.04
1817.92, 1140.03
1818.35, 1140.03
1818.78, 1140.02
1819.21, 1140.01
1819.64, 1140
1820.07, 1139.99
1820.5, 1139.98
1821.64, 1140.04
1822.07, 1140.08
1822.5, 1140.12
1822.92, 1140.17
1823.35, 1140.21
1823.78, 1140.25
1824.21, 1140.29
1824.64, 1140.33
1825.07, 1140.38
1825.5, 1140.42
1825.93, 1140.46
1826.36, 1140.5
1826.78, 1140.54
1827.21, 1140.59
1827.64, 1140.63

waypoints
x, y
1806.73, 1140.27
1807.16, 1140.26
1807.59, 1140.25
1808.02, 1140.24
1808.45, 1140.23
1808.88, 1140.22
1809.31, 1140.21
1809.74, 1140.2
1810.17, 1140.19
1810.6, 1140.19
1811.03, 1140.18
1811.46, 1140.17
1811.89, 1140.16
1812.32, 1140.15
1812.75, 1140.14
1813.18, 1140.13
1813.61, 1140.12
1814.04, 1140.12
1814.47, 1140.11
1814.9, 1140.1
1815.33, 1140.09
1815.76, 1140.08
1816.19, 1140.07
1816.62, 1140.06
1817.06, 1140.05
1817.49, 1140.04
1817.92, 1140.03
1818.35, 1140.03
1818.78, 1140.02
1819.21, 1140.01
1819.64, 1140
1820.07, 1139.99
1820.5, 1139.98
1821.64, 1140.04
1822.07, 1140.08
1822.5, 1140.12
1822.92, 1140.17
1823.35, 1140.21
1823.78, 1140.25
1824.21, 1140.29
1824.64, 1140.33
1825.07, 1140.38
1825.5, 1140.42
1825.93, 1140.46
1826.36, 1140.5
1826.78, 1140.54
1827.21, 1140.59
1827.64, 1140.63
1828.07, 1140.67
1828.5, 1140.71
1828.92, 1140.75
1829.35, 1140.79
1829.78, 1140.84
1830.2, 1140.88
1830.63, 1140.92
1831.06, 1140.96
1831.49, 1141
1831.91, 1141.04
1832.34, 1141.09
1832.77, 1141.13
1833.2, 1141.17
1833.63, 1141.21
1834.05, 1141.25
1834.48, 1141.29
1834.91, 1141.34
1835.34, 1141.38
1835.77, 1141.42
1836.2, 1141.46
1836.63, 1141.5
1837.06, 1141.55
1837.48, 1141.59
1837.91, 1141.63
1838.34, 1141.67
1838.77, 1141.71
1839.2, 1141.75
1839.63, 1141.8
1840.06, 1141.84
1840.49, 1141.88
1840.92, 1141.92
1841.35, 1141.96
1841.78, 1142.01
1842.21, 1142.05
1842.64, 1142.09
1843.07, 1142.13
1843.49, 1142.17
1843.92, 1142.22
1844.35, 1142.26
1844.78, 1142.3
1845.21, 1142.34
1845.64, 1142.38
1846.07, 1142.42
1846.5, 1142.47
1846.93, 1142.51
1847.35, 1142.55
1847.78, 1142.59
1848.21, 1142.63
1848.64, 1142.68

waypoints
x, y
1808.45, 1140.23
1808.88, 1140.22
1809.31, 1140.21
1809.74, 1140.2
1810.17, 1140.19
1810.6, 1140.19
1811.03, 1140.18
1811.46, 1140.17
1811.89, 1140.16
1812.32, 1140.15
1812.75, 1140.14
1813.18, 1140.13
1813.61, 1140.12
1814.04, 1140.12
1814.47, 1140.11
1814.9, 1140.1
1815.33, 1140.09
1815.76, 1140.08
1816.19, 1140.07
1816.62, 1140.06
1817.06, 1140.05
1817.49, 1140.04
1817.92, 1140.03
1818.35, 1140.03
1818.78, 1140.02
1819.21, 1140.01
1819.64, 1140
1820.07, 1139.99
1820.5, 1139.98
1821.64, 1140.04
1822.07, 1140.08
1822.5, 1140.12
1822.92, 1140.17
1823.35, 1140.21
1823.78, 1140.25
1824.21, 1140.29
1824.64, 1140.33
1825.07, 1140.38
1825.5, 1140.42
1825.93, 1140.46
1826.36, 1140.5
1826.78, 1140.54
1827.21, 1140.59
1827.64, 1140.63
1828.07, 1140.67
1828.49, 1140.71
1828.92, 1140.75
1829.35, 1140.79
1829.78, 1140.84
1830.2, 1140.88
1830.63, 1140.92
1831.06, 1140.96
1831.49, 1141
1831.91, 1141.04
1832.34, 1141.09
1832.77, 1141.13
1833.2, 1141.17
1833.63, 1141.21
1834.06, 1141.25
1834.48, 1141.29
1834.91, 1141.34
1835.34, 1141.38
1835.77, 1141.42
1836.2, 1141.46
1836.63, 1141.5
1837.06, 1141.55
1837.48, 1141.59
1837.91, 1141.63
1838.34, 1141.67
1838.77, 1141.71
1839.2, 1141.76
1839.63, 1141.8
1840.06, 1141.84
1840.49, 1141.88
1840.92, 1141.92
1841.35, 1141.96
1841.78, 1142.01
1842.21, 1142.05
1842.64, 1142.09
1843.07, 1142.13
1843.49, 1142.17
1843.92, 1142.21
1844.35, 1142.26
1844.78, 1142.3
1845.21, 1142.34
1845.64, 1142.38
1846.07, 1142.42
1846.5, 1142.47
1846.93, 1142.51
1847.35, 1142.55
1847.78, 1142.59
1848.21, 1142.63
1848.64, 1142.67

waypoints
x, y
1810.17, 1140.19
1810.6, 1140.19
1811.03, 1140.18
1811.46, 1140.17
1811.89, 1140.16
1812.32, 1140.15
1812.75, 1140.14
1813.18, 1140.13
1813.61, 1140.12
1814.04, 1140.12
1814.47, 1140.11
1814.9, 1140.1
1815.33, 1140.09
1815.76, 1140.08
1816.19, 1140.07
1816.62, 1140.06
1817.06, 1140.05
1817.49, 1140.04
1817.92, 1140.03
1818.35, 1140.03
1818.78, 1140.02
1819.21, 1140.01
1819.64, 1140
1820.07, 1139.99
1820.5, 1139.98
1821.64, 1140.04
1822.07, 1140.08
1822.5, 1140.12
1822.92, 1140.17
1823.35, 1140.21
1823.78, 1140.25
1824.21, 1140.29
1824.64, 1140.33
1825.07, 1140.38
1825.5, 1140.42
1825.93, 1140.46
1826.36, 1140.5
1826.78, 1140.54
1827.21, 1140.59
1827.64, 1140.63
1828.07, 1140.67
1828.49, 1140.71
1828.92, 1140.75
1829.35, 1140.79
1829.78, 1140.84
1830.2, 1140.88
1830.63, 1140.92
1831.06, 1140.96
1831.49, 1141
1831.91, 1141.04
1832.34, 1141.09
1832.77, 1141.13
1833.2, 1141.17
1833.63, 1141.21
1834.06, 1141.25
1834.48, 1141.29
1834.91, 1141.34
1835.34, 1141.38
1835.77, 1141.42
1836.2, 1141.46
1836.63, 1141.5
1837.06, 1141.55
1837.48, 1141.59
1837.91, 1141.63
1838.34, 1141.67
1838.77, 1141.71
1839.2, 1141.76
1839.63, 1141.8
1840.06, 1141.84
1840.49, 1141.88
1840.92, 1141.92
1841.35, 1141.96
1841.78, 1142.01
1842.21, 1142.05
1842.64, 1142.09
1843.07, 1142.13
1843.49, 1142.17
1843.92, 1142.21
1844.35, 1142.26
1844.78, 1142.3
1845.21, 1142.34
1845.64, 1142.38
1846.07, 1142.42
1846.5, 1142.47
1846.93, 1142.51
1847.35, 1142.55
1847.78, 1142.59
1848.21, 1142.63
1848.64, 1142.67

waypoints
x, y
1811.89, 1140.16
1812.32, 1140.15
1812.75, 1140.14
1813.18, 1140.13
1813.61, 1140.12
1814.04, 1140.12
1814.47, 1140.11
1814.9, 1140.1
1815.33, 1140.09
1815.76, 1140.08
1816.19, 1140.07
1816.62, 1140.06
1817.06, 1140.05
1817.49, 1140.04
1817.92, 1140.03
1818.35, 1140.03
1818.78, 1140.02
1819.21, 1140.01
1819.64, 1140
1820.07, 1139.99
1820.5, 1139.98
1821.64, 1140.04
1822.07, 1140.08
1822.5, 1140.12
1822.92, 1140.17
1823.35, 1140.21
1823.78, 1140.25
1824.21, 1140.29
1824.64, 1140.33
1825.07, 1140.38
1825.5, 1140.42
1825.93, 1140.46
1826.36, 1140.5
1826.78, 1140.54
1827.21, 1140.59
1827.64, 1140.63
1828.07, 1140.67
1828.49, 1140.71
1828.92, 1140.75
1829.35, 1140.79
1829.78, 1140.84
1830.2, 1140.88
1830.63, 1140.92
1831.06, 1140.96
1831.49, 1141
1831.91, 1141.04
1832.34, 1141.09
1832.77, 1141.13
1833.2, 1141.17
1833.63, 1141.21
1834.06, 1141.25
1834.48, 1141.29
1834.91, 1141.34
1835.34, 1141.38
1835.77, 1141.42
1836.2, 1141.46
1836.63, 1141.5
1837.06, 1141.55
1837.48, 1141.59
1837.91, 1141.63
1838.34, 1141.67
1838.77, 1141.71
1839.2, 1141.76
1839.63, 1141.8
1840.06, 1141.84
1840.49, 1141.88
1840.92, 1141.92
1841.35, 1141.96
1841.78, 1142.01
1842.21, 1142.05
1842.64, 1142.09
1843.07, 1142.13
1843.49, 1142.17
1843.92, 1142.21
1844.35, 1142.26
1844.78, 1142.3
1845.21, 1142.34
1845.64, 1142.38
1846.07, 1142.42
1846.5, 1142.47
1846.93, 1142.51
1847.35, 1142.55
1847.78, 1142.59
1848.21, 1142.63
1848.64, 1142.67

waypoints
x, y
1813.18, 1140.13
1813.61, 1140.12
1814.04, 1140.12
1814.47, 1140.11
1814.9, 1140.1
1815.33, 1140.09
1815.76, 1140.08
1816.19, 1140.07
1816.62, 1140.06
1817.06, 1140.05
1817.49, 1140.04
1817.92, 1140.03
1818.35, 1140.03
1818.78, 1140.02
1819.21, 1140.01
1819.64, 1140
1820.07, 1139.99
1820.5, 1139.98
1821.64, 1140.04
1822.07, 1140.08
1822.5, 1140.12
1822.92, 1140.17
1823.35, 1140.21
1823.78, 1140.25
1824.21, 1140.29
1824.64, 1140.33
1825.07, 1140.38
1825.5, 1140.42
1825.93, 1140.46
1826.36, 1140.5
1826.78, 1140.54
1827.21, 1140.59
1827.64, 1140.63
1828.07, 1140.67
1828.49, 1140.71
1828.92, 1140.75
1829.35, 1140.79
1829.78, 1140.84
1830.2, 1140.88
1830.63, 1140.92
1831.06, 1140.96
1831.49, 1141
1831.91, 1141.04
1832.34, 1141.09
1832.77, 1141.13
1833.2, 1141.17
1833.63, 1141.21
1834.06, 1141.25
1834.48, 1141.29
1834.91, 1141.34
1835.34, 1141.38
1835.77, 1141.42
1836.2, 1141.46
1836.63, 1141.5
1837.06, 1141.55
1837.48, 1141.59
1837.91, 1141.63
1838.34, 1141.67
1838.77, 1141.71
1839.2, 1141.76
1839.63, 1141.8
1840.06, 1141.84
1840.49, 1141.88
1840.92, 1141.92
1841.35, 1141.96
1841.78, 1142.01
1842.21, 1142.05
1842.64, 1142.09
1843.07, 1142.13
1843.49, 1142.17
1843.92, 1142.21
1844.35, 1142.26
1844.78, 1142.3
1845.21, 1142.34
1845.64, 1142.38
1846.07, 1142.42
1846.5, 1142.47
1846.93, 1142.51
1847.35, 1142.55
1847.78, 1142.59
1848.21, 1142.63
1848.64, 1142.67

waypoints
x, y
1814.9, 1140.1
1815.33, 1140.09
1815.76, 1140.08
1816.19, 1140.07
1816.62, 1140.06
1817.06, 1140.05
1817.49, 1140.04
1817.92, 1140.03
1818.35, 1140.03
1818.78, 1140.02
1819.21, 1140.01
1819.64, 1140
1820.07, 1139.99
1820.5, 1139.98
1821.64, 1140.04
1822.07, 1140.08
1822.5, 1140.12
1822.92, 1140.17
1823.35, 1140.21
1823.78, 1140.25
1824.21, 1140.29
1824.64, 1140.33
1825.07, 1140.38
1825.5, 1140.42
1825.93, 1140.46
1826.36, 1140.5
1826.78, 1140.54
1827.21, 1140.59
1827.64, 1140.63
1828.07, 1140.67
1828.49, 1140.71
1828.92, 1140.75
1829.35, 1140.79
1829.78, 1140.84
1830.2, 1140.88
1830.63, 1140.92
1831.06, 1140.96
1831.49, 1141
1831.91, 1141.04
1832.34, 1141.09
1832.77, 1141.13
1833.2, 1141.17
1833.63, 1141.21
1834.06, 1141.25
1834.48, 1141.29
1834.91, 1141.34
1835.34, 1141.38
1835.77, 1141.42
1836.2, 1141.46
1836.63, 1141.5
1837.06, 1141.55
1837.48, 1141.59
1837.91, 1141.63
1838.34, 1141.67
1838.77, 1141.71
1839.2, 1141.76
1839.63, 1141.8
1840.06, 1141.84
1840.49, 1141.88
1840.92, 1141.92
1841.35, 1141.96
1841.78, 1142.01
1842.21, 1142.05
1842.64, 1142.09
1843.07, 1142.13
1843.49, 1142.17
1843.92, 1142.21
1844.35, 1142.26
1844.78, 1142.3
1845.21, 1142.34
1845.64, 1142.38
1846.07, 1142.42
1846.5, 1142.47
1846.93, 1142.51
1847.35, 1142.55
1847.78, 1142.59
1848.21, 1142.63
1848.64, 1142.67

waypoints
x, y
1816.62, 1140.06
1817.06, 1140.05
1817.49, 1140.04
1817.92, 1140.03
1818.35, 1140.03
1818.78, 1140.02
1819.21, 1140.01
1819.64, 1140
1820.07, 1139.99
1820.5, 1139.98
1821.64, 1140.04
1822.07, 1140.08
1822.5, 1140.12
1822.92, 1140.17
1823.35, 1140.21
1823.78, 1140.25
1824.21, 1140.29
1824.64, 1140.33
1825.07, 1140.38
1825.5, 1140.42
1825.93, 1140.46
1826.36, 1140.5
1826.78, 1140.54
1827.21, 1140.59
1827.64, 1140.63
1828.07, 1140.67
1828.49, 1140.71
1828.92, 1140.75
1829.35, 1140.79
1829.78, 1140.84
1830.2, 1140.88
1830.63, 1140.92
1831.06, 1140.96
1831.49, 1141
1831.91, 1141.04
1832.34, 1141.09
1832.77, 1141.13
1833.2, 1141.17
1833.63, 1141.21
1834.06, 1141.25
1834.48, 1141.29
1834.91, 1141.34
1835.34, 1141.38
1835.77, 1141.42
1836.2, 1141.46
1836.63, 1141.5
1837.06, 1141.55
1837.48, 1141.59
1837.91, 1141.63
1838.34, 1141.67
1838.77, 1141.71
1839.2, 1141.76
1839.63, 1141.8
1840.06, 1141.84
1840.49, 1141.88
1840.92, 1141.92
1841.35, 1141.96
1841.78, 1142.01
1842.21, 1142.05
1842.64, 1142.09
1843.07, 1142.13
1843.49, 1142.17
1843.92, 1142.21
1844.35, 1142.26
1844.78, 1142.3
1845.21, 1142.34
1845.64, 1142.38
1846.07, 1142.42
1846.5, 1142.47
1846.93, 1142.51
1847.35, 1142.55
1847.78, 1142.59
1848.21, 1142.63
1848.64, 1142.67

waypoints
x, y
1818.35, 1140.03
1818.78, 1140.02
1819.21, 1140.01
1819.64, 1140
1820.07, 1139.99
1820.5, 1139.98
1821.64, 1140.04
1822.07, 1140.08
1822.5, 1140.12
1822.92, 1140.17
1823.35, 1140.21
1823.78, 1140.25
1824.21, 1140.29
1824.64, 1140.33
1825.07, 1140.38
1825.5, 1140.42
1825.93, 1140.46
1826.36, 1140.5
1826.78, 1140.54
1827.21, 1140.59
1827.64, 1140.63
1828.07, 1140.67
1828.49, 1140.71
1828.92, 1140.75
1829.35, 1140.79
1829.78, 1140.84
1830.2, 1140.88
1830.63, 1140.92
1831.06, 1140.96
1831.49, 1141
1831.91, 1141.04
1832.34, 1141.09
1832.77, 1141.13
1833.2, 1141.17
1833.63, 1141.21
1834.06, 1141.25
1834.48, 1141.29
1834.91, 1141.34
1835.34, 1141.38
1835.77, 1141.42
1836.2, 1141.46
1836.63, 1141.5
1837.06, 1141.55
1837.48, 1141.59
1837.91, 1141.63
1838.34, 1141.67
1838.77, 1141.71
1839.2, 1141.76
1839.63, 1141.8
1840.06, 1141.84
1840.49, 1141.88
1840.92, 1141.92
1841.35, 1141.96
1841.78, 1142.01
1842.21, 1142.05
1842.64, 1142.09
1843.07, 1142.13
1843.49, 1142.17
1843.92, 1142.21
1844.35, 1142.26
1844.78, 1142.3
1845.21, 1142.34
1845.64, 1142.38
1846.07, 1142.42
1846.5, 1142.47
1846.93, 1142.51
1847.35, 1142.55
1847.78, 1142.59
1848.21, 1142.63
1848.64, 1142.67

waypoints
x, y
1820.07, 1139.99
1820.5, 1139.98
1821.64, 1140.04
1822.07, 1140.08
1822.5, 1140.12
1822.92, 1140.17
1823.35, 1140.21
1823.78, 1140.25
1824.21, 1140.29
1824.64, 1140.33
1825.07, 1140.38
1825.5, 1140.42
1825.93, 1140.46
1826.36, 1140.5
1826.78, 1140.54
1827.21, 1140.59
1827.64, 1140.63
1828.07, 1140.67
1828.49, 1140.71
1828.92, 1140.75
1829.35, 1140.79
1829.78, 1140.84
1830.2, 1140.88
1830.63, 1140.92
1831.06, 1140.96
1831.49, 1141
1831.91, 1141.04
1832.34, 1141.09
1832.77, 1141.13
1833.2, 1141.17
1833.63, 1141.21
1834.06, 1141.25
1834.48, 1141.29
1834.91, 1141.34
1835.34, 1141.38
1835.77, 1141.42
1836.2, 1141.46
1836.63, 1141.5
1837.06, 1141.55
1837.48, 1141.59
1837.91, 1141.63
1838.34, 1141.67
1838.77, 1141.71
1839.2, 1141.76
1839.63, 1141.8
1840.06, 1141.84
1840.49, 1141.88
1840.92, 1141.92
1841.35, 1141.96
1841.78, 1142.01
1842.21, 1142.05
1842.64, 1142.09
1843.07, 1142.13
1843.49, 1142.17
1843.92, 1142.21
1844.35, 1142.26
1844.78, 1142.3
1845.21, 1142.34
1845.64, 1142.38
1846.07, 1142.42
1846.5, 1142.47
1846.93, 1142.51
1847.35, 1142.55
1847.78, 1142.59
1848.21, 1142.63
1848.64, 1142.67

waypoints
x, y
1822.5, 1140.12
1822.92, 1140.17
1823.35, 1140.21
1823.78, 1140.25
1824.21, 1140.29
1824.64, 1140.33
1825.07, 1140.38
1825.5, 1140.42
1825.93, 1140.46
1826.36, 1140.5
1826.78, 1140.54
1827.21, 1140.59
1827.64, 1140.63
1828.07, 1140.67
1828.49, 1140.71
1828.92, 1140.75
1829.35, 1140.79
1829.78, 1140.84
1830.2, 1140.88
1830.63, 1140.92
1831.06, 1140.96
1831.49, 1141
1831.91, 1141.04
1832.34, 1141.09
1832.77, 1141.13
1833.2, 1141.17
1833.63, 1141.21
1834.06, 1141.25
1834.48, 1141.29
1834.91, 1141.34
1835.34, 1141.38
1835.77, 1141.42
1836.2, 1141.46
1836.63, 1141.5
1837.06, 1141.55
1837.48, 1141.59
1837.91, 1141.63
1838.34, 1141.67
1838.77, 1141.71
1839.2, 1141.76
1839.63, 1141.8
1840.06, 1141.84
1840.49, 1141.88
1840.92, 1141.92
1841.35, 1141.96
1841.78, 1142.01
1842.21, 1142.05
1842.64, 1142.09
1843.07, 1142.13
1843.49, 1142.17
1843.92, 1142.21
1844.35, 1142.26
1844.78, 1142.3
1845.21, 1142.34
1845.64, 1142.38
1846.07, 1142.42
1846.5, 1142.47
1846.93, 1142.51
1847.35, 1142.55
1847.78, 1142.59
1848.21, 1142.63
1848.64, 1142.67

waypoints
x, y
1824.21, 1140.29
1824.64, 1140.33
1825.07, 1140.38
1825.5, 1140.42
1825.93, 1140.46
1826.36, 1140.5
1826.78, 1140.54
1827.21, 1140.59
1827.64, 1140.63
1828.07, 1140.67
1828.49, 1140.71
1828.92, 1140.75
1829.35, 1140.79
1829.78, 1140.84
1830.2, 1140.88
1830.63, 1140.92
1831.06, 1140.96
1831.49, 1141
1831.91, 1141.04
1832.34, 1141.09
1832.77, 1141.13
1833.2, 1141.17
1833.63, 1141.21
1834.06, 1141.25
1834.48, 1141.29
1834.91, 1141.34
1835.34, 1141.38
1835.77, 1141.42
1836.2, 1141.46
1836.63, 1141.5
1837.06, 1141.55
1837.48, 1141.59
1837.91, 1141.63
1838.34, 1141.67
1838.77, 1141.71
1839.2, 1141.76
1839.63, 1141.8
1840.06, 1141.84
1840.49, 1141.88
1840.92, 1141.92
1841.35, 1141.96
1841.78, 1142.01
1842.21, 1142.05
1842.64, 1142.09
1843.07, 1142.13
1843.49, 1142.17
1843.92, 1142.21
1844.35, 1142.26
1844.78, 1142.3
1845.21, 1142.34
1845.64, 1142.38
1846.07, 1142.42
1846.5, 1142.47
1846.93, 1142.51
1847.35, 1142.55
1847.78, 1142.59
1848.21, 1142.63
1848.64, 1142.67

waypoints
x, y
1825.5, 1140.42
1825.93, 1140.46
1826.36, 1140.5
1826.78, 1140.54
1827.21, 1140.59
1827.64, 1140.63
1828.07, 1140.67
1828.49, 1140.71
1828.92, 1140.75
1829.35, 1140.79
1829.78, 1140.84
1830.2, 1140.88
1830.63, 1140.92
1831.06, 1140.96
1831.49, 1141
1831.91, 1141.04
1832.34, 1141.09
1832.77, 1141.13
1833.2, 1141.17
1833.63, 1141.21
1834.06, 1141.25
1834.48, 1141.29
1834.91, 1141.34
1835.34, 1141.38
1835.77, 1141.42
1836.2, 1141.46
1836.63, 1141.5
1837.06, 1141.55
1837.48, 1141.59
1837.91, 1141.63
1838.34, 1141.67
1838.77, 1141.71
1839.2, 1141.76
1839.63, 1141.8
1840.06, 1141.84
1840.49, 1141.88
1840.92, 1141.92
1841.35, 1141.96
1841.78, 1142.01
1842.21, 1142.05
1842.64, 1142.09
1843.07, 1142.13
1843.49, 1142.17
1843.92, 1142.21
1844.35, 1142.26
1844.78, 1142.3
1845.21, 1142.34
1845.64, 1142.38
1846.07, 1142.42
1846.5, 1142.47
1846.93, 1142.51
1847.35, 1142.55
1847.78, 1142.59
1848.21, 1142.63
1848.64, 1142.67

waypoints
x, y
1827.21, 1140.59
1827.64, 1140.63
1828.07, 1140.67
1828.49, 1140.71
1828.92, 1140.75
1829.35, 1140.79
1829.78, 1140.84
1830.2, 1140.88
1830.63, 1140.92
1831.06, 1140.96
1831.49, 1141
1831.91, 1141.04
1832.34, 1141.09
1832.77, 1141.13
1833.2, 1141.17
1833.63, 1141.21
1834.06, 1141.25
1834.48, 1141.29
1834.91, 1141.34
1835.34, 1141.38
1835.77, 1141.42
1836.2, 1141.46
1836.63, 1141.5
1837.06, 1141.55
1837.48, 1141.59
1837.91, 1141.63
1838.34, 1141.67
1838.77, 1141.71
1839.2, 1141.76
1839.63, 1141.8
1840.06, 1141.84
1840.49, 1141.88
1840.92, 1141.92
1841.35, 1141.96
1841.78, 1142.01
1842.21, 1142.05
1842.64, 1142.09
1843.07, 1142.13
1843.49, 1142.17
1843.92, 1142.21
1844.35, 1142.26
1844.78, 1142.3
1845.21, 1142.34
1845.64, 1142.38
1846.07, 1142.42
1846.5, 1142.47
1846.93, 1142.51
1847.35, 1142.55
1847.78, 1142.59
1848.21, 1142.63
1848.64, 1142.67

waypoints
x, y
1828.92, 1140.75
1829.35, 1140.79
1829.78, 1140.84
1830.2, 1140.88
1830.63, 1140.92
1831.06, 1140.96
1831.49, 1141
1831.91, 1141.04
1832.34, 1141.09
1832.77, 1141.13
1833.2, 1141.17
1833.63, 1141.21
1834.06, 1141.25
1834.48, 1141.29
1834.91, 1141.34
1835.34, 1141.38
1835.77, 1141.42
1836.2, 1141.46
1836.63, 1141.5
1837.06, 1141.55
1837.48, 1141.59
1837.91, 1141.63
1838.34, 1141.67
1838.77, 1141.71
1839.2, 1141.76
1839.63, 1141.8
1840.06, 1141.84
1840.49, 1141.88
1840.92, 1141.92
1841.35, 1141.96
1841.78, 1142.01
1842.21, 1142.05
1842.64, 1142.09
1843.07, 1142.13
1843.49, 1142.17
1843.92, 1142.21
1844.35, 1142.26
1844.78, 1142.3
1845.21, 1142.34
1845.64, 1142.38
1846.07, 1142.42
1846.5, 1142.47
1846.93, 1142.51
1847.35, 1142.55
1847.78, 1142.59
1848.21, 1142.63
1848.64, 1142.67
1849.07, 1142.72
1849.7, 1142.79
1850.13, 1142.85
1850.55, 1142.91
1850.98, 1142.96
1851.4, 1143.02
1851.83, 1143.08
1852.25, 1143.13
1852.68, 1143.19
1853.11, 1143.25
1853.53, 1143.3
1853.96, 1143.36
1854.38, 1143.42
1854.81, 1143.47
1855.24, 1143.53
1855.66, 1143.59
1856.09, 1143.64
1856.52, 1143.7
1856.94, 1143.76
1857.37, 1143.81
1857.8, 1143.87
1858.23, 1143.93
1858.65, 1143.98
1859.08, 1144.04
1859.51, 1144.1
1859.94, 1144.15
1860.36, 1144.21
1860.79, 1144.27
1861.22, 1144.32
1861.65, 1144.38
1862.07, 1144.44
1862.5, 1144.49
1862.93, 1144.55
1863.36, 1144.61
1863.78, 1144.67
1864.21, 1144.72
1864.64, 1144.78
1865.07, 1144.84
1865.49, 1144.89
1865.92, 1144.95
1866.35, 1145.01
1866.78, 1145.06
1867.2, 1145.12
1867.63, 1145.18
1868.06, 1145.23
1868.48, 1145.29
1868.91, 1145.35
1869.34, 1145.4
1869.76, 1145.46

waypoints
x, y
1830.2, 1140.88
1830.63, 1140.92
1831.06, 1140.96
1831.49, 1141
1831.91, 1141.04
1832.34, 1141.09
1832.77, 1141.13
1833.2, 1141.17
1833.63, 1141.21
1834.06, 1141.25
1834.48, 1141.29
1834.91, 1141.34
1835.34, 1141.38
1835.77, 1141.42
1836.2, 1141.46
1836.63, 1141.5
1837.06, 1141.55
1837.48, 1141.59
1837.91, 1141.63
1838.34, 1141.67
1838.77, 1141.71
1839.2, 1141.76
1839.63, 1141.8
1840.06, 1141.84
1840.49, 1141.88
1840.92, 1141.92
1841.35, 1141.96
1841.78, 1142.01
1842.21, 1142.05
1842.64, 1142.09
1843.07, 1142.13
1843.49, 1142.17
1843.92, 1142.21
1844.35, 1142.26
1844.78, 1142.3
1845.21, 1142.34
1845.64, 1142.38
1846.07, 1142.42
1846.5, 1142.47
1846.93, 1142.51
1847.35, 1142.55
1847.78, 1142.59
1848.21, 1142.63
1848.64, 1142.67
1849.07, 1142.72
1849.7, 1142.79
1850.13, 1142.85
1850.55, 1142.91
1850.98, 1142.96
1851.4, 1143.02
1851.83, 1143.08
1852.25, 1143.13
1852.68, 1143.19
1853.11, 1143.25
1853.53, 1143.3
1853.96, 1143.36
1854.38, 1143.42
1854.81, 1143.47
1855.24, 1143.53
1855.66, 1143.59
1856.09, 1143.64
1856.52, 1143.7
1856.94, 1143.76
1857.37, 1143.81
1857.8, 1143.87
1858.23, 1143.93
1858.65, 1143.98
1859.08, 1144.04
1859.51, 1144.1
1859.94, 1144.15
1860.36, 1144.21
1860.79, 1144.27
1861.22, 1144.32
1861.65, 1144.38
1862.07, 1144.44
1862.5, 1144.49
1862.93, 1144.55
1863.36, 1144.61
1863.79, 1144.66
1864.21, 1144.72
1864.64, 1144.78
1865.07, 1144.84
1865.49, 1144.89
1865.92, 1144.95
1866.35, 1145.01
1866.78, 1145.06
1867.2, 1145.12
1867.63, 1145.18
1868.06, 1145.23
1868.48, 1145.29
1868.91, 1145.35
1869.34, 1145.4
1869.77, 1145.46

waypoints
x, y
1831.91, 1141.04
1832.34, 1141.09
1832.77, 1141.13
1833.2, 1141.17
1833.63, 1141.21
1834.06, 1141.25
1834.48, 1141.29
1834.91, 1141.34
1835.34, 1141.38
1835.77, 1141.42
1836.2, 1141.46
1836.63, 1141.5
1837.06, 1141.55
1837.48, 1141.59
1837.91, 1141.63
1838.34, 1141.67
1838.77, 1141.71
1839.2, 1141.76
1839.63, 1141.8
1840.06, 1141.84
1840.49, 1141.88
1840.92, 1141.92
1841.35, 1141.96
1841.78, 1142.01
1842.21, 1142.05
1842.64, 1142.09
1843.07, 1142.13
1843.49, 1142.17
1843.92, 1142.21
1844.35, 1142.26
1844.78, 1142.3
1845.21, 1142.34
1845.64, 1142.38
1846.07, 1142.42
1846.5, 1142.47
1846.93, 1142.51
1847.35, 1142.55
1847.78, 1142.59
1848.21, 1142.63
1848.64, 1142.67
1849.07, 1142.72
1849.7, 1142.79
1850.13, 1142.85
1850.55, 1142.91
1850.98, 1142.96
1851.4, 1143.02
1851.83, 1143.08
1852.25, 1143.13
1852.68, 1143.19
1853.11, 1143.25
1853.53, 1143.3
1853.96, 1143.36
1854.38, 1143.42
1854.81, 1143.47
1855.24, 1143.53
1855.66, 1143.59
1856.09, 1143.64
1856.52, 1143.7
1856.94, 1143.76
1857.37, 1143.81
1857.8, 1143.87
1858.23, 1143.93
1858.65, 1143.98
1859.08, 1144.04
1859.51, 1144.1
1859.94, 1144.15
1860.36, 1144.21
1860.79, 1144.27
1861.22, 1144.32
1861.65, 1144.38
1862.07, 1144.44
1862.5, 1144.49
1862.93, 1144.55
1863.36, 1144.61
1863.79, 1144.66
1864.21, 1144.72
1864.64, 1144.78
1865.07, 1144.84
1865.49, 1144.89
1865.92, 1144.95
1866.35, 1145.01
1866.78, 1145.06
1867.2, 1145.12
1867.63, 1145.18
1868.06, 1145.23
1868.48, 1145.29
1868.91, 1145.35
1869.34, 1145.4
1869.77, 1145.46

waypoints
x, y
1833.63, 1141.21
1834.06, 1141.25
1834.48, 1141.29
1834.91, 1141.34
1835.34, 1141.38
1835.77, 1141.42
1836.2, 1141.46
1836.63, 1141.5
1837.06, 1141.55
1837.48, 1141.59
1837.91, 1141.63
1838.34, 1141.67
1838.77, 1141.71
1839.2, 1141.76
1839.63, 1141.8
1840.06, 1141.84
1840.49, 1141.88
1840.92, 1141.92
1841.35, 1141.96
1841.78, 1142.01
1842.21, 1142.05
1842.64, 1142.09
1843.07, 1142.13
1843.49, 1142.17
1843.92, 1142.21
1844.35, 1142.26
1844.78, 1142.3
1845.21, 1142.34
1845.64, 1142.38
1846.07, 1142.42
1846.5, 1142.47
1846.93, 1142.51
1847.35, 1142.55
1847.78, 1142.59
1848.21, 1142.63
1848.64, 1142.67
1849.07, 1142.72
1849.7, 1142.79
1850.13, 1142.85
1850.55, 1142.91
1850.98, 1142.96
1851.4, 1143.02
1851.83, 1143.08
1852.25, 1143.13
1852.68, 1143.19
1853.11, 1143.25
1853.53, 1143.3
1853.96, 1143.36
1854.38, 1143.42
1854.81, 1143.47
1855.24, 1143.53
1855.66, 1143.59
1856.09, 1143.64
1856.52, 1143.7
1856.94, 1143.76
1857.37, 1143.81
1857.8, 1143.87
1858.23, 1143.93
1858.65, 1143.98
1859.08, 1144.04
1859.51, 1144.1
1859.94, 1144.15
1860.36, 1144.21
1860.79, 1144.27
1861.22, 1144.32
1861.65, 1144.38
1862.07, 1144.44
1862.5, 1144.49
1862.93, 1144.55
1863.36, 1144.61
1863.79, 1144.66
1864.21, 1144.72
1864.64, 1144.78
1865.07, 1144.84
1865.49, 1144.89
1865.92, 1144.95
1866.35, 1145.01
1866.78, 1145.06
1867.2, 1145.12
1867.63, 1145.18
1868.06, 1145.23
1868.48, 1145.29
1868.91, 1145.35
1869.34, 1145.4
1869.77, 1145.46

waypoints
x, y
1835.34, 1141.38
1835.77, 1141.42
1836.2, 1141.46
1836.63, 1141.5
1837.06, 1141.55
1837.48, 1141.59
1837.91, 1141.63
1838.34, 1141.67
1838.77, 1141.71
1839.2, 1141.76
1839.63, 1141.8
1840.06, 1141.84
1840.49, 1141.88
1840.92, 1141.92
1841.35, 1141.96
1841.78, 1142.01
1842.21, 1142.05
1842.64, 1142.09
1843.07, 1142.13
1843.49, 1142.17
1843.92, 1142.21
1844.35, 1142.26
1844.78, 1142.3
1845.21, 1142.34
1845.64, 1142.38
1846.07, 1142.42
1846.5, 1142.47
1846.93, 1142.51
1847.35, 1142.55
1847.78, 1142.59
1848.21, 1142.63
1848.64, 1142.67
1849.07, 1142.72
1849.7, 1142.79
1850.13, 1142.85
1850.55, 1142.91
1850.98, 1142.96
1851.4, 1143.02
1851.83, 1143.08
1852.25, 1143.13
1852.68, 1143.19
1853.11, 1143.25
1853.53, 1143.3
1853.96, 1143.36
1854.38, 1143.42
1854.81, 1143.47
1855.24, 1143.53
1855.66, 1143.59
1856.09, 1143.64
1856.52, 1143.7
1856.94, 1143.76
1857.37, 1143.81
1857.8, 1143.87
1858.23, 1143.93
1858.65, 1143.98
1859.08, 1144.04
1859.51, 1144.1
1859.94, 1144.15
1860.36, 1144.21
1860.79, 1144.27
1861.22, 1144.32
1861.65, 1144.38
1862.07, 1144.44
1862.5, 1144.49
1862.93, 1144.55
1863.36, 1144.61
1863.79, 1144.66
1864.21, 1144.72
1864.64, 1144.78
1865.07, 1144.84
1865.49, 1144.89
1865.92, 1144.95
1866.35, 1145.01
1866.78, 1145.06
1867.2, 1145.12
1867.63, 1145.18
1868.06, 1145.23
1868.48, 1145.29
1868.91, 1145.35
1869.34, 1145.4
1869.77, 1145.46

waypoints
x, y
1837.06, 1141.55
1837.48, 1141.59
1837.91, 1141.63
1838.34, 1141.67
1838.77, 1141.71
1839.2, 1141.76
1839.63, 1141.8
1840.06, 1141.84
1840.49, 1141.88
1840.92, 1141.92
1841.35, 1141.96
1841.78, 1142.01
1842.21, 1142.05
1842.64, 1142.09
1843.07, 1142.13
1843.49, 1142.17
1843.92, 1142.21
1844.35, 1142.26
1844.78, 1142.3
1845.21, 1142.34
1845.64, 1142.38
1846.07, 1142.42
1846.5, 1142.47
1846.93, 1142.51
1847.35, 1142.55
1847.78, 1142.59
1848.21, 1142.63
1848.64, 1142.67
1849.07, 1142.72
1849.7, 1142.79
1850.13, 1142.85
1850.55, 1142.91
1850.98, 1142.96
1851.4, 1143.02
1851.83, 1143.08
1852.25, 1143.13
1852.68, 1143.19
1853.11, 1143.25
1853.53, 1143.3
1853.96, 1143.36
1854.38, 1143.42
1854.81, 1143.47
1855.24, 1143.53
1855.66, 1143.59
1856.09, 1143.64
1856.52, 1143.7
1856.94, 1143.76
1857.37, 1143.81
1857.8, 1143.87
1858.23, 1143.93
1858.65, 1143.98
1859.08, 1144.04
1859.51, 1144.1
1859.94, 1144.15
1860.36, 1144.21
1860.79, 1144.27
1861.22, 1144.32
1861.65, 1144.38
1862.07, 1144.44
1862.5, 1144.49
1862.93, 1144.55
1863.36, 1144.61
1863.79, 1144.66
1864.21, 1144.72
1864.64, 1144.78
1865.07, 1144.84
1865.49, 1144.89
1865.92, 1144.95
1866.35, 1145.01
1866.78, 1145.06
1867.2, 1145.12
1867.63, 1145.18
1868.06, 1145.23
1868.48, 1145.29
1868.91, 1145.35
1869.34, 1145.4
1869.77, 1145.46

waypoints
x, y
1838.34, 1141.67
1838.77, 1141.71
1839.2, 1141.76
1839.63, 1141.8
1840.06, 1141.84
1840.49, 1141.88
1840.92, 1141.92
1841.35, 1141.96
1841.78, 1142.01
1842.21, 1142.05
1842.64, 1142.09
1843.07, 1142.13
1843.49, 1142.17
1843.92, 1142.21
1844.35, 1142.26
1844.78, 1142.3
1845.21, 1142.34
1845.64, 1142.38
1846.07, 1142.42
1846.5, 1142.47
1846.93, 1142.51
1847.35, 1142.55
1847.78, 1142.59
1848.21, 1142.63
1848.64, 1142.67
1849.07, 1142.72
1849.7, 1142.79
1850.13, 1142.85
1850.55, 1142.91
1850.98, 1142.96
1851.4, 1143.02
1851.83, 1143.08
1852.25, 1143.13
1852.68, 1143.19
1853.11, 1143.25
1853.53, 1143.3
1853.96, 1143.36
1854.38, 1143.42
1854.81, 1143.47
1855.24, 1143.53
1855.66, 1143.59
1856.09, 1143.64
1856.52, 1143.7
1856.94, 1143.76
1857.37, 1143.81
1857.8, 1143.87
1858.23, 1143.93
1858.65, 1143.98
1859.08, 1144.04
1859.51, 1144.1
1859.94, 1144.15
1860.36, 1144.21
1860.79, 1144.27
1861.22, 1144.32
1861.65, 1144.38
1862.07, 1144.44
1862.5, 1144.49
1862.93, 1144.55
1863.36, 1144.61
1863.79, 1144.66
1864.21, 1144.72
1864.64, 1144.78
1865.07, 1144.84
1865.49, 1144.89
1865.92, 1144.95
1866.35, 1145.01
1866.78, 1145.06
1867.2, 1145.12
1867.63, 1145.18
1868.06, 1145.23
1868.48, 1145.29
1868.91, 1145.35
1869.34, 1145.4
1869.77, 1145.46

waypoints
x, y
1840.06, 1141.84
1840.49, 1141.88
1840.92, 1141.92
1841.35, 1141.96
1841.78, 1142.01
1842.21, 1142.05
1842.64, 1142.09
1843.07, 1142.13
1843.49, 1142.17
1843.92, 1142.21
1844.35, 1142.26
1844.78, 1142.3
1845.21, 1142.34
1845.64, 1142.38
1846.07, 1142.42
1846.5, 1142.47
1846.93, 1142.51
1847.35, 1142.55
1847.78, 1142.59
1848.21, 1142.63
1848.64, 1142.67
1849.07, 1142.72
1849.7, 1142.79
1850.13, 1142.85
1850.55, 1142.91
1850.98, 1142.96
1851.4, 1143.02
1851.83, 1143.08
1852.25, 1143.13
1852.68, 1143.19
1853.11, 1143.25
1853.53, 1143.3
1853.96, 1143.36
1854.38, 1143.42
1854.81, 1143.47
1855.24, 1143.53
1855.66, 1143.59
1856.09, 1143.64
1856.52, 1143.7
1856.94, 1143.76
1857.37, 1143.81
1857.8, 1143.87
1858.23, 1143.93
1858.65, 1143.98
1859.08, 1144.04
1859.51, 1144.1
1859.94, 1144.15
1860.36, 1144.21
1860.79, 1144.27
1861.22, 1144.32
1861.65, 1144.38
1862.07, 1144.44
1862.5, 1144.49
1862.93, 1144.55
1863.36, 1144.61
1863.79, 1144.66
1864.21, 1144.72
1864.64, 1144.78
1865.07, 1144.84
1865.49, 1144.89
1865.92, 1144.95
1866.35, 1145.01
1866.78, 1145.06
1867.2, 1145.12
1867.63, 1145.18
1868.06, 1145.23
1868.48, 1145.29
1868.91, 1145.35
1869.34, 1145.4
1869.77, 1145.46

waypoints
x, y
1841.78, 1142.01
1842.21, 1142.05
1842.64, 1142.09
1843.07, 1142.13
1843.49, 1142.17
1843.92, 1142.21
1844.35, 1142.26
1844.78, 1142.3
1845.21, 1142.34
1845.64, 1142.38
1846.07, 1142.42
1846.5, 1142.47
1846.93, 1142.51
1847.35, 1142.55
1847.78, 1142.59
1848.21, 1142.63
1848.64, 1142.67
1849.07, 1142.72
1849.7, 1142.79
1850.13, 1142.85
1850.55, 1142.91
1850.98, 1142.96
1851.4, 1143.02
1851.83, 1143.08
1852.25, 1143.13
1852.68, 1143.19
1853.11, 1143.25
1853.53, 1143.3
1853.96, 1143.36
1854.38, 1143.42
1854.81, 1143.47
1855.24, 1143.53
1855.66, 1143.59
1856.09, 1143.64
1856.52, 1143.7
1856.94, 1143.76
1857.37, 1143.81
1857.8, 1143.87
1858.23, 1143.93
1858.65, 1143.98
1859.08, 1144.04
1859.51, 1144.1
1859.94, 1144.15
1860.36, 1144.21
1860.79, 1144.27
1861.22, 1144.32
1861.65, 1144.38
1862.07, 1144.44
1862.5, 1144.49
1862.93, 1144.55
1863.36, 1144.61
1863.79, 1144.66
1864.21, 1144.72
1864.64, 1144.78
1865.07, 1144.84
1865.49, 1144.89
1865.92, 1144.95
1866.35, 1145.01
1866.78, 1145.06
1867.2, 1145.12
1867.63, 1145.18
1868.06, 1145.23
1868.48, 1145.29
1868.91, 1145.35
1869.34, 1145.4
1869.77, 1145.46

waypoints
x, y
1843.07, 1142.13
1843.49, 1142.17
1843.92, 1142.21
1844.35, 1142.26
1844.78, 1142.3
1845.21, 1142.34
1845.64, 1142.38
1846.07, 1142.42
1846.5, 1142.47
1846.93, 1142.51
1847.35, 1142.55
1847.78, 1142.59
1848.21, 1142.63
1848.64, 1142.67
1849.07, 1142.72
1849.7, 1142.79
1850.13, 1142.85
1850.55, 1142.91
1850.98, 1142.96
1851.4, 1143.02
1851.83, 1143.08
1852.25, 1143.13
1852.68, 1143.19
1853.11, 1143.25
1853.53, 1143.3
1853.96, 1143.36
1854.38, 1143.42
1854.81, 1143.47
1855.24, 1143.53
1855.66, 1143.59
1856.09, 1143.64
1856.52, 1143.7
1856.94, 1143.76
1857.37, 1143.81
1857.8, 1143.87
1858.23, 1143.93
1858.65, 1143.98
1859.08, 1144.04
1859.51, 1144.1
1859.94, 1144.15
1860.36, 1144.21
1860.79, 1144.27
1861.22, 1144.32
1861.65, 1144.38
1862.07, 1144.44
1862.5, 1144.49
1862.93, 1144.55
1863.36, 1144.61
1863.79, 1144.66
1864.21, 1144.72
1864.64, 1144.78
1865.07, 1144.84
1865.49, 1144.89
1865.92, 1144.95
1866.35, 1145.01
1866.78, 1145.06
1867.2, 1145.12
1867.63, 1145.18
1868.06, 1145.23
1868.48, 1145.29
1868.91, 1145.35
1869.34, 1145.4
1869.77, 1145.46

waypoints
x, y
1844.78, 1142.3
1845.21, 1142.34
1845.64, 1142.38
1846.07, 1142.42
1846.5, 1142.47
1846.93, 1142.51
1847.35, 1142.55
1847.78, 1142.59
1848.21, 1142.63
1848.64, 1142.67
1849.07, 1142.72
1849.7, 1142.79
1850.13, 1142.85
1850.55, 1142.91
1850.98, 1142.96
1851.4, 1143.02
1851.83, 1143.08
1852.25, 1143.13
1852.68, 1143.19
1853.11, 1143.25
1853.53, 1143.3
1853.96, 1143.36
1854.38, 1143.42
1854.81, 1143.47
1855.24, 1143.53
1855.66, 1143.59
1856.09, 1143.64
1856.52, 1143.7
1856.94, 1143.76
1857.37, 1143.81
1857.8, 1143.87
1858.23, 1143.93
1858.65, 1143.98
1859.08, 1144.04
1859.51, 1144.1
1859.94, 1144.15
1860.36, 1144.21
1860.79, 1144.27
1861.22, 1144.32
1861.65, 1144.38
1862.07, 1144.44
1862.5, 1144.49
1862.93, 1144.55
1863.36, 1144.61
1863.79, 1144.66
1864.21, 1144.72
1864.64, 1144.78
1865.07, 1144.84
1865.49, 1144.89
1865.92, 1144.95
1866.35, 1145.01
1866.78, 1145.06
1867.2, 1145.12
1867.63, 1145.18
1868.06, 1145.23
1868.48, 1145.29
1868.91, 1145.35
1869.34, 1145.4
1869.77, 1145.46

waypoints
x, y
1846.5, 1142.47
1846.93, 1142.51
1847.35, 1142.55
1847.78, 1142.59
1848.21, 1142.63
1848.64, 1142.67
1849.07, 1142.72
1849.7, 1142.79
1850.13, 1142.85
1850.55, 1142.91
1850.98, 1142.96
1851.4, 1143.02
1851.83, 1143.08
1852.25, 1143.13
1852.68, 1143.19
1853.11, 1143.25
1853.53, 1143.3
1853.96, 1143.36
1854.38, 1143.42
1854.81, 1143.47
1855.24, 1143.53
1855.66, 1143.59
1856.09, 1143.64
1856.52, 1143.7
1856.94, 1143.76
1857.37, 1143.81
1857.8, 1143.87
1858.23, 1143.93
1858.65, 1143.98
1859.08, 1144.04
1859.51, 1144.1
1859.94, 1144.15
1860.36, 1144.21
1860.79, 1144.27
1861.22, 1144.32
1861.65, 1144.38
1862.07, 1144.44
1862.5, 1144.49
1862.93, 1144.55
1863.36, 1144.61
1863.79, 1144.66
1864.21, 1144.72
1864.64, 1144.78
1865.07, 1144.84
1865.49, 1144.89
1865.92, 1144.95
1866.35, 1145.01
1866.78, 1145.06
1867.2, 1145.12
1867.63, 1145.18
1868.06, 1145.23
1868.48, 1145.29
1868.91, 1145.35
1869.34, 1145.4
1869.77, 1145.46

waypoints
x, y
1847.78, 1142.59
1848.21, 1142.63
1848.64, 1142.67
1849.07, 1142.72
1849.7, 1142.79
1850.13, 1142.85
1850.55, 1142.91
1850.98, 1142.96
1851.4, 1143.02
1851.83, 1143.08
1852.25, 1143.13
1852.68, 1143.19
1853.11, 1143.25
1853.53, 1143.3
1853.96, 1143.36
1854.38, 1143.42
1854.81, 1143.47
1855.24, 1143.53
1855.66, 1143.59
1856.09, 1143.64
1856.52, 1143.7
1856.94, 1143.76
1857.37, 1143.81
1857.8, 1143.87
1858.23, 1143.93
1858.65, 1143.98
1859.08, 1144.04
1859.51, 1144.1
1859.94, 1144.15
1860.36, 1144.21
1860.79, 1144.27
1861.22, 1144.32
1861.65, 1144.38
1862.07, 1144.44
1862.5, 1144.49
1862.93, 1144.55
1863.36, 1144.61
1863.79, 1144.66
1864.21, 1144.72
1864.64, 1144.78
1865.07, 1144.84
1865.49, 1144.89
1865.92, 1144.95
1866.35, 1145.01
1866.78, 1145.06
1867.2, 1145.12
1867.63, 1145.18
1868.06, 1145.23
1868.48, 1145.29
1868.91, 1145.35
1869.34, 1145.4
1869.77, 1145.46

waypoints
x, y
1849.7, 1142.79
1850.13, 1142.85
1850.55, 1142.91
1850.98, 1142.96
1851.4, 1143.02
1851.83, 1143.08
1852.25, 1143.13
1852.68, 1143.19
1853.11, 1143.25
1853.53, 1143.3
1853.96, 1143.36
1854.38, 1143.42
1854.81, 1143.47
1855.24, 1143.53
1855.66, 1143.59
1856.09, 1143.64
1856.52, 1143.7
1856.94, 1143.76
1857.37, 1143.81
1857.8, 1143.87
1858.23, 1143.93
1858.65, 1143.98
1859.08, 1144.04
1859.51, 1144.1
1859.94, 1144.15
1860.36, 1144.21
1860.79, 1144.27
1861.22, 1144.32
1861.65, 1144.38
1862.07, 1144.44
1862.5, 1144.49
1862.93, 1144.55
1863.36, 1144.61
1863.79, 1144.66
1864.21, 1144.72
1864.64, 1144.78
1865.07, 1144.84
1865.49, 1144.89
1865.92, 1144.95
1866.35, 1145.01
1866.78, 1145.06
1867.2, 1145.12
1867.63, 1145.18
1868.06, 1145.23
1868.48, 1145.29
1868.91, 1145.35
1869.34, 1145.4
1869.77, 1145.46
1870.19, 1145.52
1870.62, 1145.57
1871.04, 1145.63
1871.47, 1145.69
1871.9, 1145.74
1872.32, 1145.8
1872.75, 1145.86
1873.18, 1145.91
1873.6, 1145.97
1874.03, 1146.03
1874.45, 1146.08
1874.88, 1146.14
1875.31, 1146.2
1875.73, 1146.25
1876.16, 1146.31
1876.59, 1146.37
1877.02, 1146.42
1877.44, 1146.48
1877.87, 1146.54
1878.3, 1146.59
1878.72, 1146.65
1879.15, 1146.71
1880.09, 1146.86
1880.51, 1146.96
1880.93, 1147.05
1881.35, 1147.15
1881.78, 1147.24
1882.2, 1147.33
1882.62, 1147.43
1883.04, 1147.52
1883.46, 1147.62
1883.88, 1147.71
1884.3, 1147.8
1884.72, 1147.9
1885.14, 1147.99
1885.56, 1148.08
1885.98, 1148.18
1886.4, 1148.27
1886.82, 1148.37
1887.24, 1148.46
1887.66, 1148.55
1888.08, 1148.65
1888.5, 1148.74
1888.92, 1148.84
1889.34, 1148.93
1889.76, 1149.02
1890.18, 1149.12
1890.6, 1149.21
1891.02, 1149.31

waypoints
x, y
1851.4, 1143.02
1851.83, 1143.08
1852.25, 1143.13
1852.68, 1143.19
1853.11, 1143.25
1853.53, 1143.3
1853.96, 1143.36
1854.38, 1143.42
1854.81, 1143.47
1855.24, 1143.53
1855.66, 1143.59
1856.09, 1143.64
1856.52, 1143.7
1856.94, 1143.76
1857.37, 1143.81
1857.8, 1143.87
1858.23, 1143.93
1858.65, 1143.98
1859.08, 1144.04
1859.51, 1144.1
1859.94, 1144.15
1860.36, 1144.21
1860.79, 1144.27
1861.22, 1144.32
1861.65, 1144.38
1862.07, 1144.44
1862.5, 1144.49
1862.93, 1144.55
1863.36, 1144.61
1863.79, 1144.66
1864.21, 1144.72
1864.64, 1144.78
1865.07, 1144.84
1865.49, 1144.89
1865.92, 1144.95
1866.35, 1145.01
1866.78, 1145.06
1867.2, 1145.12
1867.63, 1145.18
1868.06, 1145.23
1868.48, 1145.29
1868.91, 1145.35
1869.34, 1145.4
1869.77, 1145.46
1870.19, 1145.52
1870.62, 1145.57
1871.04, 1145.63
1871.47, 1145.69
1871.9, 1145.74
1872.32, 1145.8
1872.75, 1145.86
1873.17, 1145.91
1873.6, 1145.97
1874.03, 1146.03
1874.45, 1146.08
1874.88, 1146.14
1875.31, 1146.2
1875.73, 1146.25
1876.16, 1146.31
1876.59, 1146.37
1877.02, 1146.42
1877.44, 1146.48
1877.87, 1146.54
1878.3, 1146.59
1878.72, 1146.65
1879.15, 1146.71
1880.09, 1146.86
1880.51, 1146.96
1880.93, 1147.05
1881.36, 1147.14
1881.78, 1147.24
1882.2, 1147.33
1882.62, 1147.43
1883.04, 1147.52
1883.46, 1147.62
1883.88, 1147.71
1884.3, 1147.8
1884.72, 1147.9
1885.14, 1147.99
1885.56, 1148.09
1885.98, 1148.18
1886.4, 1148.27
1886.82, 1148.37
1887.24, 1148.46
1887.66, 1148.55
1888.08, 1148.65
1888.5, 1148.74
1888.92, 1148.84
1889.34, 1148.93
1889.76, 1149.02
1890.18, 1149.12
1890.6, 1149.21
1891.02, 1149.31

waypoints
x, y
1852.68, 1143.19
1853.11, 1143.25
1853.53, 1143.3
1853.96, 1143.36
1854.38, 1143.42
1854.81, 1143.47
1855.24, 1143.53
1855.66, 1143.59
1856.09, 1143.64
1856.52, 1143.7
1856.94, 1143.76
1857.37, 1143.81
1857.8, 1143.87
1858.23, 1143.93
1858.65, 1143.98
1859.08, 1144.04
1859.51, 1144.1
1859.94, 1144.15
1860.36, 1144.21
1860.79, 1144.27
1861.22, 1144.32
1861.65, 1144.38
1862.07, 1144.44
1862.5, 1144.49
1862.93, 1144.55
1863.36, 1144.61
1863.79, 1144.66
1864.21, 1144.72
1864.64, 1144.78
1865.07, 1144.84
1865.49, 1144.89
1865.92, 1144.95
1866.35, 1145.01
1866.78, 1145.06
1867.2, 1145.12
1867.63, 1145.18
1868.06, 1145.23
1868.48, 1145.29
1868.91, 1145.35
1869.34, 1145.4
1869.77, 1145.46
1870.19, 1145.52
1870.62, 1145.57
1871.04, 1145.63
1871.47, 1145.69
1871.9, 1145.74
1872.32, 1145.8
1872.75, 1145.86
1873.17, 1145.91
1873.6, 1145.97
1874.03, 1146.03
1874.45, 1146.08
1874.88, 1146.14
1875.31, 1146.2
1875.73, 1146.25
1876.16, 1146.31
1876.59, 1146.37
1877.02, 1146.42
1877.44, 1146.48
1877.87, 1146.54
1878.3, 1146.59
1878.72, 1146.65
1879.15, 1146.71
1880.09, 1146.86
1880.51, 1146.96
1880.93, 1147.05
1881.36, 1147.14
1881.78, 1147.24
1882.2, 1147.33
1882.62, 1147.43
1883.04, 1147.52
1883.46, 1147.62
1883.88, 1147.71
1884.3, 1147.8
1884.72, 1147.9
1885.14, 1147.99
1885.56, 1148.09
1885.98, 1148.18
1886.4, 1148.27
1886.82, 1148.37
1887.24, 1148.46
1887.66, 1148.55
1888.08, 1148.65
1888.5, 1148.74
1888.92, 1148.84
1889.34, 1148.93
1889.76, 1149.02
1890.18, 1149.12
1890.6, 1149.21
1891.02, 1149.31

waypoints
x, y
1854.38, 1143.42
1854.81, 1143.47
1855.24, 1143.53
1855.66, 1143.59
1856.09, 1143.64
1856.52, 1143.7
1856.94, 1143.76
1857.37, 1143.81
1857.8, 1143.87
1858.23, 1143.93
1858.65, 1143.98
1859.08, 1144.04
1859.51, 1144.1
1859.94, 1144.15
1860.36, 1144.21
1860.79, 1144.27
1861.22, 1144.32
1861.65, 1144.38
1862.07, 1144.44
1862.5, 1144.49
1862.93, 1144.55
1863.36, 1144.61
1863.79, 1144.66
1864.21, 1144.72
1864.64, 1144.78
1865.07, 1144.84
1865.49, 1144.89
1865.92, 1144.95
1866.35, 1145.01
1866.78, 1145.06
1867.2, 1145.12
1867.63, 1145.18
1868.06, 1145.23
1868.48, 1145.29
1868.91, 1145.35
1869.34, 1145.4
1869.77, 1145.46
1870.19, 1145.52
1870.62, 1145.57
1871.04, 1145.63
1871.47, 1145.69
1871.9, 1145.74
1872.32, 1145.8
1872.75, 1145.86
1873.17, 1145.91
1873.6, 1145.97
1874.03, 1146.03
1874.45, 1146.08
1874.88, 1146.14
1875.31, 1146.2
1875.73, 1146.25
1876.16, 1146.31
1876.59, 1146.37
1877.02, 1146.42
1877.44, 1146.48
1877.87, 1146.54
1878.3, 1146.59
1878.72, 1146.65
1879.15, 1146.71
1880.09, 1146.86
1880.51, 1146.96
1880.93, 1147.05
1881.36, 1147.14
1881.78, 1147.24
1882.2, 1147.33
1882.62, 1147.43
1883.04, 1147.52
1883.46, 1147.62
1883.88, 1147.71
1884.3, 1147.8
1884.72, 1147.9
1885.14, 1147.99
1885.56, 1148.09
1885.98, 1148.18
1886.4, 1148.27
1886.82, 1148.37
1887.24, 1148.46
1887.66, 1148.55
1888.08, 1148.65
1888.5, 1148.74
1888.92, 1148.84
1889.34, 1148.93
1889.76, 1149.02
1890.18, 1149.12
1890.6, 1149.21
1891.02, 1149.31

waypoints
x, y
1855.66, 1143.59
1856.09, 1143.64
1856.52, 1143.7
1856.94, 1143.76
1857.37, 1143.81
1857.8, 1143.87
1858.23, 1143.93
1858.65, 1143.98
1859.08, 1144.04
1859.51, 1144.1
1859.94, 1144.15
1860.36, 1144.21
1860.79, 1144.27
1861.22, 1144.32
1861.65, 1144.38
1862.07, 1144.44
1862.5, 1144.49
1862.93, 1144.55
1863.36, 1144.61
1863.79, 1144.66
1864.21, 1144.72
1864.64, 1144.78
1865.07, 1144.84
1865.49, 1144.89
1865.92, 1144.95
1866.35, 1145.01
1866.78, 1145.06
1867.2, 1145.12
1867.63, 1145.18
1868.06, 1145.23
1868.48, 1145.29
1868.91, 1145.35
1869.34, 1145.4
1869.77, 1145.46
1870.19, 1145.52
1870.62, 1145.57
1871.04, 1145.63
1871.47, 1145.69
1871.9, 1145.74
1872.32, 1145.8
1872.75, 1145.86
1873.17, 1145.91
1873.6, 1145.97
1874.03, 1146.03
1874.45, 1146.08
1874.88, 1146.14
1875.31, 1146.2
1875.73, 1146.25
1876.16, 1146.31
1876.59, 1146.37
1877.02, 1146.42
1877.44, 1146.48
1877.87, 1146.54
1878.3, 1146.59
1878.72, 1146.65
1879.15, 1146.71
1880.09, 1146.86
1880.51, 1146.96
1880.93, 1147.05
1881.36, 1147.14
1881.78, 1147.24
1882.2, 1147.33
1882.62, 1147.43
1883.04, 1147.52
1883.46, 1147.62
1883.88, 1147.71
1884.3, 1147.8
1884.72, 1147.9
1885.14, 1147.99
1885.56, 1148.09
1885.98, 1148.18
1886.4, 1148.27
1886.82, 1148.37
1887.24, 1148.46
1887.66, 1148.55
1888.08, 1148.65
1888.5, 1148.74
1888.92, 1148.84
1889.34, 1148.93
1889.76, 1149.02
1890.18, 1149.12
1890.6, 1149.21
1891.02, 1149.31

waypoints
x, y
1857.37, 1143.81
1857.8, 1143.87
1858.23, 1143.93
1858.65, 1143.98
1859.08, 1144.04
1859.51, 1144.1
1859.94, 1144.15
1860.36, 1144.21
1860.79, 1144.27
1861.22, 1144.32
1861.65, 1144.38
1862.07, 1144.44
1862.5, 1144.49
1862.93, 1144.55
1863.36, 1144.61
1863.79, 1144.66
1864.21, 1144.72
1864.64, 1144.78
1865.07, 1144.84
1865.49, 1144.89
1865.92, 1144.95
1866.35, 1145.01
1866.78, 1145.06
1867.2, 1145.12
1867.63, 1145.18
1868.06, 1145.23
1868.48, 1145.29
1868.91, 1145.35
1869.34, 1145.4
1869.77, 1145.46
1870.19, 1145.52
1870.62, 1145.57
1871.04, 1145.63
1871.47, 1145.69
1871.9, 1145.74
1872.32, 1145.8
1872.75, 1145.86
1873.17, 1145.91
1873.6, 1145.97
1874.03, 1146.03
1874.45, 1146.08
1874.88, 1146.14
1875.31, 1146.2
1875.73, 1146.25
1876.16, 1146.31
1876.59, 1146.37
1877.02, 1146.42
1877.44, 1146.48
1877.87, 1146.54
1878.3, 1146.59
1878.72, 1146.65
1879.15, 1146.71
1880.09, 1146.86
1880.51, 1146.96
1880.93, 1147.05
1881.36, 1147.14
1881.78, 1147.24
1882.2, 1147.33
1882.62, 1147.43
1883.04, 1147.52
1883.46, 1147.62
1883.88, 1147.71
1884.3, 1147.8
1884.72, 1147.9
1885.14, 1147.99
1885.56, 1148.09
1885.98, 1148.18
1886.4, 1148.27
1886.82, 1148.37
1887.24, 1148.46
1887.66, 1148.55
1888.08, 1148.65
1888.5, 1148.74
1888.92, 1148.84
1889.34, 1148.93
1889.76, 1149.02
1890.18, 1149.12
1890.6, 1149.21
1891.02, 1149.31

waypoints
x, y
1859.08, 1144.04
1859.51, 1144.1
1859.94, 1144.15
1860.36, 1144.21
1860.79, 1144.27
1861.22, 1144.32
1861.65, 1144.38
1862.07, 1144.44
1862.5, 1144.49
1862.93, 1144.55
1863.36, 1144.61
1863.79, 1144.66
1864.21, 1144.72
1864.64, 1144.78
1865.07, 1144.84
1865.49, 1144.89
1865.92, 1144.95
1866.35, 1145.01
1866.78, 1145.06
1867.2, 1145.12
1867.63, 1145.18
1868.06, 1145.23
1868.48, 1145.29
1868.91, 1145.35
1869.34, 1145.4
1869.77, 1145.46
1870.19, 1145.52
1870.62, 1145.57
1871.04, 1145.63
1871.47, 1145.69
1871.9, 1145.74
1872.32, 1145.8
1872.75, 1145.86
1873.17, 1145.91
1873.6, 1145.97
1874.03, 1146.03
1874.45, 1146.08
1874.88, 1146.14
1875.31, 1146.2
1875.73, 1146.25
1876.16, 1146.31
1876.59, 1146.37
1877.02, 1146.42
1877.44, 1146.48
1877.87, 1146.54
1878.3, 1146.59
1878.72, 1146.65
1879.15, 1146.71
1880.09, 1146.86
1880.51, 1146.96
1880.93, 1147.05
1881.36, 1147.14
1881.78, 1147.24
1882.2, 1147.33
1882.62, 1147.43
1883.04, 1147.52
1883.46, 1147.62
1883.88, 1147.71
1884.3, 1147.8
1884.72, 1147.9
1885.14, 1147.99
1885.56, 1148.09
1885.98, 1148.18
1886.4, 1148.27
1886.82, 1148.37
1887.24, 1148.46
1887.66, 1148.55
1888.08, 1148.65
1888.5, 1148.74
1888.92, 1148.84
1889.34, 1148.93
1889.76, 1149.02
1890.18, 1149.12
1890.6, 1149.21
1891.02, 1149.31

waypoints
x, y
1860.36, 1144.21
1860.79, 1144.27
1861.22, 1144.32
1861.65, 1144.38
1862.07, 1144.44
1862.5, 1144.49
1862.93, 1144.55
1863.36, 1144.61
1863.79, 1144.66
1864.21, 1144.72
1864.64, 1144.78
1865.07, 1144.84
1865.49, 1144.89
1865.92, 1144.95
1866.35, 1145.01
1866.78, 1145.06
1867.2, 1145.12
1867.63, 1145.18
1868.06, 1145.23
1868.48, 1145.29
1868.91, 1145.35
1869.34, 1145.4
1869.77, 1145.46
1870.19, 1145.52
1870.62, 1145.57
1871.04, 1145.63
1871.47, 1145.69
1871.9, 1145.74
1872.32, 1145.8
1872.75, 1145.86
1873.17, 1145.91
1873.6, 1145.97
1874.03, 1146.03
1874.45, 1146.08
1874.88, 1146.14
1875.31, 1146.2
1875.73, 1146.25
1876.16, 1146.31
1876.59, 1146.37
1877.02, 1146.42
1877.44, 1146.48
1877.87, 1146.54
1878.3, 1146.59
1878.72, 1146.65
1879.15, 1146.71
1880.09, 1146.86
1880.51, 1146.96
1880.93, 1147.05
1881.36, 1147.14
1881.78, 1147.24
1882.2, 1147.33
1882.62, 1147.43
1883.04, 1147.52
1883.46, 1147.62
1883.88, 1147.71
1884.3, 1147.8
1884.72, 1147.9
1885.14, 1147.99
1885.56, 1148.09
1885.98, 1148.18
1886.4, 1148.27
1886.82, 1148.37
1887.24, 1148.46
1887.66, 1148.55
1888.08, 1148.65
1888.5, 1148.74
1888.92, 1148.84
1889.34, 1148.93
1889.76, 1149.02
1890.18, 1149.12
1890.6, 1149.21
1891.02, 1149.31

waypoints
x, y
1862.07, 1144.44
1862.5, 1144.49
1862.93, 1144.55
1863.36, 1144.61
1863.79, 1144.66
1864.21, 1144.72
1864.64, 1144.78
1865.07, 1144.84
1865.49, 1144.89
1865.92, 1144.95
1866.35, 1145.01
1866.78, 1145.06
1867.2, 1145.12
1867.63, 1145.18
1868.06, 1145.23
1868.48, 1145.29
1868.91, 1145.35
1869.34, 1145.4
1869.77, 1145.46
1870.19, 1145.52
1870.62, 1145.57
1871.04, 1145.63
1871.47, 1145.69
1871.9, 1145.74
1872.32, 1145.8
1872.75, 1145.86
1873.17, 1145.91
1873.6, 1145.97
1874.03, 1146.03
1874.45, 1146.08
1874.88, 1146.14
1875.31, 1146.2
1875.73, 1146.25
1876.16, 1146.31
1876.59, 1146.37
1877.02, 1146.42
1877.44, 1146.48
1877.87, 1146.54
1878.3, 1146.59
1878.72, 1146.65
1879.15, 1146.71
1880.09, 1146.86
1880.51, 1146.96
1880.93, 1147.05
1881.36, 1147.14
1881.78, 1147.24
1882.2, 1147.33
1882.62, 1147.43
1883.04, 1147.52
1883.46, 1147.62
1883.88, 1147.71
1884.3, 1147.8
1884.72, 1147.9
1885.14, 1147.99
1885.56, 1148.09
1885.98, 1148.18
1886.4, 1148.27
1886.82, 1148.37
1887.24, 1148.46
1887.66, 1148.55
1888.08, 1148.65
1888.5, 1148.74
1888.92, 1148.84
1889.34, 1148.93
1889.76, 1149.02
1890.18, 1149.12
1890.6, 1149.21
1891.02, 1149.31

waypoints
x, y
1863.79, 1144.66
1864.21, 1144.72
1864.64, 1144.78
1865.07, 1144.84
1865.49, 1144.89
1865.92, 1144.95
1866.35, 1145.01
1866.78, 1145.06
1867.2, 1145.12
1867.63, 1145.18
1868.06, 1145.23
1868.48, 1145.29
1868.91, 1145.35
1869.34, 1145.4
1869.77, 1145.46
1870.19, 1145.52
1870.62, 1145.57
1871.04, 1145.63
1871.47, 1145.69
1871.9, 1145.74
1872.32, 1145.8
1872.75, 1145.86
1873.17, 1145.91
1873.6, 1145.97
1874.03, 1146.03
1874.45, 1146.08
1874.88, 1146.14
1875.31, 1146.2
1875.73, 1146.25
1876.16, 1146.31
1876.59, 1146.37
1877.02, 1146.42
1877.44, 1146.48
1877.87, 1146.54
1878.3, 1146.59
1878.72, 1146.65
1879.15, 1146.71
1880.09, 1146.86
1880.51, 1146.96
1880.93, 1147.05
1881.36, 1147.14
1881.78, 1147.24
1882.2, 1147.33
1882.62, 1147.43
1883.04, 1147.52
1883.46, 1147.62
1883.88, 1147.71
1884.3, 1147.8
1884.72, 1147.9
1885.14, 1147.99
1885.56, 1148.09
1885.98, 1148.18
1886.4, 1148.27
1886.82, 1148.37
1887.24, 1148.46
1887.66, 1148.55
1888.08, 1148.65
1888.5, 1148.74
1888.92, 1148.84
1889.34, 1148.93
1889.76, 1149.02
1890.18, 1149.12
1890.6, 1149.21
1891.02, 1149.31

waypoints
x, y
1865.07, 1144.84
1865.49, 1144.89
1865.92, 1144.95
1866.35, 1145.01
1866.78, 1145.06
1867.2, 1145.12
1867.63, 1145.18
1868.06, 1145.23
1868.48, 1145.29
1868.91, 1145.35
1869.34, 1145.4
1869.77, 1145.46
1870.19, 1145.52
1870.62, 1145.57
1871.04, 1145.63
1871.47, 1145.69
1871.9, 1145.74
1872.32, 1145.8
1872.75, 1145.86
1873.17, 1145.91
1873.6, 1145.97
1874.03, 1146.03
1874.45, 1146.08
1874.88, 1146.14
1875.31, 1146.2
1875.73, 1146.25
1876.16, 1146.31
1876.59, 1146.37
1877.02, 1146.42
1877.44, 1146.48
1877.87, 1146.54
1878.3, 1146.59
1878.72, 1146.65
1879.15, 1146.71
1880.09, 1146.86
1880.51, 1146.96
1880.93, 1147.05
1881.36, 1147.14
1881.78, 1147.24
1882.2, 1147.33
1882.62, 1147.43
1883.04, 1147.52
1883.46, 1147.62
1883.88, 1147.71
1884.3, 1147.8
1884.72, 1147.9
1885.14, 1147.99
1885.56, 1148.09
1885.98, 1148.18
1886.4, 1148.27
1886.82, 1148.37
1887.24, 1148.46
1887.66, 1148.55
1888.08, 1148.65
1888.5, 1148.74
1888.92, 1148.84
1889.34, 1148.93
1889.76, 1149.02
1890.18, 1149.12
1890.6, 1149.21
1891.02, 1149.31

waypoints
x, y
1866.78, 1145.06
1867.2, 1145.12
1867.63, 1145.18
1868.06, 1145.23
1868.48, 1145.29
1868.91, 1145.35
1869.34, 1145.4
1869.77, 1145.46
1870.19, 1145.52
1870.62, 1145.57
1871.04, 1145.63
1871.47, 1145.69
1871.9, 1145.74
1872.32, 1145.8
1872.75, 1145.86
1873.17, 1145.91
1873.6, 1145.97
1874.03, 1146.03
1874.45, 1146.08
1874.88, 1146.14
1875.31, 1146.2
1875.73, 1146.25
1876.16, 1146.31
1876.59, 1146.37
1877.02, 1146.42
1877.44, 1146.48
1877.87, 1146.54
1878.3, 1146.59
1878.72, 1146.65
1879.15, 1146.71
1880.09, 1146.86
1880.51, 1146.96
1880.93, 1147.05
1881.36, 1147.14
1881.78, 1147.24
1882.2, 1147.33
1882.62, 1147.43
1883.04, 1147.52
1883.46, 1147.62
1883.88, 1147.71
1884.3, 1147.8
1884.72, 1147.9
1885.14, 1147.99
1885.56, 1148.09
1885.98, 1148.18
1886.4, 1148.27
1886.82, 1148.37
1887.24, 1148.46
1887.66, 1148.55
1888.08, 1148.65
1888.5, 1148.74
1888.92, 1148.84
1889.34, 1148.93
1889.76, 1149.02
1890.18, 1149.12
1890.6, 1149.21
1891.02, 1149.31

waypoints
x, y
1868.48, 1145.29
1868.91, 1145.35
1869.34, 1145.4
1869.77, 1145.46
1870.19, 1145.52
1870.62, 1145.57
1871.04, 1145.63
1871.47, 1145.69
1871.9, 1145.74
1872.32, 1145.8
1872.75, 1145.86
1873.17, 1145.91
1873.6, 1145.97
1874.03, 1146.03
1874.45, 1146.08
1874.88, 1146.14
1875.31, 1146.2
1875.73, 1146.25
1876.16, 1146.31
1876.59, 1146.37
1877.02, 1146.42
1877.44, 1146.48
1877.87, 1146.54
1878.3, 1146.59
1878.72, 1146.65
1879.15, 1146.71
1880.09, 1146.86
1880.51, 1146.96
1880.93, 1147.05
1881.36, 1147.14
1881.78, 1147.24
1882.2, 1147.33
1882.62, 1147.43
1883.04, 1147.52
1883.46, 1147.62
1883.88, 1147.71
1884.3, 1147.8
1884.72, 1147.9
1885.14, 1147.99
1885.56, 1148.09
1885.98, 1148.18
1886.4, 1148.27
1886.82, 1148.37
1887.24, 1148.46
1887.66, 1148.55
1888.08, 1148.65
1888.5, 1148.74
1888.92, 1148.84
1889.34, 1148.93
1889.76, 1149.02
1890.18, 1149.12
1890.6, 1149.21
1891.02, 1149.31

waypoints
x, y
1870.19, 1145.52
1870.62, 1145.57
1871.04, 1145.63
1871.47, 1145.69
1871.9, 1145.74
1872.32, 1145.8
1872.75, 1145.86
1873.17, 1145.91
1873.6, 1145.97
1874.03, 1146.03
1874.45, 1146.08
1874.88, 1146.14
1875.31, 1146.2
1875.73, 1146.25
1876.16, 1146.31
1876.59, 1146.37
1877.02, 1146.42
1877.44, 1146.48
1877.87, 1146.54
1878.3, 1146.59
1878.72, 1146.65
1879.15, 1146.71
1880.09, 1146.86
1880.51, 1146.96
1880.93, 1147.05
1881.36, 1147.14
1881.78, 1147.24
1882.2, 1147.33
1882.62, 1147.43
1883.04, 1147.52
1883.46, 1147.62
1883.88, 1147.71
1884.3, 1147.8
1884.72, 1147.9
1885.14, 1147.99
1885.56, 1148.09
1885.98, 1148.18
1886.4, 1148.27
1886.82, 1148.37
1887.24, 1148.46
1887.66, 1148.55
1888.08, 1148.65
1888.5, 1148.74
1888.92, 1148.84
1889.34, 1148.93
1889.76, 1149.02
1890.18, 1149.12
1890.6, 1149.21
1891.02, 1149.31
1891.44, 1149.4
1891.87, 1149.49
1892.29, 1149.59
1892.71, 1149.68
1893.13, 1149.78
1893.55, 1149.87
1893.97, 1149.96
1894.39, 1150.06
1894.81, 1150.15
1895.23, 1150.25
1895.65, 1150.34
1896.07, 1150.43
1896.49, 1150.53
1896.91, 1150.62
1897.33, 1150.71
1897.75, 1150.81
1898.17, 1150.9
1898.59, 1151
1899.01, 1151.09
1899.43, 1151.18
1899.85, 1151.28
1900.27, 1151.37
1900.69, 1151.47
1901.11, 1151.56
1901.53, 1151.65
1901.95, 1151.75
1902.37, 1151.84
1902.79, 1151.94
1903.21, 1152.03
1903.63, 1152.12
1904.05, 1152.22
1904.47, 1152.31
1904.89, 1152.4
1905.31, 1152.5
1905.73, 1152.59
1906.15, 1152.69
1906.57, 1152.78
1906.99, 1152.87
1907.68, 1153.04
1908.09, 1153.15
1908.51, 1153.26
1908.92, 1153.38
1909.34, 1153.49
1909.75, 1153.6
1910.17, 1153.72
1910.58, 1153.83
1911, 1153.94
1911.42, 1154.05
1911.83, 1154.17

waypoints
x, y
1871.47, 1145.69
1871.9, 1145.74
1872.32, 1145.8
1872.75, 1145.86
1873.17, 1145.91
1873.6, 1145.97
1874.03, 1146.03
1874.45, 1146.08
1874.88, 1146.14
1875.31, 1146.2
1875.73, 1146.25
1876.16, 1146.31
1876.59, 1146.37
1877.02, 1146.42
1877.44, 1146.48
1877.87, 1146.54
1878.3, 1146.59
1878.72, 1146.65
1879.15, 1146.71
1880.09, 1146.86
1880.51, 1146.96
1880.93, 1147.05
1881.36, 1147.14
1881.78, 1147.24
1882.2, 1147.33
1882.62, 1147.43
1883.04, 1147.52
1883.46, 1147.62
1883.88, 1147.71
1884.3, 1147.8
1884.72, 1147.9
1885.14, 1147.99
1885.56, 1148.09
1885.98, 1148.18
1886.4, 1148.27
1886.82, 1148.37
1887.24, 1148.46
1887.66, 1148.55
1888.08, 1148.65
1888.5, 1148.74
1888.92, 1148.84
1889.34, 1148.93
1889.76, 1149.02
1890.18, 1149.12
1890.6, 1149.21
1891.02, 1149.31
1891.44, 1149.4
1891.87, 1149.49
1892.29, 1149.59
1892.71, 1149.68
1893.13, 1149.78
1893.55, 1149.87
1893.97, 1149.96
1894.39, 1150.06
1894.81, 1150.15
1895.23, 1150.24
1895.65, 1150.34
1896.07, 1150.43
1896.49, 1150.53
1896.91, 1150.62
1897.33, 1150.71
1897.75, 1150.81
1898.17, 1150.9
1898.59, 1151
1899.01, 1151.09
1899.43, 1151.18
1899.85, 1151.28
1900.27, 1151.37
1900.69, 1151.47
1901.11, 1151.56
1901.53, 1151.65
1901.95, 1151.75
1902.37, 1151.84
1902.79, 1151.93
1903.21, 1152.03
1903.63, 1152.12
1904.05, 1152.22
1904.47, 1152.31
1904.89, 1152.4
1905.31, 1152.5
1905.73, 1152.59
1906.15, 1152.69
1906.57, 1152.78
1906.99, 1152.87
1907.68, 1153.04
1908.09, 1153.15
1908.51, 1153.26
1908.92, 1153.38
1909.34, 1153.49
1909.75, 1153.6
1910.17, 1153.71
1910.59, 1153.83
1911, 1153.94
1911.42, 1154.05
1911.83, 1154.17

waypoints
x, y
1872.75, 1145.86
1873.17, 1145.91
1873.6, 1145.97
1874.03, 1146.03
1874.45, 1146.08
1874.88, 1146.14
1875.31, 1146.2
1875.73, 1146.25
1876.16, 1146.31
1876.59, 1146.37
1877.02, 1146.42
1877.44, 1146.48
1877.87, 1146.54
1878.3, 1146.59
1878.72, 1146.65
1879.15, 1146.71
1880.09, 1146.86
1880.51, 1146.96
1880.93, 1147.05
1881.36, 1147.14
1881.78, 1147.24
1882.2, 1147.33
1882.62, 1147.43
1883.04, 1147.52
1883.46, 1147.62
1883.88, 1147.71
1884.3, 1147.8
1884.72, 1147.9
1885.14, 1147.99
1885.56, 1148.09
1885.98, 1148.18
1886.4, 1148.27
1886.82, 1148.37
1887.24, 1148.46
1887.66, 1148.55
1888.08, 1148.65
1888.5, 1148.74
1888.92, 1148.84
1889.34, 1148.93
1889.76, 1149.02
1890.18, 1149.12
1890.6, 1149.21
1891.02, 1149.31
1891.44, 1149.4
1891.87, 1149.49
1892.29, 1149.59
1892.71, 1149.68
1893.13, 1149.78
1893.55, 1149.87
1893.97, 1149.96
1894.39, 1150.06
1894.81, 1150.15
1895.23, 1150.24
1895.65, 1150.34
1896.07, 1150.43
1896.49, 1150.53
1896.91, 1150.62
1897.33, 1150.71
1897.75, 1150.81
1898.17, 1150.9
1898.59, 1151
1899.01, 1151.09
1899.43, 1151.18
1899.85, 1151.28
1900.27, 1151.37
1900.69, 1151.47
1901.11, 1151.56
1901.53, 1151.65
1901.95, 1151.75
1902.37, 1151.84
1902.79, 1151.93
1903.21, 1152.03
1903.63, 1152.12
1904.05, 1152.22
1904.47, 1152.31
1904.89, 1152.4
1905.31, 1152.5
1905.73, 1152.59
1906.15, 1152.69
1906.57, 1152.78
1906.99, 1152.87
1907.68, 1153.04
1908.09, 1153.15
1908.51, 1153.26
1908.92, 1153.38
1909.34, 1153.49
1909.75, 1153.6
1910.17, 1153.71
1910.59, 1153.83
1911, 1153.94
1911.42, 1154.05
1911.83, 1154.17

waypoints
x, y
1874.45, 1146.08
1874.88, 1146.14
1875.31, 1146.2
1875.73, 1146.25
1876.16, 1146.31
1876.59, 1146.37
1877.02, 1146.42
1877.44, 1146.48
1877.87, 1146.54
1878.3, 1146.59
1878.72, 1146.65
1879.15, 1146.71
1880.09, 1146.86
1880.51, 1146.96
1880.93, 1147.05
1881.36, 1147.14
1881.78, 1147.24
1882.2, 1147.33
1882.62, 1147.43
1883.04, 1147.52
1883.46, 1147.62
1883.88, 1147.71
1884.3, 1147.8
1884.72, 1147.9
1885.14, 1147.99
1885.56, 1148.09
1885.98, 1148.18
1886.4, 1148.27
1886.82, 1148.37
1887.24, 1148.46
1887.66, 1148.55
1888.08, 1148.65
1888.5, 1148.74
1888.92, 1148.84
1889.34, 1148.93
1889.76, 1149.02
1890.18, 1149.12
1890.6, 1149.21
1891.02, 1149.31
1891.44, 1149.4
1891.87, 1149.49
1892.29, 1149.59
1892.71, 1149.68
1893.13, 1149.78
1893.55, 1149.87
1893.97, 1149.96
1894.39, 1150.06
1894.81, 1150.15
1895.23, 1150.24
1895.65, 1150.34
1896.07, 1150.43
1896.49, 1150.53
1896.91, 1150.62
1897.33, 1150.71
1897.75, 1150.81
1898.17, 1150.9
1898.59, 1151
1899.01, 1151.09
1899.43, 1151.18
1899.85, 1151.28
1900.27, 1151.37
1900.69, 1151.47
1901.11, 1151.56
1901.53, 1151.65
1901.95, 1151.75
1902.37, 1151.84
1902.79, 1151.93
1903.21, 1152.03
1903.63, 1152.12
1904.05, 1152.22
1904.47, 1152.31
1904.89, 1152.4
1905.31, 1152.5
1905.73, 1152.59
1906.15, 1152.69
1906.57, 1152.78
1906.99, 1152.87
1907.68, 1153.04
1908.09, 1153.15
1908.51, 1153.26
1908.92, 1153.38
1909.34, 1153.49
1909.75, 1153.6
1910.17, 1153.71
1910.59, 1153.83
1911, 1153.94
1911.42, 1154.05
1911.83, 1154.17

waypoints
x, y
1876.16, 1146.31
1876.59, 1146.37
1877.02, 1146.42
1877.44, 1146.48
1877.87, 1146.54
1878.3, 1146.59
1878.72, 1146.65
1879.15, 1146.71
1880.09, 1146.86
1880.51, 1146.96
1880.93, 1147.05
1881.36, 1147.14
1881.78, 1147.24
1882.2, 1147.33
1882.62, 1147.43
1883.04, 1147.52
1883.46, 1147.62
1883.88, 1147.71
1884.3, 1147.8
1884.72, 1147.9
1885.14, 1147.99
1885.56, 1148.09
1885.98, 1148.18
1886.4, 1148.27
1886.82, 1148.37
1887.24, 1148.46
1887.66, 1148.55
1888.08, 1148.65
1888.5, 1148.74
1888.92, 1148.84
1889.34, 1148.93
1889.76, 1149.02
1890.18, 1149.12
1890.6, 1149.21
1891.02, 1149.31
1891.44, 1149.4
1891.87, 1149.49
1892.29, 1149.59
1892.71, 1149.68
1893.13, 1149.78
1893.55, 1149.87
1893.97, 1149.96
1894.39, 1150.06
1894.81, 1150.15
1895.23, 1150.24
1895.65, 1150.34
1896.07, 1150.43
1896.49, 1150.53
1896.91, 1150.62
1897.33, 1150.71
1897.75, 1150.81
1898.17, 1150.9
1898.59, 1151
1899.01, 1151.09
1899.43, 1151.18
1899.85, 1151.28
1900.27, 1151.37
1900.69, 1151.47
1901.11, 1151.56
1901.53, 1151.65
1901.95, 1151.75
1902.37, 1151.84
1902.79, 1151.93
1903.21, 1152.03
1903.63, 1152.12
1904.05, 1152.22
1904.47, 1152.31
1904.89, 1152.4
1905.31, 1152.5
1905.73, 1152.59
1906.15, 1152.69
1906.57, 1152.78
1906.99, 1152.87
1907.68, 1153.04
1908.09, 1153.15
1908.51, 1153.26
1908.92, 1153.38
1909.34, 1153.49
1909.75, 1153.6
1910.17, 1153.71
1910.59, 1153.83
1911, 1153.94
1911.42, 1154.05
1911.83, 1154.17

waypoints
x, y
1877.87, 1146.54
1878.3, 1146.59
1878.72, 1146.65
1879.15, 1146.71
1880.09, 1146.86
1880.51, 1146.96
1880.93, 1147.05
1881.36, 1147.14
1881.78, 1147.24
1882.2, 1147.33
1882.62, 1147.43
1883.04, 1147.52
1883.46, 1147.62
1883.88, 1147.71
1884.3, 1147.8
1884.72, 1147.9
1885.14, 1147.99
1885.56, 1148.09
1885.98, 1148.18
1886.4, 1148.27
1886.82, 1148.37
1887.24, 1148.46
1887.66, 1148.55
1888.08, 1148.65
1888.5, 1148.74
1888.92, 1148.84
1889.34, 1148.93
1889.76, 1149.02
1890.18, 1149.12
1890.6, 1149.21
1891.02, 1149.31
1891.44, 1149.4
1891.87, 1149.49
1892.29, 1149.59
1892.71, 1149.68
1893.13, 1149.78
1893.55, 1149.87
1893.97, 1149.96
1894.39, 1150.06
1894.81, 1150.15
1895.23, 1150.24
1895.65, 1150.34
1896.07, 1150.43
1896.49, 1150.53
1896.91, 1150.62
1897.33, 1150.71
1897.75, 1150.81
1898.17, 1150.9
1898.59, 1151
1899.01, 1151.09
1899.43, 1151.18
1899.85, 1151.28
1900.27, 1151.37
1900.69, 1151.47
1901.11, 1151.56
1901.53, 1151.65
1901.95, 1151.75
1902.37, 1151.84
1902.79, 1151.93
1903.21, 1152.03
1903.63, 1152.12
1904.05, 1152.22
1904.47, 1152.31
1904.89, 1152.4
1905.31, 1152.5
1905.73, 1152.59
1906.15, 1152.69
1906.57, 1152.78
1906.99, 1152.87
1907.68, 1153.04
1908.09, 1153.15
1908.51, 1153.26
1908.92, 1153.38
1909.34, 1153.49
1909.75, 1153.6
1910.17, 1153.71
1910.59, 1153.83
1911, 1153.94
1911.42, 1154.05
1911.83, 1154.17

waypoints
x, y
1879.15, 1146.71
1880.09, 1146.86
1880.51, 1146.96
1880.93, 1147.05
1881.36, 1147.14
1881.78, 1147.24
1882.2, 1147.33
1882.62, 1147.43
1883.04, 1147.52
1883.46, 1147.62
1883.88, 1147.71
1884.3, 1147.8
1884.72, 1147.9
1885.14, 1147.99
1885.56, 1148.09
1885.98, 1148.18
1886.4, 1148.27
1886.82, 1148.37
1887.24, 1148.46
1887.66, 1148.55
1888.08, 1148.65
1888.5, 1148.74
1888.92, 1148.84
1889.34, 1148.93
1889.76, 1149.02
1890.18, 1149.12
1890.6, 1149.21
1891.02, 1149.31
1891.44, 1149.4
1891.87, 1149.49
1892.29, 1149.59
1892.71, 1149.68
1893.13, 1149.78
1893.55, 1149.87
1893.97, 1149.96
1894.39, 1150.06
1894.81, 1150.15
1895.23, 1150.24
1895.65, 1150.34
1896.07, 1150.43
1896.49, 1150.53
1896.91, 1150.62
1897.33, 1150.71
1897.75, 1150.81
1898.17, 1150.9
1898.59, 1151
1899.01, 1151.09
1899.43, 1151.18
1899.85, 1151.28
1900.27, 1151.37
1900.69, 1151.47
1901.11, 1151.56
1901.53, 1151.65
1901.95, 1151.75
1902.37, 1151.84
1902.79, 1151.93
1903.21, 1152.03
1903.63, 1152.12
1904.05, 1152.22
1904.47, 1152.31
1904.89, 1152.4
1905.31, 1152.5
1905.73, 1152.59
1906.15, 1152.69
1906.57, 1152.78
1906.99, 1152.87
1907.68, 1153.04
1908.09, 1153.15
1908.51, 1153.26
1908.92, 1153.38
1909.34, 1153.49
1909.75, 1153.6
1910.17, 1153.71
1910.59, 1153.83
1911, 1153.94
1911.42, 1154.05
1911.83, 1154.17

waypoints
x, y
1881.36, 1147.14
1881.78, 1147.24
1882.2, 1147.33
1882.62, 1147.43
1883.04, 1147.52
1883.46, 1147.62
1883.88, 1147.71
1884.3, 1147.8
1884.72, 1147.9
1885.14, 1147.99
1885.56, 1148.09
1885.98, 1148.18
1886.4, 1148.27
1886.82, 1148.37
1887.24, 1148.46
1887.66, 1148.55
1888.08, 1148.65
1888.5, 1148.74
1888.92, 1148.84
1889.34, 1148.93
1889.76, 1149.02
1890.18, 1149.12
1890.6, 1149.21
1891.02, 1149.31
1891.44, 1149.4
1891.87, 1149.49
1892.29, 1149.59
1892.71, 1149.68
1893.13, 1149.78
1893.55, 1149.87
1893.97, 1149.96
1894.39, 1150.06
1894.81, 1150.15
1895.23, 1150.24
1895.65, 1150.34
1896.07, 1150.43
1896.49, 1150.53
1896.91, 1150.62
1897.33, 1150.71
1897.75, 1150.81
1898.17, 1150.9
1898.59, 1151
1899.01, 1151.09
1899.43, 1151.18
1899.85, 1151.28
1900.27, 1151.37
1900.69, 1151.47
1901.11, 1151.56
1901.53, 1151.65
1901.95, 1151.75
1902.37, 1151.84
1902.79, 1151.93
1903.21, 1152.03
1903.63, 1152.12
1904.05, 1152.22
1904.47, 1152.31
1904.89, 1152.4
1905.31, 1152.5
1905.73, 1152.59
1906.15, 1152.69
1906.57, 1152.78
1906.99, 1152.87
1907.68, 1153.04
1908.09, 1153.15
1908.51, 1153.26
1908.92, 1153.38
1909.34, 1153.49
1909.75, 1153.6
1910.17, 1153.71
1910.59, 1153.83
1911, 1153.94
1911.42, 1154.05
1911.83, 1154.17

waypoints
x, y
1883.04, 1147.52
1883.46, 1147.62
1883.88, 1147.71
1884.3, 1147.8
1884.72, 1147.9
1885.14, 1147.99
1885.56, 1148.09
1885.98, 1148.18
1886.4, 1148.27
1886.82, 1148.37
1887.24, 1148.46
1887.66, 1148.55
1888.08, 1148.65
1888.5, 1148.74
1888.92, 1148.84
1889.34, 1148.93
1889.76, 1149.02
1890.18, 1149.12
1890.6, 1149.21
1891.02, 1149.31
1891.44, 1149.4
1891.87, 1149.49
1892.29, 1149.59
1892.71, 1149.68
1893.13, 1149.78
1893.55, 1149.87
1893.97, 1149.96
1894.39, 1150.06
1894.81, 1150.15
1895.23, 1150.24
1895.65, 1150.34
1896.07, 1150.43
1896.49, 1150.53
1896.91, 1150.62
1897.33, 1150.71
1897.75, 1150.81
1898.17, 1150.9
1898.59, 1151
1899.01, 1151.09
1899.43, 1151.18
1899.85, 1151.28
1900.27, 1151.37
1900.69, 1151.47
1901.11, 1151.56
1901.53, 1151.65
1901.95, 1151.75
1902.37, 1151.84
1902.79, 1151.93
1903.21, 1152.03
1903.63, 1152.12
1904.05, 1152.22
1904.47, 1152.31
1904.89, 1152.4
1905.31, 1152.5
1905.73, 1152.59
1906.15, 1152.69
1906.57, 1152.78
1906.99, 1152.87
1907.68, 1153.04
1908.09, 1153.15
1908.51, 1153.26
1908.92, 1153.38
1909.34, 1153.49
1909.75, 1153.6
1910.17, 1153.71
1910.59, 1153.83
1911, 1153.94
1911.42, 1154.05
1911.83, 1154.17

waypoints
x, y
1884.72, 1147.9
1885.14, 1147.99
1885.56, 1148.09
1885.98, 1148.18
1886.4, 1148.27
1886.82, 1148.37
1887.24, 1148.46
1887.66, 1148.55
1888.08, 1148.65
1888.5, 1148.74
1888.92, 1148.84
1889.34, 1148.93
1889.76, 1149.02
1890.18, 1149.12
1890.6, 1149.21
1891.02, 1149.31
1891.44, 1149.4
1891.87, 1149.49
1892.29, 1149.59
1892.71, 1149.68
1893.13, 1149.78
1893.55, 1149.87
1893.97, 1149.96
1894.39, 1150.06
1894.81, 1150.15
1895.23, 1150.24
1895.65, 1150.34
1896.07, 1150.43
1896.49, 1150.53
1896.91, 1150.62
1897.33, 1150.71
1897.75, 1150.81
1898.17, 1150.9
1898.59, 1151
1899.01, 1151.09
1899.43, 1151.18
1899.85, 1151.28
1900.27, 1151.37
1900.69, 1151.47
1901.11, 1151.56
1901.53, 1151.65
1901.95, 1151.75
1902.37, 1151.84
1902.79, 1151.93
1903.21, 1152.03
1903.63, 1152.12
1904.05, 1152.22
1904.47, 1152.31
1904.89, 1152.4
1905.31, 1152.5
1905.73, 1152.59
1906.15, 1152.69
1906.57, 1152.78
1906.99, 1152.87
1907.68, 1153.04
1908.09, 1153.15
1908.51, 1153.26
1908.92, 1153.38
1909.34, 1153.49
1909.75, 1153.6
1910.17, 1153.71
1910.59, 1153.83
1911, 1153.94
1911.42, 1154.05
1911.83, 1154.17

waypoints
x, y
1886.4, 1148.27
1886.82, 1148.37
1887.24, 1148.46
1887.66, 1148.55
1888.08, 1148.65
1888.5, 1148.74
1888.92, 1148.84
1889.34, 1148.93
1889.76, 1149.02
1890.18, 1149.12
1890.6, 1149.21
1891.02, 1149.31
1891.44, 1149.4
1891.87, 1149.49
1892.29, 1149.59
1892.71, 1149.68
1893.13, 1149.78
1893.55, 1149.87
1893.97, 1149.96
1894.39, 1150.06
1894.81, 1150.15
1895.23, 1150.24
1895.65, 1150.34
1896.07, 1150.43
1896.49, 1150.53
1896.91, 1150.62
1897.33, 1150.71
1897.75, 1150.81
1898.17, 1150.9
1898.59, 1151
1899.01, 1151.09
1899.43, 1151.18
1899.85, 1151.28
1900.27, 1151.37
1900.69, 1151.47
1901.11, 1151.56
1901.53, 1151.65
1901.95, 1151.75
1902.37, 1151.84
1902.79, 1151.93
1903.21, 1152.03
1903.63, 1152.12
1904.05, 1152.22
1904.47, 1152.31
1904.89, 1152.4
1905.31, 1152.5
1905.73, 1152.59
1906.15, 1152.69
1906.57, 1152.78
1906.99, 1152.87
1907.68, 1153.04
1908.09, 1153.15
1908.51, 1153.26
1908.92, 1153.38
1909.34, 1153.49
1909.75, 1153.6
1910.17, 1153.71
1910.59, 1153.83
1911, 1153.94
1911.42, 1154.05
1911.83, 1154.17

waypoints
x, y
1888.08, 1148.65
1888.5, 1148.74
1888.92, 1148.84
1889.34, 1148.93
1889.76, 1149.02
1890.18, 1149.12
1890.6, 1149.21
1891.02, 1149.31
1891.44, 1149.4
1891.87, 1149.49
1892.29, 1149.59
1892.71, 1149.68
1893.13, 1149.78
1893.55, 1149.87
1893.97, 1149.96
1894.39, 1150.06
1894.81, 1150.15
1895.23, 1150.24
1895.65, 1150.34
1896.07, 1150.43
1896.49, 1150.53
1896.91, 1150.62
1897.33, 1150.71
1897.75, 1150.81
1898.17, 1150.9
1898.59, 1151
1899.01, 1151.09
1899.43, 1151.18
1899.85, 1151.28
1900.27, 1151.37
1900.69, 1151.47
1901.11, 1151.56
1901.53, 1151.65
1901.95, 1151.75
1902.37, 1151.84
1902.79, 1151.93
1903.21, 1152.03
1903.63, 1152.12
1904.05, 1152.22
1904.47, 1152.31
1904.89, 1152.4
1905.31, 1152.5
1905.73, 1152.59
1906.15, 1152.69
1906.57, 1152.78
1906.99, 1152.87
1907.68, 1153.04
1908.09, 1153.15
1908.51, 1153.26
1908.92, 1153.38
1909.34, 1153.49
1909.75, 1153.6
1910.17, 1153.71
1910.59, 1153.83
1911, 1153.94
1911.42, 1154.05
1911.83, 1154.17

waypoints
x, y
1889.34, 1148.93
1889.76, 1149.02
1890.18, 1149.12
1890.6, 1149.21
1891.02, 1149.31
1891.44, 1149.4
1891.87, 1149.49
1892.29, 1149.59
1892.71, 1149.68
1893.13, 1149.78
1893.55, 1149.87
1893.97, 1149.96
1894.39, 1150.06
1894.81, 1150.15
1895.23, 1150.24
1895.65, 1150.34
1896.07, 1150.43
1896.49, 1150.53
1896.91, 1150.62
1897.33, 1150.71
1897.75, 1150.81
1898.17, 1150.9
1898.59, 1151
1899.01, 1151.09
1899.43, 1151.18
1899.85, 1151.28
1900.27, 1151.37
1900.69, 1151.47
1901.11, 1151.56
1901.53, 1151.65
1901.95, 1151.75
1902.37, 1151.84
1902.79, 1151.93
1903.21, 1152.03
1903.63, 1152.12
1904.05, 1152.22
1904.47, 1152.31
1904.89, 1152.4
1905.31, 1152.5
1905.73, 1152.59
1906.15, 1152.69
1906.57, 1152.78
1906.99, 1152.87
1907.68, 1153.04
1908.09, 1153.15
1908.51, 1153.26
1908.92, 1153.38
1909.34, 1153.49
1909.75, 1153.6
1910.17, 1153.71
1910.59, 1153.83
1911, 1153.94
1911.42, 1154.05
1911.83, 1154.17

waypoints
x, y
1891.02, 1149.31
1891.44, 1149.4
1891.87, 1149.49
1892.29, 1149.59
1892.71, 1149.68
1893.13, 1149.78
1893.55, 1149.87
1893.97, 1149.96
1894.39, 1150.06
1894.81, 1150.15
1895.23, 1150.24
1895.65, 1150.34
1896.07, 1150.43
1896.49, 1150.53
1896.91, 1150.62
1897.33, 1150.71
1897.75, 1150.81
1898.17, 1150.9
1898.59, 1151
1899.01, 1151.09
1899.43, 1151.18
1899.85, 1151.28
1900.27, 1151.37
1900.69, 1151.47
1901.11, 1151.56
1901.53, 1151.65
1901.95, 1151.75
1902.37, 1151.84
1902.79, 1151.93
1903.21, 1152.03
1903.63, 1152.12
1904.05, 1152.22
1904.47, 1152.31
1904.89, 1152.4
1905.31, 1152.5
1905.73, 1152.59
1906.15, 1152.69
1906.57, 1152.78
1906.99, 1152.87
1907.68, 1153.04
1908.09, 1153.15
1908.51, 1153.26
1908.92, 1153.38
1909.34, 1153.49
1909.75, 1153.6
1910.17, 1153.71
1910.59, 1153.83
1911, 1153.94
1911.42, 1154.05
1911.83, 1154.17

waypoints
x, y
1892.29, 1149.59
1892.71, 1149.68
1893.13, 1149.78
1893.55, 1149.87
1893.97, 1149.96
1894.39, 1150.06
1894.81, 1150.15
1895.23, 1150.24
1895.65, 1150.34
1896.07, 1150.43
1896.49, 1150.53
1896.91, 1150.62
1897.33, 1150.71
1897.75, 1150.81
1898.17, 1150.9
1898.59, 1151
1899.01, 1151.09
1899.43, 1151.18
1899.85, 1151.28
1900.27, 1151.37
1900.69, 1151.47
1901.11, 1151.56
1901.53, 1151.65
1901.95, 1151.75
1902.37, 1151.84
1902.79, 1151.93
1903.21, 1152.03
1903.63, 1152.12
1904.05, 1152.22
1904.47, 1152.31
1904.89, 1152.4
1905.31, 1152.5
1905.73, 1152.59
1906.15, 1152.69
1906.57, 1152.78
1906.99, 1152.87
1907.68, 1153.04
1908.09, 1153.15
1908.51, 1153.26
1908.92, 1153.38
1909.34, 1153.49
1909.75, 1153.6
1910.17, 1153.71
1910.59, 1153.83
1911, 1153.94
1911.42, 1154.05
1911.83, 1154.17
1912.45, 1154.55
1912.87, 1154.66
1913.28, 1154.77
1913.7, 1154.89
1914.11, 1155
1914.53, 1155.11
1914.94, 1155.22
1915.36, 1155.33
1915.78, 1155.44
1916.19, 1155.55
1916.61, 1155.66
1917.03, 1155.77
1917.44, 1155.88
1917.86, 1155.99
1918.28, 1156.1
1918.69, 1156.2
1919.11, 1156.31
1919.53, 1156.42
1919.94, 1156.52
1920.36, 1156.63
1920.78, 1156.74
1921.2, 1156.84
1921.61, 1156.95
1922.03, 1157.05
1922.45, 1157.16
1922.87, 1157.26
1923.28, 1157.37
1923.7, 1157.47
1924.12, 1157.58
1924.54, 1157.69
1924.95, 1157.79
1925.37, 1157.9
1925.79, 1158.01
1926.21, 1158.11
1926.62, 1158.22
1927.04, 1158.33
1927.46, 1158.44
1927.87, 1158.54
1928.29, 1158.65
1928.71, 1158.76
1929.12, 1158.87
1929.54, 1158.98
1929.96, 1159.09
1930.37, 1159.21
1930.79, 1159.32
1931.2, 1159.43
1931.62, 1159.54
1932.03, 1159.66
1932.45, 1159.77

waypoints
x, y
1893.97, 1149.96
1894.39, 1150.06
1894.81, 1150.15
1895.23, 1150.24
1895.65, 1150.34
1896.07, 1150.43
1896.49, 1150.53
1896.91, 1150.62
1897.33, 1150.71
1897.75, 1150.81
1898.17, 1150.9
1898.59, 1151
1899.01, 1151.09
1899.43, 1151.18
1899.85, 1151.28
1900.27, 1151.37
1900.69, 1151.47
1901.11, 1151.56
1901.53, 1151.65
1901.95, 1151.75
1902.37, 1151.84
1902.79, 1151.93
1903.21, 1152.03
1903.63, 1152.12
1904.05, 1152.22
1904.47, 1152.31
1904.89, 1152.4
1905.31, 1152.5
1905.73, 1152.59
1906.15, 1152.69
1906.57, 1152.78
1906.99, 1152.87
1907.68, 1153.04
1908.09, 1153.15
1908.51, 1153.26
1908.92, 1153.38
1909.34, 1153.49
1909.75, 1153.6
1910.17, 1153.71
1910.59, 1153.83
1911, 1153.94
1911.42, 1154.05
1911.83, 1154.17
1912.45, 1154.55
1912.87, 1154.66
1913.28, 1154.78
1913.7, 1154.89
1914.11, 1155
1914.53, 1155.11
1914.94, 1155.22
1915.36, 1155.33
1915.78, 1155.44
1916.19, 1155.55
1916.61, 1155.66
1917.03, 1155.77
1917.44, 1155.88
1917.86, 1155.99
1918.28, 1156.1
1918.69, 1156.2
1919.11, 1156.31
1919.53, 1156.42
1919.94, 1156.52
1920.36, 1156.63
1920.78, 1156.74
1921.2, 1156.84
1921.61, 1156.95
1922.03, 1157.05
1922.45, 1157.16
1922.87, 1157.26
1923.28, 1157.37
1923.7, 1157.47
1924.12, 1157.58
1924.54, 1157.69
1924.95, 1157.79
1925.37, 1157.9
1925.79, 1158.01
1926.21, 1158.11
1926.62, 1158.22
1927.04, 1158.33
1927.46, 1158.44
1927.87, 1158.55
1928.29, 1158.65
1928.71, 1158.76
1929.12, 1158.87
1929.54, 1158.98
1929.96, 1159.1
1930.37, 1159.21
1930.79, 1159.32
1931.2, 1159.43
1931.62, 1159.54
1932.03, 1159.65
1932.45, 1159.77

waypoints
x, y
1895.65, 1150.34
1896.07, 1150.43
1896.49, 1150.53
1896.91, 1150.62
1897.33, 1150.71
1897.75, 1150.81
1898.17, 1150.9
1898.59, 1151
1899.01, 1151.09
1899.43, 1151.18
1899.85, 1151.28
1900.27, 1151.37
1900.69, 1151.47
1901.11, 1151.56
1901.53, 1151.65
1901.95, 1151.75
1902.37, 1151.84
1902.79, 1151.93
1903.21, 1152.03
1903.63, 1152.12
1904.05, 1152.22
1904.47, 1152.31
1904.89, 1152.4
1905.31, 1152.5
1905.73, 1152.59
1906.15, 1152.69
1906.57, 1152.78
1906.99, 1152.87
1907.68, 1153.04
1908.09, 1153.15
1908.51, 1153.26
1908.92, 1153.38
1909.34, 1153.49
1909.75, 1153.6
1910.17, 1153.71
1910.59, 1153.83
1911, 1153.94
1911.42, 1154.05
1911.83, 1154.17
1912.45, 1154.55
1912.87, 1154.66
1913.28, 1154.78
1913.7, 1154.89
1914.11, 1155
1914.53, 1155.11
1914.94, 1155.22
1915.36, 1155.33
1915.78, 1155.44
1916.19, 1155.55
1916.61, 1155.66
1917.03, 1155.77
1917.44, 1155.88
1917.86, 1155.99
1918.28, 1156.1
1918.69, 1156.2
1919.11, 1156.31
1919.53, 1156.42
1919.94, 1156.52
1920.36, 1156.63
1920.78, 1156.74
1921.2, 1156.84
1921.61, 1156.95
1922.03, 1157.05
1922.45, 1157.16
1922.87, 1157.26
1923.28, 1157.37
1923.7, 1157.47
1924.12, 1157.58
1924.54, 1157.69
1924.95, 1157.79
1925.37, 1157.9
1925.79, 1158.01
1926.21, 1158.11
1926.62, 1158.22
1927.04, 1158.33
1927.46, 1158.44
1927.87, 1158.55
1928.29, 1158.65
1928.71, 1158.76
1929.12, 1158.87
1929.54, 1158.98
1929.96, 1159.1
1930.37, 1159.21
1930.79, 1159.32
1931.2, 1159.43
1931.62, 1159.54
1932.03, 1159.65
1932.45, 1159.77

waypoints
x, y
1896.91, 1150.62
1897.33, 1150.71
1897.75, 1150.81
1898.17, 1150.9
1898.59, 1151
1899.01, 1151.09
1899.43, 1151.18
1899.85, 1151.28
1900.27, 1151.37
1900.69, 1151.47
1901.11, 1151.56
1901.53, 1151.65
1901.95, 1151.75
1902.37, 1151.84
1902.79, 1151.93
1903.21, 1152.03
1903.63, 1152.12
1904.05, 1152.22
1904.47, 1152.31
1904.89, 1152.4
1905.31, 1152.5
1905.73, 1152.59
1906.15, 1152.69
1906.57, 1152.78
1906.99, 1152.87
1907.68, 1153.04
1908.09, 1153.15
1908.51, 1153.26
1908.92, 1153.38
1909.34, 1153.49
1909.75, 1153.6
1910.17, 1153.71
1910.59, 1153.83
1911, 1153.94
1911.42, 1154.05
1911.83, 1154.17
1912.45, 1154.55
1912.87, 1154.66
1913.28, 1154.78
1913.7, 1154.89
1914.11, 1155
1914.53, 1155.11
1914.94, 1155.22
1915.36, 1155.33
1915.78, 1155.44
1916.19, 1155.55
1916.61, 1155.66
1917.03, 1155.77
1917.44, 1155.88
1917.86, 1155.99
1918.28, 1156.1
1918.69, 1156.2
1919.11, 1156.31
1919.53, 1156.42
1919.94, 1156.52
1920.36, 1156.63
1920.78, 1156.74
1921.2, 1156.84
1921.61, 1156.95
1922.03, 1157.05
1922.45, 1157.16
1922.87, 1157.26
1923.28, 1157.37
1923.7, 1157.47
1924.12, 1157.58
1924.54, 1157.69
1924.95, 1157.79
1925.37, 1157.9
1925.79, 1158.01
1926.21, 1158.11
1926.62, 1158.22
1927.04, 1158.33
1927.46, 1158.44
1927.87, 1158.55
1928.29, 1158.65
1928.71, 1158.76
1929.12, 1158.87
1929.54, 1158.98
1929.96, 1159.1
1930.37, 1159.21
1930.79, 1159.32
1931.2, 1159.43
1931.62, 1159.54
1932.03, 1159.65
1932.45, 1159.77

waypoints
x, y
1898.59, 1151
1899.01, 1151.09
1899.43, 1151.18
1899.85, 1151.28
1900.27, 1151.37
1900.69, 1151.47
1901.11, 1151.56
1901.53, 1151.65
1901.95, 1151.75
1902.37, 1151.84
1902.79, 1151.93
1903.21, 1152.03
1903.63, 1152.12
1904.05, 1152.22
1904.47, 1152.31
1904.89, 1152.4
1905.31, 1152.5
1905.73, 1152.59
1906.15, 1152.69
1906.57, 1152.78
1906.99, 1152.87
1907.68, 1153.04
1908.09, 1153.15
1908.51, 1153.26
1908.92, 1153.38
1909.34, 1153.49
1909.75, 1153.6
1910.17, 1153.71
1910.59, 1153.83
1911, 1153.94
1911.42, 1154.05
1911.83, 1154.17
1912.45, 1154.55
1912.87, 1154.66
1913.28, 1154.78
1913.7, 1154.89
1914.11, 1155
1914.53, 1155.11
1914.94, 1155.22
1915.36, 1155.33
1915.78, 1155.44
1916.19, 1155.55
1916.61, 1155.66
1917.03, 1155.77
1917.44, 1155.88
1917.86, 1155.99
1918.28, 1156.1
1918.69, 1156.2
1919.11, 1156.31
1919.53, 1156.42
1919.94, 1156.52
1920.36, 1156.63
1920.78, 1156.74
1921.2, 1156.84
1921.61, 1156.95
1922.03, 1157.05
1922.45, 1157.16
1922.87, 1157.26
1923.28, 1157.37
1923.7, 1157.47
1924.12, 1157.58
1924.54, 1157.69
1924.95, 1157.79
1925.37, 1157.9
1925.79, 1158.01
1926.21, 1158.11
1926.62, 1158.22
1927.04, 1158.33
1927.46, 1158.44
1927.87, 1158.55
1928.29, 1158.65
1928.71, 1158.76
1929.12, 1158.87
1929.54, 1158.98
1929.96, 1159.1
1930.37, 1159.21
1930.79, 1159.32
1931.2, 1159.43
1931.62, 1159.54
1932.03, 1159.65
1932.45, 1159.77

waypoints
x, y
1900.27, 1151.37
1900.69, 1151.47
1901.11, 1151.56
1901.53, 1151.65
1901.95, 1151.75
1902.37, 1151.84
1902.79, 1151.93
1903.21, 1152.03
1903.63, 1152.12
1904.05, 1152.22
1904.47, 1152.31
1904.89, 1152.4
1905.31, 1152.5
1905.73, 1152.59
1906.15, 1152.69
1906.57, 1152.78
1906.99, 1152.87
1907.68, 1153.04
1908.09, 1153.15
1908.51, 1153.26
1908.92, 1153.38
1909.34, 1153.49
1909.75, 1153.6
1910.17, 1153.71
1910.59, 1153.83
1911, 1153.94
1911.42, 1154.05
1911.83, 1154.17
1912.45, 1154.55
1912.87, 1154.66
1913.28, 1154.78
1913.7, 1154.89
1914.11, 1155
1914.53, 1155.11
1914.94, 1155.22
1915.36, 1155.33
1915.78, 1155.44
1916.19, 1155.55
1916.61, 1155.66
1917.03, 1155.77
1917.44, 1155.88
1917.86, 1155.99
1918.28, 1156.1
1918.69, 1156.2
1919.11, 1156.31
1919.53, 1156.42
1919.94, 1156.52
1920.36, 1156.63
1920.78, 1156.74
1921.2, 1156.84
1921.61, 1156.95
1922.03, 1157.05
1922.45, 1157.16
1922.87, 1157.26
1923.28, 1157.37
1923.7, 1157.47
1924.12, 1157.58
1924.54, 1157.69
1924.95, 1157.79
1925.37, 1157.9
1925.79, 1158.01
1926.21, 1158.11
1926.62, 1158.22
1927.04, 1158.33
1927.46, 1158.44
1927.87, 1158.55
1928.29, 1158.65
1928.71, 1158.76
1929.12, 1158.87
1929.54, 1158.98
1929.96, 1159.1
1930.37, 1159.21
1930.79, 1159.32
1931.2, 1159.43
1931.62, 1159.54
1932.03, 1159.65
1932.45, 1159.77

waypoints
x, y
1901.95, 1151.75
1902.37, 1151.84
1902.79, 1151.93
1903.21, 1152.03
1903.63, 1152.12
1904.05, 1152.22
1904.47, 1152.31
1904.89, 1152.4
1905.31, 1152.5
1905.73, 1152.59
1906.15, 1152.69
1906.57, 1152.78
1906.99, 1152.87
1907.68, 1153.04
1908.09, 1153.15
1908.51, 1153.26
1908.92, 1153.38
1909.34, 1153.49
1909.75, 1153.6
1910.17, 1153.71
1910.59, 1153.83
1911, 1153.94
1911.42, 1154.05
1911.83, 1154.17
1912.45, 1154.55
1912.87, 1154.66
1913.28, 1154.78
1913.7, 1154.89
1914.11, 1155
1914.53, 1155.11
1914.94, 1155.22
1915.36, 1155.33
1915.78, 1155.44
1916.19, 1155.55
1916.61, 1155.66
1917.03, 1155.77
1917.44, 1155.88
1917.86, 1155.99
1918.28, 1156.1
1918.69, 1156.2
1919.11, 1156.31
1919.53, 1156.42
1919.94, 1156.52
1920.36, 1156.63
1920.78, 1156.74
1921.2, 1156.84
1921.61, 1156.95
1922.03, 1157.05
1922.45, 1157.16
1922.87, 1157.26
1923.28, 1157.37
1923.7, 1157.47
1924.12, 1157.58
1924.54, 1157.69
1924.95, 1157.79
1925.37, 1157.9
1925.79, 1158.01
1926.21, 1158.11
1926.62, 1158.22
1927.04, 1158.33
1927.46, 1158.44
1927.87, 1158.55
1928.29, 1158.65
1928.71, 1158.76
1929.12, 1158.87
1929.54, 1158.98
1929.96, 1159.1
1930.37, 1159.21
1930.79, 1159.32
1931.2, 1159.43
1931.62, 1159.54
1932.03, 1159.65
1932.45, 1159.77

waypoints
x, y
1903.21, 1152.03
1903.63, 1152.12
1904.05, 1152.22
1904.47, 1152.31
1904.89, 1152.4
1905.31, 1152.5
1905.73, 1152.59
1906.15, 1152.69
1906.57, 1152.78
1906.99, 1152.87
1907.68, 1153.04
1908.09, 1153.15
1908.51, 1153.26
1908.92, 1153.38
1909.34, 1153.49
1909.75, 1153.6
1910.17, 1153.71
1910.59, 1153.83
1911, 1153.94
1911.42, 1154.05
1911.83, 1154.17
1912.45, 1154.55
1912.87, 1154.66
1913.28, 1154.78
1913.7, 1154.89
1914.11, 1155
1914.53, 1155.11
1914.94, 1155.22
1915.36, 1155.33
1915.78, 1155.44
1916.19, 1155.55
1916.61, 1155.66
1917.03, 1155.77
1917.44, 1155.88
1917.86, 1155.99
1918.28, 1156.1
1918.69, 1156.2
1919.11, 1156.31
1919.53, 1156.42
1919.94, 1156.52
1920.36, 1156.63
1920.78, 1156.74
1921.2, 1156.84
1921.61, 1156.95
1922.03, 1157.05
1922.45, 1157.16
1922.87, 1157.26
1923.28, 1157.37
1923.7, 1157.47
1924.12, 1157.58
1924.54, 1157.69
1924.95, 1157.79
1925.37, 1157.9
1925.79, 1158.01
1926.21, 1158.11
1926.62, 1158.22
1927.04, 1158.33
1927.46, 1158.44
1927.87, 1158.55
1928.29, 1158.65
1928.71, 1158.76
1929.12, 1158.87
1929.54, 1158.98
1929.96, 1159.1
1930.37, 1159.21
1930.79, 1159.32
1931.2, 1159.43
1931.62, 1159.54
1932.03, 1159.65
1932.45, 1159.77

waypoints
x, y
1904.89, 1152.4
1905.31, 1152.5
1905.73, 1152.59
1906.15, 1152.69
1906.57, 1152.78
1906.99, 1152.87
1907.68, 1153.04
1908.09, 1153.15
1908.51, 1153.26
1908.92, 1153.38
1909.34, 1153.49
1909.75, 1153.6
1910.17, 1153.71
1910.59, 1153.83
1911, 1153.94
1911.42, 1154.05
1911.83, 1154.17
1912.45, 1154.55
1912.87, 1154.66
1913.28, 1154.78
1913.7, 1154.89
1914.11, 1155
1914.53, 1155.11
1914.94, 1155.22
1915.36, 1155.33
1915.78, 1155.44
1916.19, 1155.55
1916.61, 1155.66
1917.03, 1155.77
1917.44, 1155.88
1917.86, 1155.99
1918.28, 1156.1
1918.69, 1156.2
1919.11, 1156.31
1919.53, 1156.42
1919.94, 1156.52
1920.36, 1156.63
1920.78, 1156.74
1921.2, 1156.84
1921.61, 1156.95
1922.03, 1157.05
1922.45, 1157.16
1922.87, 1157.26
1923.28, 1157.37
1923.7, 1157.47
1924.12, 1157.58
1924.54, 1157.69
1924.95, 1157.79
1925.37, 1157.9
1925.79, 1158.01
1926.21, 1158.11
1926.62, 1158.22
1927.04, 1158.33
1927.46, 1158.44
1927.87, 1158.55
1928.29, 1158.65
1928.71, 1158.76
1929.12, 1158.87
1929.54, 1158.98
1929.96, 1159.1
1930.37, 1159.21
1930.79, 1159.32
1931.2, 1159.43
1931.62, 1159.54
1932.03, 1159.65
1932.45, 1159.77

waypoints
x, y
1906.15, 1152.69
1906.57, 1152.78
1906.99, 1152.87
1907.68, 1153.04
1908.09, 1153.15
1908.51, 1153.26
1908.92, 1153.38
1909.34, 1153.49
1909.75, 1153.6
1910.17, 1153.71
1910.59, 1153.83
1911, 1153.94
1911.42, 1154.05
1911.83, 1154.17
1912.45, 1154.55
1912.87, 1154.66
1913.28, 1154.78
1913.7, 1154.89
1914.11, 1155
1914.53, 1155.11
1914.94, 1155.22
1915.36, 1155.33
1915.78, 1155.44
1916.19, 1155.55
1916.61, 1155.66
1917.03, 1155.77
1917.44, 1155.88
1917.86, 1155.99
1918.28, 1156.1
1918.69, 1156.2
1919.11, 1156.31
1919.53, 1156.42
1919.94, 1156.52
1920.36, 1156.63
1920.78, 1156.74
1921.2, 1156.84
1921.61, 1156.95
1922.03, 1157.05
1922.45, 1157.16
1922.87, 1157.26
1923.28, 1157.37
1923.7, 1157.47
1924.12, 1157.58
1924.54, 1157.69
1924.95, 1157.79
1925.37, 1157.9
1925.79, 1158.01
1926.21, 1158.11
1926.62, 1158.22
1927.04, 1158.33
1927.46, 1158.44
1927.87, 1158.55
1928.29, 1158.65
1928.71, 1158.76
1929.12, 1158.87
1929.54, 1158.98
1929.96, 1159.1
1930.37, 1159.21
1930.79, 1159.32
1931.2, 1159.43
1931.62, 1159.54
1932.03, 1159.65
1932.45, 1159.77

waypoints
x, y
1908.09, 1153.15
1908.51, 1153.26
1908.92, 1153.38
1909.34, 1153.49
1909.75, 1153.6
1910.17, 1153.71
1910.59, 1153.83
1911, 1153.94
1911.42, 1154.05
1911.83, 1154.17
1912.45, 1154.55
1912.87, 1154.66
1913.28, 1154.78
1913.7, 1154.89
1914.11, 1155
1914.53, 1155.11
1914.94, 1155.22
1915.36, 1155.33
1915.78, 1155.44
1916.19, 1155.55
1916.61, 1155.66
1917.03, 1155.77
1917.44, 1155.88
1917.86, 1155.99
1918.28, 1156.1
1918.69, 1156.2
1919.11, 1156.31
1919.53, 1156.42
1919.94, 1156.52
1920.36, 1156.63
1920.78, 1156.74
1921.2, 1156.84
1921.61, 1156.95
1922.03, 1157.05
1922.45, 1157.16
1922.87, 1157.26
1923.28, 1157.37
1923.7, 1157.47
1924.12, 1157.58
1924.54, 1157.69
1924.95, 1157.79
1925.37, 1157.9
1925.79, 1158.01
1926.21, 1158.11
1926.62, 1158.22
1927.04, 1158.33
1927.46, 1158.44
1927.87, 1158.55
1928.29, 1158.65
1928.71, 1158.76
1929.12, 1158.87
1929.54, 1158.98
1929.96, 1159.1
1930.37, 1159.21
1930.79, 1159.32
1931.2, 1159.43
1931.62, 1159.54
1932.03, 1159.65
1932.45, 1159.77

waypoints
x, y
1909.34, 1153.49
1909.75, 1153.6
1910.17, 1153.71
1910.59, 1153.83
1911, 1153.94
1911.42, 1154.05
1911.83, 1154.17
1912.45, 1154.55
1912.87, 1154.66
1913.28, 1154.78
1913.7, 1154.89
1914.11, 1155
1914.53, 1155.11
1914.94, 1155.22
1915.36, 1155.33
1915.78, 1155.44
1916.19, 1155.55
1916.61, 1155.66
1917.03, 1155.77
1917.44, 1155.88
1917.86, 1155.99
1918.28, 1156.1
1918.69, 1156.2
1919.11, 1156.31
1919.53, 1156.42
1919.94, 1156.52
1920.36, 1156.63
1920.78, 1156.74
1921.2, 1156.84
1921.61, 1156.95
1922.03, 1157.05
1922.45, 1157.16
1922.87, 1157.26
1923.28, 1157.37
1923.7, 1157.47
1924.12, 1157.58
1924.54, 1157.69
1924.95, 1157.79
1925.37, 1157.9
1925.79, 1158.01
1926.21, 1158.11
1926.62, 1158.22
1927.04, 1158.33
1927.46, 1158.44
1927.87, 1158.55
1928.29, 1158.65
1928.71, 1158.76
1929.12, 1158.87
1929.54, 1158.98
1929.96, 1159.1
1930.37, 1159.21
1930.79, 1159.32
1931.2, 1159.43
1931.62, 1159.54
1932.03, 1159.65
1932.45, 1159.77

waypoints
x, y
1910.59, 1153.83
1911, 1153.94
1911.42, 1154.05
1911.83, 1154.17
1912.45, 1154.55
1912.87, 1154.66
1913.28, 1154.78
1913.7, 1154.89
1914.11, 1155
1914.53, 1155.11
1914.94, 1155.22
1915.36, 1155.33
1915.78, 1155.44
1916.19, 1155.55
1916.61, 1155.66
1917.03, 1155.77
1917.44, 1155.88
1917.86, 1155.99
1918.28, 1156.1
1918.69, 1156.2
1919.11, 1156.31
1919.53, 1156.42
1919.94, 1156.52
1920.36, 1156.63
1920.78, 1156.74
1921.2, 1156.84
1921.61, 1156.95
1922.03, 1157.05
1922.45, 1157.16
1922.87, 1157.26
1923.28, 1157.37
1923.7, 1157.47
1924.12, 1157.58
1924.54, 1157.69
1924.95, 1157.79
1925.37, 1157.9
1925.79, 1158.01
1926.21, 1158.11
1926.62, 1158.22
1927.04, 1158.33
1927.46, 1158.44
1927.87, 1158.55
1928.29, 1158.65
1928.71, 1158.76
1929.12, 1158.87
1929.54, 1158.98
1929.96, 1159.1
1930.37, 1159.21
1930.79, 1159.32
1931.2, 1159.43
1931.62, 1159.54
1932.03, 1159.65
1932.45, 1159.77

waypoints
x, y
1912.45, 1154.55
1912.87, 1154.66
1913.28, 1154.78
1913.7, 1154.89
1914.11, 1155
1914.53, 1155.11
1914.94, 1155.22
1915.36, 1155.33
1915.78, 1155.44
1916.19, 1155.55
1916.61, 1155.66
1917.03, 1155.77
1917.44, 1155.88
1917.86, 1155.99
1918.28, 1156.1
1918.69, 1156.2
1919.11, 1156.31
1919.53, 1156.42
1919.94, 1156.52
1920.36, 1156.63
1920.78, 1156.74
1921.2, 1156.84
1921.61, 1156.95
1922.03, 1157.05
1922.45, 1157.16
1922.87, 1157.26
1923.28, 1157.37
1923.7, 1157.47
1924.12, 1157.58
1924.54, 1157.69
1924.95, 1157.79
1925.37, 1157.9
1925.79, 1158.01
1926.21, 1158.11
1926.62, 1158.22
1927.04, 1158.33
1927.46, 1158.44
1927.87, 1158.55
1928.29, 1158.65
1928.71, 1158.76
1929.12, 1158.87
1929.54, 1158.98
1929.96, 1159.1
1930.37, 1159.21
1930.79, 1159.32
1931.2, 1159.43
1931.62, 1159.54
1932.03, 1159.65
1932.45, 1159.77
1932.86, 1159.88
1933.79, 1160.19
1934.19, 1160.34
1934.6, 1160.49
1935, 1160.64
1935.4, 1160.79
1935.81, 1160.94
1936.21, 1161.09
1936.61, 1161.24
1937.02, 1161.39
1937.42, 1161.54
1937.82, 1161.69
1938.23, 1161.84
1938.63, 1161.99
1939.03, 1162.14
1939.44, 1162.29
1939.84, 1162.44
1940.24, 1162.59
1940.65, 1162.74
1941.05, 1162.89
1941.46, 1163.04
1941.86, 1163.19
1942.26, 1163.34
1942.67, 1163.49
1943.07, 1163.64
1943.47, 1163.79
1943.88, 1163.94
1944.28, 1164.09
1944.68, 1164.24
1945.09, 1164.39
1945.49, 1164.54
1945.9, 1164.69
1946.3, 1164.84
1946.7, 1164.99
1947.11, 1165.14
1947.51, 1165.29
1947.91, 1165.44
1948.32, 1165.59
1948.72, 1165.74
1949.13, 1165.9
1949.53, 1166.05
1949.93, 1166.2
1950.34, 1166.35
1950.74, 1166.5
1951.14, 1166.65
1951.55, 1166.8
1951.95, 1166.95
1952.35, 1167.1
1952.76, 1167.25

waypoints
x, y
1913.7, 1154.89
1914.11, 1155
1914.53, 1155.11
1914.94, 1155.22
1915.36, 1155.33
1915.78, 1155.44
1916.19, 1155.55
1916.61, 1155.66
1917.03, 1155.77
1917.44, 1155.88
1917.86, 1155.99
1918.28, 1156.1
1918.69, 1156.2
1919.11, 1156.31
1919.53, 1156.42
1919.94, 1156.52
1920.36, 1156.63
1920.78, 1156.74
1921.2, 1156.84
1921.61, 1156.95
1922.03, 1157.05
1922.45, 1157.16
1922.87, 1157.26
1923.28, 1157.37
1923.7, 1157.47
1924.12, 1157.58
1924.54, 1157.69
1924.95, 1157.79
1925.37, 1157.9
1925.79, 1158.01
1926.21, 1158.11
1926.62, 1158.22
1927.04, 1158.33
1927.46, 1158.44
1927.87, 1158.55
1928.29, 1158.65
1928.71, 1158.76
1929.12, 1158.87
1929.54, 1158.98
1929.96, 1159.1
1930.37, 1159.21
1930.79, 1159.32
1931.2, 1159.43
1931.62, 1159.54
1932.03, 1159.65
1932.45, 1159.77
1932.87, 1159.88
1933.79, 1160.19
1934.19, 1160.34
1934.6, 1160.49
1935, 1160.64
1935.4, 1160.79
1935.81, 1160.94
1936.21, 1161.09
1936.61, 1161.24
1937.02, 1161.39
1937.42, 1161.54
1937.82, 1161.69
1938.23, 1161.84
1938.63, 1161.99
1939.03, 1162.14
1939.44, 1162.29
1939.84, 1162.44
1940.24, 1162.59
1940.65, 1162.74
1941.05, 1162.89
1941.45, 1163.04
1941.86, 1163.19
1942.26, 1163.34
1942.67, 1163.49
1943.07, 1163.64
1943.47, 1163.79
1943.88, 1163.94
1944.28, 1164.09
1944.68, 1164.24
1945.09, 1164.39
1945.49, 1164.54
1945.9, 1164.69
1946.3, 1164.84
1946.7, 1164.99
1947.11, 1165.14
1947.51, 1165.29
1947.91, 1165.44
1948.32, 1165.6
1948.72, 1165.74
1949.13, 1165.89
1949.53, 1166.05
1949.93, 1166.2
1950.34, 1166.35
1950.74, 1166.5
1951.14, 1166.65
1951.55, 1166.8
1951.95, 1166.95
1952.35, 1167.1
1952.76, 1167.25

waypoints
x, y
1915.36, 1155.33
1915.78, 1155.44
1916.19, 1155.55
1916.61, 1155.66
1917.03, 1155.77
1917.44, 1155.88
1917.86, 1155.99
1918.28, 1156.1
1918.69, 1156.2
1919.11, 1156.31
1919.53, 1156.42
1919.94, 1156.52
1920.36, 1156.63
1920.78, 1156.74
1921.2, 1156.84
1921.61, 1156.95
1922.03, 1157.05
1922.45, 1157.16
1922.87, 1157.26
1923.28, 1157.37
1923.7, 1157.47
1924.12, 1157.58
1924.54, 1157.69
1924.95, 1157.79
1925.37, 1157.9
1925.79, 1158.01
1926.21, 1158.11
1926.62, 1158.22
1927.04, 1158.33
1927.46, 1158.44
1927.87, 1158.55
1928.29, 1158.65
1928.71, 1158.76
1929.12, 1158.87
1929.54, 1158.98
1929.96, 1159.1
1930.37, 1159.21
1930.79, 1159.32
1931.2, 1159.43
1931.62, 1159.54
1932.03, 1159.65
1932.45, 1159.77
1932.87, 1159.88
1933.79, 1160.19
1934.19, 1160.34
1934.6, 1160.49
1935, 1160.64
1935.4, 1160.79
1935.81, 1160.94
1936.21, 1161.09
1936.61, 1161.24
1937.02, 1161.39
1937.42, 1161.54
1937.82, 1161.69
1938.23, 1161.84
1938.63, 1161.99
1939.03, 1162.14
1939.44, 1162.29
1939.84, 1162.44
1940.24, 1162.59
1940.65, 1162.74
1941.05, 1162.89
1941.45, 1163.04
1941.86, 1163.19
1942.26, 1163.34
1942.67, 1163.49
1943.07, 1163.64
1943.47, 1163.79
1943.88, 1163.94
1944.28, 1164.09
1944.68, 1164.24
1945.09, 1164.39
1945.49, 1164.54
1945.9, 1164.69
1946.3, 1164.84
1946.7, 1164.99
1947.11, 1165.14
1947.51, 1165.29
1947.91, 1165.44
1948.32, 1165.6
1948.72, 1165.74
1949.13, 1165.89
1949.53, 1166.05
1949.93, 1166.2
1950.34, 1166.35
1950.74, 1166.5
1951.14, 1166.65
1951.55, 1166.8
1951.95, 1166.95
1952.35, 1167.1
1952.76, 1167.25

waypoints
x, y
1916.61, 1155.66
1917.03, 1155.77
1917.44, 1155.88
1917.86, 1155.99
1918.28, 1156.1
1918.69, 1156.2
1919.11, 1156.31
1919.53, 1156.42
1919.94, 1156.52
1920.36, 1156.63
1920.78, 1156.74
1921.2, 1156.84
1921.61, 1156.95
1922.03, 1157.05
1922.45, 1157.16
1922.87, 1157.26
1923.28, 1157.37
1923.7, 1157.47
1924.12, 1157.58
1924.54, 1157.69
1924.95, 1157.79
1925.37, 1157.9
1925.79, 1158.01
1926.21, 1158.11
1926.62, 1158.22
1927.04, 1158.33
1927.46, 1158.44
1927.87, 1158.55
1928.29, 1158.65
1928.71, 1158.76
1929.12, 1158.87
1929.54, 1158.98
1929.96, 1159.1
1930.37, 1159.21
1930.79, 1159.32
1931.2, 1159.43
1931.62, 1159.54
1932.03, 1159.65
1932.45, 1159.77
1932.87, 1159.88
1933.79, 1160.19
1934.19, 1160.34
1934.6, 1160.49
1935, 1160.64
1935.4, 1160.79
1935.81, 1160.94
1936.21, 1161.09
1936.61, 1161.24
1937.02, 1161.39
1937.42, 1161.54
1937.82, 1161.69
1938.23, 1161.84
1938.63, 1161.99
1939.03, 1162.14
1939.44, 1162.29
1939.84, 1162.44
1940.24, 1162.59
1940.65, 1162.74
1941.05, 1162.89
1941.45, 1163.04
1941.86, 1163.19
1942.26, 1163.34
1942.67, 1163.49
1943.07, 1163.64
1943.47, 1163.79
1943.88, 1163.94
1944.28, 1164.09
1944.68, 1164.24
1945.09, 1164.39
1945.49, 1164.54
1945.9, 1164.69
1946.3, 1164.84
1946.7, 1164.99
1947.11, 1165.14
1947.51, 1165.29
1947.91, 1165.44
1948.32, 1165.6
1948.72, 1165.74
1949.13, 1165.89
1949.53, 1166.05
1949.93, 1166.2
1950.34, 1166.35
1950.74, 1166.5
1951.14, 1166.65
1951.55, 1166.8
1951.95, 1166.95
1952.35, 1167.1
1952.76, 1167.25

waypoints
x, y
1918.28, 1156.1
1918.69, 1156.2
1919.11, 1156.31
1919.53, 1156.42
1919.94, 1156.52
1920.36, 1156.63
1920.78, 1156.74
1921.2, 1156.84
1921.61, 1156.95
1922.03, 1157.05
1922.45, 1157.16
1922.87, 1157.26
1923.28, 1157.37
1923.7, 1157.47
1924.12, 1157.58
1924.54, 1157.69
1924.95, 1157.79
1925.37, 1157.9
1925.79, 1158.01
1926.21, 1158.11
1926.62, 1158.22
1927.04, 1158.33
1927.46, 1158.44
1927.87, 1158.55
1928.29, 1158.65
1928.71, 1158.76
1929.12, 1158.87
1929.54, 1158.98
1929.96, 1159.1
1930.37, 1159.21
1930.79, 1159.32
1931.2, 1159.43
1931.62, 1159.54
1932.03, 1159.65
1932.45, 1159.77
1932.87, 1159.88
1933.79, 1160.19
1934.19, 1160.34
1934.6, 1160.49
1935, 1160.64
1935.4, 1160.79
1935.81, 1160.94
1936.21, 1161.09
1936.61, 1161.24
1937.02, 1161.39
1937.42, 1161.54
1937.82, 1161.69
1938.23, 1161.84
1938.63, 1161.99
1939.03, 1162.14
1939.44, 1162.29
1939.84, 1162.44
1940.24, 1162.59
1940.65, 1162.74
1941.05, 1162.89
1941.45, 1163.04
1941.86, 1163.19
1942.26, 1163.34
1942.67, 1163.49
1943.07, 1163.64
1943.47, 1163.79
1943.88, 1163.94
1944.28, 1164.09
1944.68, 1164.24
1945.09, 1164.39
1945.49, 1164.54
1945.9, 1164.69
1946.3, 1164.84
1946.7, 1164.99
1947.11, 1165.14
1947.51, 1165.29
1947.91, 1165.44
1948.32, 1165.6
1948.72, 1165.74
1949.13, 1165.89
1949.53, 1166.05
1949.93, 1166.2
1950.34, 1166.35
1950.74, 1166.5
1951.14, 1166.65
1951.55, 1166.8
1951.95, 1166.95
1952.35, 1167.1
1952.76, 1167.25

waypoints
x, y
1919.94, 1156.52
1920.36, 1156.63
1920.78, 1156.74
1921.2, 1156.84
1921.61, 1156.95
1922.03, 1157.05
1922.45, 1157.16
1922.87, 1157.26
1923.28, 1157.37
1923.7, 1157.47
1924.12, 1157.58
1924.54, 1157.69
1924.95, 1157.79
1925.37, 1157.9
1925.79, 1158.01
1926.21, 1158.11
1926.62, 1158.22
1927.04, 1158.33
1927.46, 1158.44
1927.87, 1158.55
1928.29, 1158.65
1928.71, 1158.76
1929.12, 1158.87
1929.54, 1158.98
1929.96, 1159.1
1930.37, 1159.21
1930.79, 1159.32
1931.2, 1159.43
1931.62, 1159.54
1932.03, 1159.65
1932.45, 1159.77
1932.87, 1159.88
1933.79, 1160.19
1934.19, 1160.34
1934.6, 1160.49
1935, 1160.64
1935.4, 1160.79
1935.81, 1160.94
1936.21, 1161.09
1936.61, 1161.24
1937.02, 1161.39
1937.42, 1161.54
1937.82, 1161.69
1938.23, 1161.84
1938.63, 1161.99
1939.03, 1162.14
1939.44, 1162.29
1939.84, 1162.44
1940.24, 1162.59
1940.65, 1162.74
1941.05, 1162.89
1941.45, 1163.04
1941.86, 1163.19
1942.26, 1163.34
1942.67, 1163.49
1943.07, 1163.64
1943.47, 1163.79
1943.88, 1163.94
1944.28, 1164.09
1944.68, 1164.24
1945.09, 1164.39
1945.49, 1164.54
1945.9, 1164.69
1946.3, 1164.84
1946.7, 1164.99
1947.11, 1165.14
1947.51, 1165.29
1947.91, 1165.44
1948.32, 1165.6
1948.72, 1165.74
1949.13, 1165.89
1949.53, 1166.05
1949.93, 1166.2
1950.34, 1166.35
1950.74, 1166.5
1951.14, 1166.65
1951.55, 1166.8
1951.95, 1166.95
1952.35, 1167.1
1952.76, 1167.25

waypoints
x, y
1921.2, 1156.84
1921.61, 1156.95
1922.03, 1157.05
1922.45, 1157.16
1922.87, 1157.26
1923.28, 1157.37
1923.7, 1157.47
1924.12, 1157.58
1924.54, 1157.69
1924.95, 1157.79
1925.37, 1157.9
1925.79, 1158.01
1926.21, 1158.11
1926.62, 1158.22
1927.04, 1158.33
1927.46, 1158.44
1927.87, 1158.55
1928.29, 1158.65
1928.71, 1158.76
1929.12, 1158.87
1929.54, 1158.98
1929.96, 1159.1
1930.37, 1159.21
1930.79, 1159.32
1931.2, 1159.43
1931.62, 1159.54
1932.03, 1159.65
1932.45, 1159.77
1932.87, 1159.88
1933.79, 1160.19
1934.19, 1160.34
1934.6, 1160.49
1935, 1160.64
1935.4, 1160.79
1935.81, 1160.94
1936.21, 1161.09
1936.61, 1161.24
1937.02, 1161.39
1937.42, 1161.54
1937.82, 1161.69
1938.23, 1161.84
1938.63, 1161.99
1939.03, 1162.14
1939.44, 1162.29
1939.84, 1162.44
1940.24, 1162.59
1940.65, 1162.74
1941.05, 1162.89
1941.45, 1163.04
1941.86, 1163.19
1942.26, 1163.34
1942.67, 1163.49
1943.07, 1163.64
1943.47, 1163.79
1943.88, 1163.94
1944.28, 1164.09
1944.68, 1164.24
1945.09, 1164.39
1945.49, 1164.54
1945.9, 1164.69
1946.3, 1164.84
1946.7, 1164.99
1947.11, 1165.14
1947.51, 1165.29
1947.91, 1165.44
1948.32, 1165.6
1948.72, 1165.74
1949.13, 1165.89
1949.53, 1166.05
1949.93, 1166.2
1950.34, 1166.35
1950.74, 1166.5
1951.14, 1166.65
1951.55, 1166.8
1951.95, 1166.95
1952.35, 1167.1
1952.76, 1167.25

waypoints
x, y
1922.45, 1157.16
1922.87, 1157.26
1923.28, 1157.37
1923.7, 1157.47
1924.12, 1157.58
1924.54, 1157.69
1924.95, 1157.79
1925.37, 1157.9
1925.79, 1158.01
1926.21, 1158.11
1926.62, 1158.22
1927.04, 1158.33
1927.46, 1158.44
1927.87, 1158.55
1928.29, 1158.65
1928.71, 1158.76
1929.12, 1158.87
1929.54, 1158.98
1929.96, 1159.1
1930.37, 1159.21
1930.79, 1159.32
1931.2, 1159.43
1931.62, 1159.54
1932.03, 1159.65
1932.45, 1159.77
1932.87, 1159.88
1933.79, 1160.19
1934.19, 1160.34
1934.6, 1160.49
1935, 1160.64
1935.4, 1160.79
1935.81, 1160.94
1936.21, 1161.09
1936.61, 1161.24
1937.02, 1161.39
1937.42, 1161.54
1937.82, 1161.69
1938.23, 1161.84
1938.63, 1161.99
1939.03, 1162.14
1939.44, 1162.29
1939.84, 1162.44
1940.24, 1162.59
1940.65, 1162.74
1941.05, 1162.89
1941.45, 1163.04
1941.86, 1163.19
1942.26, 1163.34
1942.67, 1163.49
1943.07, 1163.64
1943.47, 1163.79
1943.88, 1163.94
1944.28, 1164.09
1944.68, 1164.24
1945.09, 1164.39
1945.49, 1164.54
1945.9, 1164.69
1946.3, 1164.84
1946.7, 1164.99
1947.11, 1165.14
1947.51, 1165.29
1947.91, 1165.44
1948.32, 1165.6
1948.72, 1165.74
1949.13, 1165.89
1949.53, 1166.05
1949.93, 1166.2
1950.34, 1166.35
1950.74, 1166.5
1951.14, 1166.65
1951.55, 1166.8
1951.95, 1166.95
1952.35, 1167.1
1952.76, 1167.25

waypoints
x, y
1924.12, 1157.58
1924.54, 1157.69
1924.95, 1157.79
1925.37, 1157.9
1925.79, 1158.01
1926.21, 1158.11
1926.62, 1158.22
1927.04, 1158.33
1927.46, 1158.44
1927.87, 1158.55
1928.29, 1158.65
1928.71, 1158.76
1929.12, 1158.87
1929.54, 1158.98
1929.96, 1159.1
1930.37, 1159.21
1930.79, 1159.32
1931.2, 1159.43
1931.62, 1159.54
1932.03, 1159.65
1932.45, 1159.77
1932.87, 1159.88
1933.79, 1160.19
1934.19, 1160.34
1934.6, 1160.49
1935, 1160.64
1935.4, 1160.79
1935.81, 1160.94
1936.21, 1161.09
1936.61, 1161.24
1937.02, 1161.39
1937.42, 1161.54
1937.82, 1161.69
1938.23, 1161.84
1938.63, 1161.99
1939.03, 1162.14
1939.44, 1162.29
1939.84, 1162.44
1940.24, 1162.59
1940.65, 1162.74
1941.05, 1162.89
1941.45, 1163.04
1941.86, 1163.19
1942.26, 1163.34
1942.67, 1163.49
1943.07, 1163.64
1943.47, 1163.79
1943.88, 1163.94
1944.28, 1164.09
1944.68, 1164.24
1945.09, 1164.39
1945.49, 1164.54
1945.9, 1164.69
1946.3, 1164.84
1946.7, 1164.99
1947.11, 1165.14
1947.51, 1165.29
1947.91, 1165.44
1948.32, 1165.6
1948.72, 1165.74
1949.13, 1165.89
1949.53, 1166.05
1949.93, 1166.2
1950.34, 1166.35
1950.74, 1166.5
1951.14, 1166.65
1951.55, 1166.8
1951.95, 1166.95
1952.35, 1167.1
1952.76, 1167.25

waypoints
x, y
1925.37, 1157.9
1925.79, 1158.01
1926.21, 1158.11
1926.62, 1158.22
1927.04, 1158.33
1927.46, 1158.44
1927.87, 1158.55
1928.29, 1158.65
1928.71, 1158.76
1929.12, 1158.87
1929.54, 1158.98
1929.96, 1159.1
1930.37, 1159.21
1930.79, 1159.32
1931.2, 1159.43
1931.62, 1159.54
1932.03, 1159.65
1932.45, 1159.77
1932.87, 1159.88
1933.79, 1160.19
1934.19, 1160.34
1934.6, 1160.49
1935, 1160.64
1935.4, 1160.79
1935.81, 1160.94
1936.21, 1161.09
1936.61, 1161.24
1937.02, 1161.39
1937.42, 1161.54
1937.82, 1161.69
1938.23, 1161.84
1938.63, 1161.99
1939.03, 1162.14
1939.44, 1162.29
1939.84, 1162.44
1940.24, 1162.59
1940.65, 1162.74
1941.05, 1162.89
1941.45, 1163.04
1941.86, 1163.19
1942.26, 1163.34
1942.67, 1163.49
1943.07, 1163.64
1943.47, 1163.79
1943.88, 1163.94
1944.28, 1164.09
1944.68, 1164.24
1945.09, 1164.39
1945.49, 1164.54
1945.9, 1164.69
1946.3, 1164.84
1946.7, 1164.99
1947.11, 1165.14
1947.51, 1165.29
1947.91, 1165.44
1948.32, 1165.6
1948.72, 1165.74
1949.13, 1165.89
1949.53, 1166.05
1949.93, 1166.2
1950.34, 1166.35
1950.74, 1166.5
1951.14, 1166.65
1951.55, 1166.8
1951.95, 1166.95
1952.35, 1167.1
1952.76, 1167.25

waypoints
x, y
1927.04, 1158.33
1927.46, 1158.44
1927.87, 1158.55
1928.29, 1158.65
1928.71, 1158.76
1929.12, 1158.87
1929.54, 1158.98
1929.96, 1159.1
1930.37, 1159.21
1930.79, 1159.32
1931.2, 1159.43
1931.62, 1159.54
1932.03, 1159.65
1932.45, 1159.77
1932.87, 1159.88
1933.79, 1160.19
1934.19, 1160.34
1934.6, 1160.49
1935, 1160.64
1935.4, 1160.79
1935.81, 1160.94
1936.21, 1161.09
1936.61, 1161.24
1937.02, 1161.39
1937.42, 1161.54
1937.82, 1161.69
1938.23, 1161.84
1938.63, 1161.99
1939.03, 1162.14
1939.44, 1162.29
1939.84, 1162.44
1940.24, 1162.59
1940.65, 1162.74
1941.05, 1162.89
1941.45, 1163.04
1941.86, 1163.19
1942.26, 1163.34
1942.67, 1163.49
1943.07, 1163.64
1943.47, 1163.79
1943.88, 1163.94
1944.28, 1164.09
1944.68, 1164.24
1945.09, 1164.39
1945.49, 1164.54
1945.9, 1164.69
1946.3, 1164.84
1946.7, 1164.99
1947.11, 1165.14
1947.51, 1165.29
1947.91, 1165.44
1948.32, 1165.6
1948.72, 1165.74
1949.13, 1165.89
1949.53, 1166.05
1949.93, 1166.2
1950.34, 1166.35
1950.74, 1166.5
1951.14, 1166.65
1951.55, 1166.8
1951.95, 1166.95
1952.35, 1167.1
1952.76, 1167.25

waypoints
x, y
1928.29, 1158.65
1928.71, 1158.76
1929.12, 1158.87
1929.54, 1158.98
1929.96, 1159.1
1930.37, 1159.21
1930.79, 1159.32
1931.2, 1159.43
1931.62, 1159.54
1932.03, 1159.65
1932.45, 1159.77
1932.87, 1159.88
1933.79, 1160.19
1934.19, 1160.34
1934.6, 1160.49
1935, 1160.64
1935.4, 1160.79
1935.81, 1160.94
1936.21, 1161.09
1936.61, 1161.24
1937.02, 1161.39
1937.42, 1161.54
1937.82, 1161.69
1938.23, 1161.84
1938.63, 1161.99
1939.03, 1162.14
1939.44, 1162.29
1939.84, 1162.44
1940.24, 1162.59
1940.65, 1162.74
1941.05, 1162.89
1941.45, 1163.04
1941.86, 1163.19
1942.26, 1163.34
1942.67, 1163.49
1943.07, 1163.64
1943.47, 1163.79
1943.88, 1163.94
1944.28, 1164.09
1944.68, 1164.24
1945.09, 1164.39
1945.49, 1164.54
1945.9, 1164.69
1946.3, 1164.84
1946.7, 1164.99
1947.11, 1165.14
1947.51, 1165.29
1947.91, 1165.44
1948.32, 1165.6
1948.72, 1165.74
1949.13, 1165.89
1949.53, 1166.05
1949.93, 1166.2
1950.34, 1166.35
1950.74, 1166.5
1951.14, 1166.65
1951.55, 1166.8
1951.95, 1166.95
1952.35, 1167.1
1952.76, 1167.25

waypoints
x, y
1929.54, 1158.98
1929.96, 1159.1
1930.37, 1159.21
1930.79, 1159.32
1931.2, 1159.43
1931.62, 1159.54
1932.03, 1159.65
1932.45, 1159.77
1932.87, 1159.88
1933.79, 1160.19
1934.19, 1160.34
1934.6, 1160.49
1935, 1160.64
1935.4, 1160.79
1935.81, 1160.94
1936.21, 1161.09
1936.61, 1161.24
1937.02, 1161.39
1937.42, 1161.54
1937.82, 1161.69
1938.23, 1161.84
1938.63, 1161.99
1939.03, 1162.14
1939.44, 1162.29
1939.84, 1162.44
1940.24, 1162.59
1940.65, 1162.74
1941.05, 1162.89
1941.45, 1163.04
1941.86, 1163.19
1942.26, 1163.34
1942.67, 1163.49
1943.07, 1163.64
1943.47, 1163.79
1943.88, 1163.94
1944.28, 1164.09
1944.68, 1164.24
1945.09, 1164.39
1945.49, 1164.54
1945.9, 1164.69
1946.3, 1164.84
1946.7, 1164.99
1947.11, 1165.14
1947.51, 1165.29
1947.91, 1165.44
1948.32, 1165.6
1948.72, 1165.74
1949.13, 1165.89
1949.53, 1166.05
1949.93, 1166.2
1950.34, 1166.35
1950.74, 1166.5
1951.14, 1166.65
1951.55, 1166.8
1951.95, 1166.95
1952.35, 1167.1
1952.76, 1167.25

waypoints
x, y
1931.2, 1159.43
1931.62, 1159.54
1932.03, 1159.65
1932.45, 1159.77
1932.87, 1159.88
1933.79, 1160.19
1934.19, 1160.34
1934.6, 1160.49
1935, 1160.64
1935.4, 1160.79
1935.81, 1160.94
1936.21, 1161.09
1936.61, 1161.24
1937.02, 1161.39
1937.42, 1161.54
1937.82, 1161.69
1938.23, 1161.84
1938.63, 1161.99
1939.03, 1162.14
1939.44, 1162.29
1939.84, 1162.44
1940.24, 1162.59
1940.65, 1162.74
1941.05, 1162.89
1941.45, 1163.04
1941.86, 1163.19
1942.26, 1163.34
1942.67, 1163.49
1943.07, 1163.64
1943.47, 1163.79
1943.88, 1163.94
1944.28, 1164.09
1944.68, 1164.24
1945.09, 1164.39
1945.49, 1164.54
1945.9, 1164.69
1946.3, 1164.84
1946.7, 1164.99
1947.11, 1165.14
1947.51, 1165.29
1947.91, 1165.44
1948.32, 1165.6
1948.72, 1165.74
1949.13, 1165.89
1949.53, 1166.05
1949.93, 1166.2
1950.34, 1166.35
1950.74, 1166.5
1951.14, 1166.65
1951.55, 1166.8
1951.95, 1166.95
1952.35, 1167.1
1952.76, 1167.25

waypoints
x, y
1932.45, 1159.77
1932.87, 1159.88
1933.79, 1160.19
1934.19, 1160.34
1934.6, 1160.49
1935, 1160.64
1935.4, 1160.79
1935.81, 1160.94
1936.21, 1161.09
1936.61, 1161.24
1937.02, 1161.39
1937.42, 1161.54
1937.82, 1161.69
1938.23, 1161.84
1938.63, 1161.99
1939.03, 1162.14
1939.44, 1162.29
1939.84, 1162.44
1940.24, 1162.59
1940.65, 1162.74
1941.05, 1162.89
1941.45, 1163.04
1941.86, 1163.19
1942.26, 1163.34
1942.67, 1163.49
1943.07, 1163.64
1943.47, 1163.79
1943.88, 1163.94
1944.28, 1164.09
1944.68, 1164.24
1945.09, 1164.39
1945.49, 1164.54
1945.9, 1164.69
1946.3, 1164.84
1946.7, 1164.99
1947.11, 1165.14
1947.51, 1165.29
1947.91, 1165.44
1948.32, 1165.6
1948.72, 1165.74
1949.13, 1165.89
1949.53, 1166.05
1949.93, 1166.2
1950.34, 1166.35
1950.74, 1166.5
1951.14, 1166.65
1951.55, 1166.8
1951.95, 1166.95
1952.35, 1167.1
1952.76, 1167.25

waypoints
x, y
1934.6, 1160.49
1935, 1160.64
1935.4, 1160.79
1935.81, 1160.94
1936.21, 1161.09
1936.61, 1161.24
1937.02, 1161.39
1937.42, 1161.54
1937.82, 1161.69
1938.23, 1161.84
1938.63, 1161.99
1939.03, 1162.14
1939.44, 1162.29
1939.84, 1162.44
1940.24, 1162.59
1940.65, 1162.74
1941.05, 1162.89
1941.45, 1163.04
1941.86, 1163.19
1942.26, 1163.34
1942.67, 1163.49
1943.07, 1163.64
1943.47, 1163.79
1943.88, 1163.94
1944.28, 1164.09
1944.68, 1164.24
1945.09, 1164.39
1945.49, 1164.54
1945.9, 1164.69
1946.3, 1164.84
1946.7, 1164.99
1947.11, 1165.14
1947.51, 1165.29
1947.91, 1165.44
1948.32, 1165.6
1948.72, 1165.74
1949.13, 1165.89
1949.53, 1166.05
1949.93, 1166.2
1950.34, 1166.35
1950.74, 1166.5
1951.14, 1166.65
1951.55, 1166.8
1951.95, 1166.95
1952.35, 1167.1
1952.76, 1167.25
1953.16, 1167.4
1953.56, 1167.55
1953.97, 1167.7
1954.37, 1167.85
1954.77, 1168
1955.18, 1168.15
1955.58, 1168.3
1955.98, 1168.45
1956.39, 1168.6
1956.79, 1168.75
1957.19, 1168.9
1957.59, 1169.05
1958, 1169.2
1958.4, 1169.35
1958.81, 1169.5
1959.21, 1169.65
1959.61, 1169.8
1960.02, 1169.95
1961.3, 1170.57
1961.67, 1170.79
1962.04, 1171
1962.42, 1171.22
1962.79, 1171.43
1963.16, 1171.65
1963.54, 1171.86
1963.91, 1172.08
1964.28, 1172.29
1964.66, 1172.51
1965.03, 1172.72
1965.4, 1172.94
1965.78, 1173.16
1966.15, 1173.37
1966.52, 1173.59
1966.9, 1173.8
1967.27, 1174.02
1967.64, 1174.23
1968.02, 1174.45
1968.39, 1174.66
1968.76, 1174.88
1969.14, 1175.09
1969.51, 1175.31
1969.88, 1175.52
1970.26, 1175.74
1970.63, 1175.95
1971, 1176.17
1971.38, 1176.38
1971.75, 1176.6
1972.12, 1176.81
1972.49, 1177.02

waypoints
x, y
1935.81, 1160.94
1936.21, 1161.09
1936.61, 1161.24
1937.02, 1161.39
1937.42, 1161.54
1937.82, 1161.69
1938.23, 1161.84
1938.63, 1161.99
1939.03, 1162.14
1939.44, 1162.29
1939.84, 1162.44
1940.24, 1162.59
1940.65, 1162.74
1941.05, 1162.89
1941.45, 1163.04
1941.86, 1163.19
1942.26, 1163.34
1942.67, 1163.49
1943.07, 1163.64
1943.47, 1163.79
1943.88, 1163.94
1944.28, 1164.09
1944.68, 1164.24
1945.09, 1164.39
1945.49, 1164.54
1945.9, 1164.69
1946.3, 1164.84
1946.7, 1164.99
1947.11, 1165.14
1947.51, 1165.29
1947.91, 1165.44
1948.32, 1165.6
1948.72, 1165.74
1949.13, 1165.89
1949.53, 1166.05
1949.93, 1166.2
1950.34, 1166.35
1950.74, 1166.5
1951.14, 1166.65
1951.55, 1166.8
1951.95, 1166.95
1952.35, 1167.1
1952.76, 1167.25
1953.16, 1167.4
1953.56, 1167.55
1953.97, 1167.7
1954.37, 1167.85
1954.77, 1168
1955.18, 1168.15
1955.58, 1168.3
1955.98, 1168.45
1956.38, 1168.6
1956.79, 1168.75
1957.19, 1168.9
1957.6, 1169.05
1958, 1169.2
1958.4, 1169.35
1958.81, 1169.5
1959.21, 1169.65
1959.61, 1169.8
1960.02, 1169.95
1961.3, 1170.58
1961.67, 1170.79
1962.04, 1171.01
1962.42, 1171.22
1962.79, 1171.43
1963.16, 1171.65
1963.54, 1171.87
1963.91, 1172.08
1964.28, 1172.3
1964.66, 1172.51
1965.03, 1172.72
1965.4, 1172.94
1965.78, 1173.15
1966.15, 1173.37
1966.52, 1173.59
1966.9, 1173.8
1967.27, 1174.02
1967.64, 1174.23
1968.02, 1174.44
1968.39, 1174.66
1968.76, 1174.88
1969.14, 1175.09
1969.51, 1175.31
1969.88, 1175.52
1970.26, 1175.73
1970.63, 1175.95
1971, 1176.16
1971.38, 1176.38
1971.75, 1176.6
1972.12, 1176.81
1972.49, 1177.03

waypoints
x, y
1937.42, 1161.54
1937.82, 1161.69
1938.23, 1161.84
1938.63, 1161.99
1939.03, 1162.14
1939.44, 1162.29
1939.84, 1162.44
1940.24, 1162.59
1940.65, 1162.74
1941.05, 1162.89
1941.45, 1163.04
1941.86, 1163.19
1942.26, 1163.34
1942.67, 1163.49
1943.07, 1163.64
1943.47, 1163.79
1943.88, 1163.94
1944.28, 1164.09
1944.68, 1164.24
1945.09, 1164.39
1945.49, 1164.54
1945.9, 1164.69
1946.3, 1164.84
1946.7, 1164.99
1947.11, 1165.14
1947.51, 1165.29
1947.91, 1165.44
1948.32, 1165.6
1948.72, 1165.74
1949.13, 1165.89
1949.53, 1166.05
1949.93, 1166.2
1950.34, 1166.35
1950.74, 1166.5
1951.14, 1166.65
1951.55, 1166.8
1951.95, 1166.95
1952.35, 1167.1
1952.76, 1167.25
1953.16, 1167.4
1953.56, 1167.55
1953.97, 1167.7
1954.37, 1167.85
1954.77, 1168
1955.18, 1168.15
1955.58, 1168.3
1955.98, 1168.45
1956.38, 1168.6
1956.79, 1168.75
1957.19, 1168.9
1957.6, 1169.05
1958, 1169.2
1958.4, 1169.35
1958.81, 1169.5
1959.21, 1169.65
1959.61, 1169.8
1960.02, 1169.95
1961.3, 1170.58
1961.67, 1170.79
1962.04, 1171.01
1962.42, 1171.22
1962.79, 1171.43
1963.16, 1171.65
1963.54, 1171.87
1963.91, 1172.08
1964.28, 1172.3
1964.66, 1172.51
1965.03, 1172.72
1965.4, 1172.94
1965.78, 1173.15
1966.15, 1173.37
1966.52, 1173.59
1966.9, 1173.8
1967.27, 1174.02
1967.64, 1174.23
1968.02, 1174.44
1968.39, 1174.66
1968.76, 1174.88
1969.14, 1175.09
1969.51, 1175.31
1969.88, 1175.52
1970.26, 1175.73
1970.63, 1175.95
1971, 1176.16
1971.38, 1176.38
1971.75, 1176.6
1972.12, 1176.81
1972.49, 1177.03

waypoints
x, y
1938.63, 1161.99
1939.03, 1162.14
1939.44, 1162.29
1939.84, 1162.44
1940.24, 1162.59
1940.65, 1162.74
1941.05, 1162.89
1941.45, 1163.04
1941.86, 1163.19
1942.26, 1163.34
1942.67, 1163.49
1943.07, 1163.64
1943.47, 1163.79
1943.88, 1163.94
1944.28, 1164.09
1944.68, 1164.24
1945.09, 1164.39
1945.49, 1164.54
1945.9, 1164.69
1946.3, 1164.84
1946.7, 1164.99
1947.11, 1165.14
1947.51, 1165.29
1947.91, 1165.44
1948.32, 1165.6
1948.72, 1165.74
1949.13, 1165.89
1949.53, 1166.05
1949.93, 1166.2
1950.34, 1166.35
1950.74, 1166.5
1951.14, 1166.65
1951.55, 1166.8
1951.95, 1166.95
1952.35, 1167.1
1952.76, 1167.25
1953.16, 1167.4
1953.56, 1167.55
1953.97, 1167.7
1954.37, 1167.85
1954.77, 1168
1955.18, 1168.15
1955.58, 1168.3
1955.98, 1168.45
1956.38, 1168.6
1956.79, 1168.75
1957.19, 1168.9
1957.6, 1169.05
1958, 1169.2
1958.4, 1169.35
1958.81, 1169.5
1959.21, 1169.65
1959.61, 1169.8
1960.02, 1169.95
1961.3, 1170.58
1961.67, 1170.79
1962.04, 1171.01
1962.42, 1171.22
1962.79, 1171.43
1963.16, 1171.65
1963.54, 1171.87
1963.91, 1172.08
1964.28, 1172.3
1964.66, 1172.51
1965.03, 1172.72
1965.4, 1172.94
1965.78, 1173.15
1966.15, 1173.37
1966.52, 1173.59
1966.9, 1173.8
1967.27, 1174.02
1967.64, 1174.23
1968.02, 1174.44
1968.39, 1174.66
1968.76, 1174.88
1969.14, 1175.09
1969.51, 1175.31
1969.88, 1175.52
1970.26, 1175.73
1970.63, 1175.95
1971, 1176.16
1971.38, 1176.38
1971.75, 1176.6
1972.12, 1176.81
1972.49, 1177.03

waypoints
x, y
1940.24, 1162.59
1940.65, 1162.74
1941.05, 1162.89
1941.45, 1163.04
1941.86, 1163.19
1942.26, 1163.34
1942.67, 1163.49
1943.07, 1163.64
1943.47, 1163.79
1943.88, 1163.94
1944.28, 1164.09
1944.68, 1164.24
1945.09, 1164.39
1945.49, 1164.54
1945.9, 1164.69
1946.3, 1164.84
1946.7, 1164.99
1947.11, 1165.14
1947.51, 1165.29
1947.91, 1165.44
1948.32, 1165.6
1948.72, 1165.74
1949.13, 1165.89
1949.53, 1166.05
1949.93, 1166.2
1950.34, 1166.35
1950.74, 1166.5
1951.14, 1166.65
1951.55, 1166.8
1951.95, 1166.95
1952.35, 1167.1
1952.76, 1167.25
1953.16, 1167.4
1953.56, 1167.55
1953.97, 1167.7
1954.37, 1167.85
1954.77, 1168
1955.18, 1168.15
1955.58, 1168.3
1955.98, 1168.45
1956.38, 1168.6
1956.79, 1168.75
1957.19, 1168.9
1957.6, 1169.05
1958, 1169.2
1958.4, 1169.35
1958.81, 1169.5
1959.21, 1169.65
1959.61, 1169.8
1960.02, 1169.95
1961.3, 1170.58
1961.67, 1170.79
1962.04, 1171.01
1962.42, 1171.22
1962.79, 1171.43
1963.16, 1171.65
1963.54, 1171.87
1963.91, 1172.08
1964.28, 1172.3
1964.66, 1172.51
1965.03, 1172.72
1965.4, 1172.94
1965.78, 1173.15
1966.15, 1173.37
1966.52, 1173.59
1966.9, 1173.8
1967.27, 1174.02
1967.64, 1174.23
1968.02, 1174.44
1968.39, 1174.66
1968.76, 1174.88
1969.14, 1175.09
1969.51, 1175.31
1969.88, 1175.52
1970.26, 1175.73
1970.63, 1175.95
1971, 1176.16
1971.38, 1176.38
1971.75, 1176.6
1972.12, 1176.81
1972.49, 1177.03

waypoints
x, y
1941.45, 1163.04
1941.86, 1163.19
1942.26, 1163.34
1942.67, 1163.49
1943.07, 1163.64
1943.47, 1163.79
1943.88, 1163.94
1944.28, 1164.09
1944.68, 1164.24
1945.09, 1164.39
1945.49, 1164.54
1945.9, 1164.69
1946.3, 1164.84
1946.7, 1164.99
1947.11, 1165.14
1947.51, 1165.29
1947.91, 1165.44
1948.32, 1165.6
1948.72, 1165.74
1949.13, 1165.89
1949.53, 1166.05
1949.93, 1166.2
1950.34, 1166.35
1950.74, 1166.5
1951.14, 1166.65
1951.55, 1166.8
1951.95, 1166.95
1952.35, 1167.1
1952.76, 1167.25
1953.16, 1167.4
1953.56, 1167.55
1953.97, 1167.7
1954.37, 1167.85
1954.77, 1168
1955.18, 1168.15
1955.58, 1168.3
1955.98, 1168.45
1956.38, 1168.6
1956.79, 1168.75
1957.19, 1168.9
1957.6, 1169.05
1958, 1169.2
1958.4, 1169.35
1958.81, 1169.5
1959.21, 1169.65
1959.61, 1169.8
1960.02, 1169.95
1961.3, 1170.58
1961.67, 1170.79
1962.04, 1171.01
1962.42, 1171.22
1962.79, 1171.43
1963.16, 1171.65
1963.54, 1171.87
1963.91, 1172.08
1964.28, 1172.3
1964.66, 1172.51
1965.03, 1172.72
1965.4, 1172.94
1965.78, 1173.15
1966.15, 1173.37
1966.52, 1173.59
1966.9, 1173.8
1967.27, 1174.02
1967.64, 1174.23
1968.02, 1174.44
1968.39, 1174.66
1968.76, 1174.88
1969.14, 1175.09
1969.51, 1175.31
1969.88, 1175.52
1970.26, 1175.73
1970.63, 1175.95
1971, 1176.16
1971.38, 1176.38
1971.75, 1176.6
1972.12, 1176.81
1972.49, 1177.03

waypoints
x, y
1943.07, 1163.64
1943.47, 1163.79
1943.88, 1163.94
1944.28, 1164.09
1944.68, 1164.24
1945.09, 1164.39
1945.49, 1164.54
1945.9, 1164.69
1946.3, 1164.84
1946.7, 1164.99
1947.11, 1165.14
1947.51, 1165.29
1947.91, 1165.44
1948.32, 1165.6
1948.72, 1165.74
1949.13, 1165.89
1949.53, 1166.05
1949.93, 1166.2
1950.34, 1166.35
1950.74, 1166.5
1951.14, 1166.65
1951.55, 1166.8
1951.95, 1166.95
1952.35, 1167.1
1952.76, 1167.25
1953.16, 1167.4
1953.56, 1167.55
1953.97, 1167.7
1954.37, 1167.85
1954.77, 1168
1955.18, 1168.15
1955.58, 1168.3
1955.98, 1168.45
1956.38, 1168.6
1956.79, 1168.75
1957.19, 1168.9
1957.6, 1169.05
1958, 1169.2
1958.4, 1169.35
1958.81, 1169.5
1959.21, 1169.65
1959.61, 1169.8
1960.02, 1169.95
1961.3, 1170.58
1961.67, 1170.79
1962.04, 1171.01
1962.42, 1171.22
1962.79, 1171.43
1963.16, 1171.65
1963.54, 1171.87
1963.91, 1172.08
1964.28, 1172.3
1964.66, 1172.51
1965.03, 1172.72
1965.4, 1172.94
1965.78, 1173.15
1966.15, 1173.37
1966.52, 1173.59
1966.9, 1173.8
1967.27, 1174.02
1967.64, 1174.23
1968.02, 1174.44
1968.39, 1174.66
1968.76, 1174.88
1969.14, 1175.09
1969.51, 1175.31
1969.88, 1175.52
1970.26, 1175.73
1970.63, 1175.95
1971, 1176.16
1971.38, 1176.38
1971.75, 1176.6
1972.12, 1176.81
1972.49, 1177.03

waypoints
x, y
1944.68, 1164.24
1945.09, 1164.39
1945.49, 1164.54
1945.9, 1164.69
1946.3, 1164.84
1946.7, 1164.99
1947.11, 1165.14
1947.51, 1165.29
1947.91, 1165.44
1948.32, 1165.6
1948.72, 1165.74
1949.13, 1165.89
1949.53, 1166.05
1949.93, 1166.2
1950.34, 1166.35
1950.74, 1166.5
1951.14, 1166.65
1951.55, 1166.8
1951.95, 1166.95
1952.35, 1167.1
1952.76, 1167.25
1953.16, 1167.4
1953.56, 1167.55
1953.97, 1167.7
1954.37, 1167.85
1954.77, 1168
1955.18, 1168.15
1955.58, 1168.3
1955.98, 1168.45
1956.38, 1168.6
1956.79, 1168.75
1957.19, 1168.9
1957.6, 1169.05
1958, 1169.2
1958.4, 1169.35
1958.81, 1169.5
1959.21, 1169.65
1959.61, 1169.8
1960.02, 1169.95
1961.3, 1170.58
1961.67, 1170.79
1962.04, 1171.01
1962.42, 1171.22
1962.79, 1171.43
1963.16, 1171.65
1963.54, 1171.87
1963.91, 1172.08
1964.28, 1172.3
1964.66, 1172.51
1965.03, 1172.72
1965.4, 1172.94
1965.78, 1173.15
1966.15, 1173.37
1966.52, 1173.59
1966.9, 1173.8
1967.27, 1174.02
1967.64, 1174.23
1968.02, 1174.44
1968.39, 1174.66
1968.76, 1174.88
1969.14, 1175.09
1969.51, 1175.31
1969.88, 1175.52
1970.26, 1175.73
1970.63, 1175.95
1971, 1176.16
1971.38, 1176.38
1971.75, 1176.6
1972.12, 1176.81
1972.49, 1177.03

waypoints
x, y
1945.9, 1164.69
1946.3, 1164.84
1946.7, 1164.99
1947.11, 1165.14
1947.51, 1165.29
1947.91, 1165.44
1948.32, 1165.6
1948.72, 1165.74
1949.13, 1165.89
1949.53, 1166.05
1949.93, 1166.2
1950.34, 1166.35
1950.74, 1166.5
1951.14, 1166.65
1951.55, 1166.8
1951.95, 1166.95
1952.35, 1167.1
1952.76, 1167.25
1953.16, 1167.4
1953.56, 1167.55
1953.97, 1167.7
1954.37, 1167.85
1954.77, 1168
1955.18, 1168.15
1955.58, 1168.3
1955.98, 1168.45
1956.38, 1168.6
1956.79, 1168.75
1957.19, 1168.9
1957.6, 1169.05
1958, 1169.2
1958.4, 1169.35
1958.81, 1169.5
1959.21, 1169.65
1959.61, 1169.8
1960.02, 1169.95
1961.3, 1170.58
1961.67, 1170.79
1962.04, 1171.01
1962.42, 1171.22
1962.79, 1171.43
1963.16, 1171.65
1963.54, 1171.87
1963.91, 1172.08
1964.28, 1172.3
1964.66, 1172.51
1965.03, 1172.72
1965.4, 1172.94
1965.78, 1173.15
1966.15, 1173.37
1966.52, 1173.59
1966.9, 1173.8
1967.27, 1174.02
1967.64, 1174.23
1968.02, 1174.44
1968.39, 1174.66
1968.76, 1174.88
1969.14, 1175.09
1969.51, 1175.31
1969.88, 1175.52
1970.26, 1175.73
1970.63, 1175.95
1971, 1176.16
1971.38, 1176.38
1971.75, 1176.6
1972.12, 1176.81
1972.49, 1177.03

waypoints
x, y
1947.11, 1165.14
1947.51, 1165.29
1947.91, 1165.44
1948.32, 1165.6
1948.72, 1165.74
1949.13, 1165.89
1949.53, 1166.05
1949.93, 1166.2
1950.34, 1166.35
1950.74, 1166.5
1951.14, 1166.65
1951.55, 1166.8
1951.95, 1166.95
1952.35, 1167.1
1952.76, 1167.25
1953.16, 1167.4
1953.56, 1167.55
1953.97, 1167.7
1954.37, 1167.85
1954.77, 1168
1955.18, 1168.15
1955.58, 1168.3
1955.98, 1168.45
1956.38, 1168.6
1956.79, 1168.75
1957.19, 1168.9
1957.6, 1169.05
1958, 1169.2
1958.4, 1169.35
1958.81, 1169.5
1959.21, 1169.65
1959.61, 1169.8
1960.02, 1169.95
1961.3, 1170.58
1961.67, 1170.79
1962.04, 1171.01
1962.42, 1171.22
1962.79, 1171.43
1963.16, 1171.65
1963.54, 1171.87
1963.91, 1172.08
1964.28, 1172.3
1964.66, 1172.51
1965.03, 1172.72
1965.4, 1172.94
1965.78, 1173.15
1966.15, 1173.37
1966.52, 1173.59
1966.9, 1173.8
1967.27, 1174.02
1967.64, 1174.23
1968.02, 1174.44
1968.39, 1174.66
1968.76, 1174.88
1969.14, 1175.09
1969.51, 1175.31
1969.88, 1175.52
1970.26, 1175.73
1970.63, 1175.95
1971, 1176.16
1971.38, 1176.38
1971.75, 1176.6
1972.12, 1176.81
1972.49, 1177.03

waypoints
x, y
1948.72, 1165.74
1949.13, 1165.89
1949.53, 1166.05
1949.93, 1166.2
1950.34, 1166.35
1950.74, 1166.5
1951.14, 1166.65
1951.55, 1166.8
1951.95, 1166.95
1952.35, 1167.1
1952.76, 1167.25
1953.16, 1167.4
1953.56, 1167.55
1953.97, 1167.7
1954.37, 1167.85
1954.77, 1168
1955.18, 1168.15
1955.58, 1168.3
1955.98, 1168.45
1956.38, 1168.6
1956.79, 1168.75
1957.19, 1168.9
1957.6, 1169.05
1958, 1169.2
1958.4, 1169.35
1958.81, 1169.5
1959.21, 1169.65
1959.61, 1169.8
1960.02, 1169.95
1961.3, 1170.58
1961.67, 1170.79
1962.04, 1171.01
1962.42, 1171.22
1962.79, 1171.43
1963.16, 1171.65
1963.54, 1171.87
1963.91, 1172.08
1964.28, 1172.3
1964.66, 1172.51
1965.03, 1172.72
1965.4, 1172.94
1965.78, 1173.15
1966.15, 1173.37
1966.52, 1173.59
1966.9, 1173.8
1967.27, 1174.02
1967.64, 1174.23
1968.02, 1174.44
1968.39, 1174.66
1968.76, 1174.88
1969.14, 1175.09
1969.51, 1175.31
1969.88, 1175.52
1970.26, 1175.73
1970.63, 1175.95
1971, 1176.16
1971.38, 1176.38
1971.75, 1176.6
1972.12, 1176.81
1972.49, 1177.03

waypoints
x, y
1949.93, 1166.2
1950.34, 1166.35
1950.74, 1166.5
1951.14, 1166.65
1951.55, 1166.8
1951.95, 1166.95
1952.35, 1167.1
1952.76, 1167.25
1953.16, 1167.4
1953.56, 1167.55
1953.97, 1167.7
1954.37, 1167.85
1954.77, 1168
1955.18, 1168.15
1955.58, 1168.3
1955.98, 1168.45
1956.38, 1168.6
1956.79, 1168.75
1957.19, 1168.9
1957.6, 1169.05
1958, 1169.2
1958.4, 1169.35
1958.81, 1169.5
1959.21, 1169.65
1959.61, 1169.8
1960.02, 1169.95
1961.3, 1170.58
1961.67, 1170.79
1962.04, 1171.01
1962.42, 1171.22
1962.79, 1171.43
1963.16, 1171.65
1963.54, 1171.87
1963.91, 1172.08
1964.28, 1172.3
1964.66, 1172.51
1965.03, 1172.72
1965.4, 1172.94
1965.78, 1173.15
1966.15, 1173.37
1966.52, 1173.59
1966.9, 1173.8
1967.27, 1174.02
1967.64, 1174.23
1968.02, 1174.44
1968.39, 1174.66
1968.76, 1174.88
1969.14, 1175.09
1969.51, 1175.31
1969.88, 1175.52
1970.26, 1175.73
1970.63, 1175.95
1971, 1176.16
1971.38, 1176.38
1971.75, 1176.6
1972.12, 1176.81
1972.49, 1177.03

waypoints
x, y
1951.55, 1166.8
1951.95, 1166.95
1952.35, 1167.1
1952.76, 1167.25
1953.16, 1167.4
1953.56, 1167.55
1953.97, 1167.7
1954.37, 1167.85
1954.77, 1168
1955.18, 1168.15
1955.58, 1168.3
1955.98, 1168.45
1956.38, 1168.6
1956.79, 1168.75
1957.19, 1168.9
1957.6, 1169.05
1958, 1169.2
1958.4, 1169.35
1958.81, 1169.5
1959.21, 1169.65
1959.61, 1169.8
1960.02, 1169.95
1961.3, 1170.58
1961.67, 1170.79
1962.04, 1171.01
1962.42, 1171.22
1962.79, 1171.43
1963.16, 1171.65
1963.54, 1171.87
1963.91, 1172.08
1964.28, 1172.3
1964.66, 1172.51
1965.03, 1172.72
1965.4, 1172.94
1965.78, 1173.15
1966.15, 1173.37
1966.52, 1173.59
1966.9, 1173.8
1967.27, 1174.02
1967.64, 1174.23
1968.02, 1174.44
1968.39, 1174.66
1968.76, 1174.88
1969.14, 1175.09
1969.51, 1175.31
1969.88, 1175.52
1970.26, 1175.73
1970.63, 1175.95
1971, 1176.16
1971.38, 1176.38
1971.75, 1176.6
1972.12, 1176.81
1972.49, 1177.03

waypoints
x, y
1952.76, 1167.25
1953.16, 1167.4
1953.56, 1167.55
1953.97, 1167.7
1954.37, 1167.85
1954.77, 1168
1955.18, 1168.15
1955.58, 1168.3
1955.98, 1168.45
1956.38, 1168.6
1956.79, 1168.75
1957.19, 1168.9
1957.6, 1169.05
1958, 1169.2
1958.4, 1169.35
1958.81, 1169.5
1959.21, 1169.65
1959.61, 1169.8
1960.02, 1169.95
1961.3, 1170.58
1961.67, 1170.79
1962.04, 1171.01
1962.42, 1171.22
1962.79, 1171.43
1963.16, 1171.65
1963.54, 1171.87
1963.91, 1172.08
1964.28, 1172.3
1964.66, 1172.51
1965.03, 1172.72
1965.4, 1172.94
1965.78, 1173.15
1966.15, 1173.37
1966.52, 1173.59
1966.9, 1173.8
1967.27, 1174.02
1967.64, 1174.23
1968.02, 1174.44
1968.39, 1174.66
1968.76, 1174.88
1969.14, 1175.09
1969.51, 1175.31
1969.88, 1175.52
1970.26, 1175.73
1970.63, 1175.95
1971, 1176.16
1971.38, 1176.38
1971.75, 1176.6
1972.12, 1176.81
1972.49, 1177.03

waypoints
x, y
1954.37, 1167.85
1954.77, 1168
1955.18, 1168.15
1955.58, 1168.3
1955.98, 1168.45
1956.38, 1168.6
1956.79, 1168.75
1957.19, 1168.9
1957.6, 1169.05
1958, 1169.2
1958.4, 1169.35
1958.81, 1169.5
1959.21, 1169.65
1959.61, 1169.8
1960.02, 1169.95
1961.3, 1170.58
1961.67, 1170.79
1962.04, 1171.01
1962.42, 1171.22
1962.79, 1171.43
1963.16, 1171.65
1963.54, 1171.87
1963.91, 1172.08
1964.28, 1172.3
1964.66, 1172.51
1965.03, 1172.72
1965.4, 1172.94
1965.78, 1173.15
1966.15, 1173.37
1966.52, 1173.59
1966.9, 1173.8
1967.27, 1174.02
1967.64, 1174.23
1968.02, 1174.44
1968.39, 1174.66
1968.76, 1174.88
1969.14, 1175.09
1969.51, 1175.31
1969.88, 1175.52
1970.26, 1175.73
1970.63, 1175.95
1971, 1176.16
1971.38, 1176.38
1971.75, 1176.6
1972.12, 1176.81
1972.49, 1177.03
1972.87, 1177.24
1973.24, 1177.45
1973.61, 1177.67
1973.99, 1177.88
1974.36, 1178.1
1974.73, 1178.31
1975.1, 1178.53
1975.48, 1178.74
1975.85, 1178.96
1976.22, 1179.17
1976.6, 1179.39
1976.97, 1179.6
1977.34, 1179.82
1977.71, 1180.03
1978.09, 1180.25
1978.46, 1180.46
1978.83, 1180.68
1979.21, 1180.89
1979.58, 1181.11
1979.95, 1181.32
1980.33, 1181.54
1980.7, 1181.75
1981.07, 1181.97
1981.45, 1182.18
1981.82, 1182.4
1982.19, 1182.61
1982.57, 1182.83
1982.94, 1183.04
1983.31, 1183.26
1983.69, 1183.47
1984.06, 1183.69
1984.43, 1183.9
1984.81, 1184.12
1985.18, 1184.33
1985.55, 1184.55
1985.93, 1184.76
1987.04, 1185.55
1987.38, 1185.82
1987.71, 1186.09
1988.05, 1186.36
1988.38, 1186.63
1988.72, 1186.9
1989.05, 1187.17
1989.39, 1187.44
1989.72, 1187.71
1990.06, 1187.98
1990.39, 1188.25
1990.73, 1188.52
1991.06, 1188.79

waypoints
x, y
1955.98, 1168.45
1956.38, 1168.6
1956.79, 1168.75
1957.19, 1168.9
1957.6, 1169.05
1958, 1169.2
1958.4, 1169.35
1958.81, 1169.5
1959.21, 1169.65
1959.61, 1169.8
1960.02, 1169.95
1961.3, 1170.58
1961.67, 1170.79
1962.04, 1171.01
1962.42, 1171.22
1962.79, 1171.43
1963.16, 1171.65
1963.54, 1171.87
1963.91, 1172.08
1964.28, 1172.3
1964.66, 1172.51
1965.03, 1172.72
1965.4, 1172.94
1965.78, 1173.15
1966.15, 1173.37
1966.52, 1173.59
1966.9, 1173.8
1967.27, 1174.02
1967.64, 1174.23
1968.02, 1174.44
1968.39, 1174.66
1968.76, 1174.88
1969.14, 1175.09
1969.51, 1175.31
1969.88, 1175.52
1970.26, 1175.73
1970.63, 1175.95
1971, 1176.16
1971.38, 1176.38
1971.75, 1176.6
1972.12, 1176.81
1972.49, 1177.03
1972.87, 1177.24
1973.24, 1177.45
1973.61, 1177.67
1973.98, 1177.88
1974.36, 1178.1
1974.73, 1178.31
1975.1, 1178.53
1975.48, 1178.74
1975.85, 1178.96
1976.22, 1179.17
1976.6, 1179.39
1976.97, 1179.6
1977.34, 1179.82
1977.71, 1180.03
1978.09, 1180.25
1978.46, 1180.46
1978.83, 1180.68
1979.21, 1180.89
1979.58, 1181.11
1979.95, 1181.32
1980.33, 1181.54
1980.7, 1181.75
1981.07, 1181.97
1981.45, 1182.18
1981.82, 1182.4
1982.19, 1182.61
1982.57, 1182.83
1982.94, 1183.04
1983.31, 1183.26
1983.69, 1183.47
1984.06, 1183.69
1984.43, 1183.9
1984.81, 1184.12
1985.18, 1184.33
1985.55, 1184.55
1985.93, 1184.76
1987.04, 1185.55
1987.38, 1185.82
1987.71, 1186.09
1988.05, 1186.36
1988.38, 1186.63
1988.72, 1186.9
1989.05, 1187.17
1989.39, 1187.44
1989.72, 1187.71
1990.06, 1187.98
1990.39, 1188.25
1990.73, 1188.52
1991.06, 1188.8

waypoints
x, y
1957.19, 1168.9
1957.6, 1169.05
1958, 1169.2
1958.4, 1169.35
1958.81, 1169.5
1959.21, 1169.65
1959.61, 1169.8
1960.02, 1169.95
1961.3, 1170.58
1961.67, 1170.79
1962.04, 1171.01
1962.42, 1171.22
1962.79, 1171.43
1963.16, 1171.65
1963.54, 1171.87
1963.91, 1172.08
1964.28, 1172.3
1964.66, 1172.51
1965.03, 1172.72
1965.4, 1172.94
1965.78, 1173.15
1966.15, 1173.37
1966.52, 1173.59
1966.9, 1173.8
1967.27, 1174.02
1967.64, 1174.23
1968.02, 1174.44
1968.39, 1174.66
1968.76, 1174.88
1969.14, 1175.09
1969.51, 1175.31
1969.88, 1175.52
1970.26, 1175.73
1970.63, 1175.95
1971, 1176.16
1971.38, 1176.38
1971.75, 1176.6
1972.12, 1176.81
1972.49, 1177.03
1972.87, 1177.24
1973.24, 1177.45
1973.61, 1177.67
1973.98, 1177.88
1974.36, 1178.1
1974.73, 1178.31
1975.1, 1178.53
1975.48, 1178.74
1975.85, 1178.96
1976.22, 1179.17
1976.6, 1179.39
1976.97, 1179.6
1977.34, 1179.82
1977.71, 1180.03
1978.09, 1180.25
1978.46, 1180.46
1978.83, 1180.68
1979.21, 1180.89
1979.58, 1181.11
1979.95, 1181.32
1980.33, 1181.54
1980.7, 1181.75
1981.07, 1181.97
1981.45, 1182.18
1981.82, 1182.4
1982.19, 1182.61
1982.57, 1182.83
1982.94, 1183.04
1983.31, 1183.26
1983.69, 1183.47
1984.06, 1183.69
1984.43, 1183.9
1984.81, 1184.12
1985.18, 1184.33
1985.55, 1184.55
1985.93, 1184.76
1987.04, 1185.55
1987.38, 1185.82
1987.71, 1186.09
1988.05, 1186.36
1988.38, 1186.63
1988.72, 1186.9
1989.05, 1187.17
1989.39, 1187.44
1989.72, 1187.71
1990.06, 1187.98
1990.39, 1188.25
1990.73, 1188.52
1991.06, 1188.8

waypoints
x, y
1958.81, 1169.5
1959.21, 1169.65
1959.61, 1169.8
1960.02, 1169.95
1961.3, 1170.58
1961.67, 1170.79
1962.04, 1171.01
1962.42, 1171.22
1962.79, 1171.43
1963.16, 1171.65
1963.54, 1171.87
1963.91, 1172.08
1964.28, 1172.3
1964.66, 1172.51
1965.03, 1172.72
1965.4, 1172.94
1965.78, 1173.15
1966.15, 1173.37
1966.52, 1173.59
1966.9, 1173.8
1967.27, 1174.02
1967.64, 1174.23
1968.02, 1174.44
1968.39, 1174.66
1968.76, 1174.88
1969.14, 1175.09
1969.51, 1175.31
1969.88, 1175.52
1970.26, 1175.73
1970.63, 1175.95
1971, 1176.16
1971.38, 1176.38
1971.75, 1176.6
1972.12, 1176.81
1972.49, 1177.03
1972.87, 1177.24
1973.24, 1177.45
1973.61, 1177.67
1973.98, 1177.88
1974.36, 1178.1
1974.73, 1178.31
1975.1, 1178.53
1975.48, 1178.74
1975.85, 1178.96
1976.22, 1179.17
1976.6, 1179.39
1976.97, 1179.6
1977.34, 1179.82
1977.71, 1180.03
1978.09, 1180.25
1978.46, 1180.46
1978.83, 1180.68
1979.21, 1180.89
1979.58, 1181.11
1979.95, 1181.32
1980.33, 1181.54
1980.7, 1181.75
1981.07, 1181.97
1981.45, 1182.18
1981.82, 1182.4
1982.19, 1182.61
1982.57, 1182.83
1982.94, 1183.04
1983.31, 1183.26
1983.69, 1183.47
1984.06, 1183.69
1984.43, 1183.9
1984.81, 1184.12
1985.18, 1184.33
1985.55, 1184.55
1985.93, 1184.76
1987.04, 1185.55
1987.38, 1185.82
1987.71, 1186.09
1988.05, 1186.36
1988.38, 1186.63
1988.72, 1186.9
1989.05, 1187.17
1989.39, 1187.44
1989.72, 1187.71
1990.06, 1187.98
1990.39, 1188.25
1990.73, 1188.52
1991.06, 1188.8

waypoints
x, y
1961.3, 1170.58
1961.67, 1170.79
1962.04, 1171.01
1962.42, 1171.22
1962.79, 1171.43
1963.16, 1171.65
1963.54, 1171.87
1963.91, 1172.08
1964.28, 1172.3
1964.66, 1172.51
1965.03, 1172.72
1965.4, 1172.94
1965.78, 1173.15
1966.15, 1173.37
1966.52, 1173.59
1966.9, 1173.8
1967.27, 1174.02
1967.64, 1174.23
1968.02, 1174.44
1968.39, 1174.66
1968.76, 1174.88
1969.14, 1175.09
1969.51, 1175.31
1969.88, 1175.52
1970.26, 1175.73
1970.63, 1175.95
1971, 1176.16
1971.38, 1176.38
1971.75, 1176.6
1972.12, 1176.81
1972.49, 1177.03
1972.87, 1177.24
1973.24, 1177.45
1973.61, 1177.67
1973.98, 1177.88
1974.36, 1178.1
1974.73, 1178.31
1975.1, 1178.53
1975.48, 1178.74
1975.85, 1178.96
1976.22, 1179.17
1976.6, 1179.39
1976.97, 1179.6
1977.34, 1179.82
1977.71, 1180.03
1978.09, 1180.25
1978.46, 1180.46
1978.83, 1180.68
1979.21, 1180.89
1979.58, 1181.11
1979.95, 1181.32
1980.33, 1181.54
1980.7, 1181.75
1981.07, 1181.97
1981.45, 1182.18
1981.82, 1182.4
1982.19, 1182.61
1982.57, 1182.83
1982.94, 1183.04
1983.31, 1183.26
1983.69, 1183.47
1984.06, 1183.69
1984.43, 1183.9
1984.81, 1184.12
1985.18, 1184.33
1985.55, 1184.55
1985.93, 1184.76
1987.04, 1185.55
1987.38, 1185.82
1987.71, 1186.09
1988.05, 1186.36
1988.38, 1186.63
1988.72, 1186.9
1989.05, 1187.17
1989.39, 1187.44
1989.72, 1187.71
1990.06, 1187.98
1990.39, 1188.25
1990.73, 1188.52
1991.06, 1188.8

waypoints
x, y
1962.79, 1171.43
1963.16, 1171.65
1963.54, 1171.87
1963.91, 1172.08
1964.28, 1172.3
1964.66, 1172.51
1965.03, 1172.72
1965.4, 1172.94
1965.78, 1173.15
1966.15, 1173.37
1966.52, 1173.59
1966.9, 1173.8
1967.27, 1174.02
1967.64, 1174.23
1968.02, 1174.44
1968.39, 1174.66
1968.76, 1174.88
1969.14, 1175.09
1969.51, 1175.31
1969.88, 1175.52
1970.26, 1175.73
1970.63, 1175.95
1971, 1176.16
1971.38, 1176.38
1971.75, 1176.6
1972.12, 1176.81
1972.49, 1177.03
1972.87, 1177.24
1973.24, 1177.45
1973.61, 1177.67
1973.98, 1177.88
1974.36, 1178.1
1974.73, 1178.31
1975.1, 1178.53
1975.48, 1178.74
1975.85, 1178.96
1976.22, 1179.17
1976.6, 1179.39
1976.97, 1179.6
1977.34, 1179.82
1977.71, 1180.03
1978.09, 1180.25
1978.46, 1180.46
1978.83, 1180.68
1979.21, 1180.89
1979.58, 1181.11
1979.95, 1181.32
1980.33, 1181.54
1980.7, 1181.75
1981.07, 1181.97
1981.45, 1182.18
1981.82, 1182.4
1982.19, 1182.61
1982.57, 1182.83
1982.94, 1183.04
1983.31, 1183.26
1983.69, 1183.47
1984.06, 1183.69
1984.43, 1183.9
1984.81, 1184.12
1985.18, 1184.33
1985.55, 1184.55
1985.93, 1184.76
1987.04, 1185.55
1987.38, 1185.82
1987.71, 1186.09
1988.05, 1186.36
1988.38, 1186.63
1988.72, 1186.9
1989.05, 1187.17
1989.39, 1187.44
1989.72, 1187.71
1990.06, 1187.98
1990.39, 1188.25
1990.73, 1188.52
1991.06, 1188.8

waypoints
x, y
1964.28, 1172.3
1964.66, 1172.51
1965.03, 1172.72
1965.4, 1172.94
1965.78, 1173.15
1966.15, 1173.37
1966.52, 1173.59
1966.9, 1173.8
1967.27, 1174.02
1967.64, 1174.23
1968.02, 1174.44
1968.39, 1174.66
1968.76, 1174.88
1969.14, 1175.09
1969.51, 1175.31
1969.88, 1175.52
1970.26, 1175.73
1970.63, 1175.95
1971, 1176.16
1971.38, 1176.38
1971.75, 1176.6
1972.12, 1176.81
1972.49, 1177.03
1972.87, 1177.24
1973.24, 1177.45
1973.61, 1177.67
1973.98, 1177.88
1974.36, 1178.1
1974.73, 1178.31
1975.1, 1178.53
1975.48, 1178.74
1975.85, 1178.96
1976.22, 1179.17
1976.6, 1179.39
1976.97, 1179.6
1977.34, 1179.82
1977.71, 1180.03
1978.09, 1180.25
1978.46, 1180.46
1978.83, 1180.68
1979.21, 1180.89
1979.58, 1181.11
1979.95, 1181.32
1980.33, 1181.54
1980.7, 1181.75
1981.07, 1181.97
1981.45, 1182.18
1981.82, 1182.4
1982.19, 1182.61
1982.57, 1182.83
1982.94, 1183.04
1983.31, 1183.26
1983.69, 1183.47
1984.06, 1183.69
1984.43, 1183.9
1984.81, 1184.12
1985.18, 1184.33
1985.55, 1184.55
1985.93, 1184.76
1987.04, 1185.55
1987.38, 1185.82
1987.71, 1186.09
1988.05, 1186.36
1988.38, 1186.63
1988.72, 1186.9
1989.05, 1187.17
1989.39, 1187.44
1989.72, 1187.71
1990.06, 1187.98
1990.39, 1188.25
1990.73, 1188.52
1991.06, 1188.8

waypoints
x, y
1965.4, 1172.94
1965.78, 1173.15
1966.15, 1173.37
1966.52, 1173.59
1966.9, 1173.8
1967.27, 1174.02
1967.64, 1174.23
1968.02, 1174.44
1968.39, 1174.66
1968.76, 1174.88
1969.14, 1175.09
1969.51, 1175.31
1969.88, 1175.52
1970.26, 1175.73
1970.63, 1175.95
1971, 1176.16
1971.38, 1176.38
1971.75, 1176.6
1972.12, 1176.81
1972.49, 1177.03
1972.87, 1177.24
1973.24, 1177.45
1973.61, 1177.67
1973.98, 1177.88
1974.36, 1178.1
1974.73, 1178.31
1975.1, 1178.53
1975.48, 1178.74
1975.85, 1178.96
1976.22, 1179.17
1976.6, 1179.39
1976.97, 1179.6
1977.34, 1179.82
1977.71, 1180.03
1978.09, 1180.25
1978.46, 1180.46
1978.83, 1180.68
1979.21, 1180.89
1979.58, 1181.11
1979.95, 1181.32
1980.33, 1181.54
1980.7, 1181.75
1981.07, 1181.97
1981.45, 1182.18
1981.82, 1182.4
1982.19, 1182.61
1982.57, 1182.83
1982.94, 1183.04
1983.31, 1183.26
1983.69, 1183.47
1984.06, 1183.69
1984.43, 1183.9
1984.81, 1184.12
1985.18, 1184.33
1985.55, 1184.55
1985.93, 1184.76
1987.04, 1185.55
1987.38, 1185.82
1987.71, 1186.09
1988.05, 1186.36
1988.38, 1186.63
1988.72, 1186.9
1989.05, 1187.17
1989.39, 1187.44
1989.72, 1187.71
1990.06, 1187.98
1990.39, 1188.25
1990.73, 1188.52
1991.06, 1188.8

waypoints
x, y
1966.52, 1173.59
1966.9, 1173.8
1967.27, 1174.02
1967.64, 1174.23
1968.02, 1174.44
1968.39, 1174.66
1968.76, 1174.88
1969.14, 1175.09
1969.51, 1175.31
1969.88, 1175.52
1970.26, 1175.73
1970.63, 1175.95
1971, 1176.16
1971.38, 1176.38
1971.75, 1176.6
1972.12, 1176.81
1972.49, 1177.03
1972.87, 1177.24
1973.24, 1177.45
1973.61, 1177.67
1973.98, 1177.88
1974.36, 1178.1
1974.73, 1178.31
1975.1, 1178.53
1975.48, 1178.74
1975.85, 1178.96
1976.22, 1179.17
1976.6, 1179.39
1976.97, 1179.6
1977.34, 1179.82
1977.71, 1180.03
1978.09, 1180.25
1978.46, 1180.46
1978.83, 1180.68
1979.21, 1180.89
1979.58, 1181.11
1979.95, 1181.32
1980.33, 1181.54
1980.7, 1181.75
1981.07, 1181.97
1981.45, 1182.18
1981.82, 1182.4
1982.19, 1182.61
1982.57, 1182.83
1982.94, 1183.04
1983.31, 1183.26
1983.69, 1183.47
1984.06, 1183.69
1984.43, 1183.9
1984.81, 1184.12
1985.18, 1184.33
1985.55, 1184.55
1985.93, 1184.76
1987.04, 1185.55
1987.38, 1185.82
1987.71, 1186.09
1988.05, 1186.36
1988.38, 1186.63
1988.72, 1186.9
1989.05, 1187.17
1989.39, 1187.44
1989.72, 1187.71
1990.06, 1187.98
1990.39, 1188.25
1990.73, 1188.52
1991.06, 1188.8

waypoints
x, y
1968.02, 1174.44
1968.39, 1174.66
1968.76, 1174.88
1969.14, 1175.09
1969.51, 1175.31
1969.88, 1175.52
1970.26, 1175.73
1970.63, 1175.95
1971, 1176.16
1971.38, 1176.38
1971.75, 1176.6
1972.12, 1176.81
1972.49, 1177.03
1972.87, 1177.24
1973.24, 1177.45
1973.61, 1177.67
1973.98, 1177.88
1974.36, 1178.1
1974.73, 1178.31
1975.1, 1178.53
1975.48, 1178.74
1975.85, 1178.96
1976.22, 1179.17
1976.6, 1179.39
1976.97, 1179.6
1977.34, 1179.82
1977.71, 1180.03
1978.09, 1180.25
1978.46, 1180.46
1978.83, 1180.68
1979.21, 1180.89
1979.58, 1181.11
1979.95, 1181.32
1980.33, 1181.54
1980.7, 1181.75
1981.07, 1181.97
1981.45, 1182.18
1981.82, 1182.4
1982.19, 1182.61
1982.57, 1182.83
1982.94, 1183.04
1983.31, 1183.26
1983.69, 1183.47
1984.06, 1183.69
1984.43, 1183.9
1984.81, 1184.12
1985.18, 1184.33
1985.55, 1184.55
1985.93, 1184.76
1987.04, 1185.55
1987.38, 1185.82
1987.71, 1186.09
1988.05, 1186.36
1988.38, 1186.63
1988.72, 1186.9
1989.05, 1187.17
1989.39, 1187.44
1989.72, 1187.71
1990.06, 1187.98
1990.39, 1188.25
1990.73, 1188.52
1991.06, 1188.8

waypoints
x, y
1969.14, 1175.09
1969.51, 1175.31
1969.88, 1175.52
1970.26, 1175.73
1970.63, 1175.95
1971, 1176.16
1971.38, 1176.38
1971.75, 1176.6
1972.12, 1176.81
1972.49, 1177.03
1972.87, 1177.24
1973.24, 1177.45
1973.61, 1177.67
1973.98, 1177.88
1974.36, 1178.1
1974.73, 1178.31
1975.1, 1178.53
1975.48, 1178.74
1975.85, 1178.96
1976.22, 1179.17
1976.6, 1179.39
1976.97, 1179.6
1977.34, 1179.82
1977.71, 1180.03
1978.09, 1180.25
1978.46, 1180.46
1978.83, 1180.68
1979.21, 1180.89
1979.58, 1181.11
1979.95, 1181.32
1980.33, 1181.54
1980.7, 1181.75
1981.07, 1181.97
1981.45, 1182.18
1981.82, 1182.4
1982.19, 1182.61
1982.57, 1182.83
1982.94, 1183.04
1983.31, 1183.26
1983.69, 1183.47
1984.06, 1183.69
1984.43, 1183.9
1984.81, 1184.12
1985.18, 1184.33
1985.55, 1184.55
1985.93, 1184.76
1987.04, 1185.55
1987.38, 1185.82
1987.71, 1186.09
1988.05, 1186.36
1988.38, 1186.63
1988.72, 1186.9
1989.05, 1187.17
1989.39, 1187.44
1989.72, 1187.71
1990.06, 1187.98
1990.39, 1188.25
1990.73, 1188.52
1991.06, 1188.8

waypoints
x, y
1970.63, 1175.95
1971, 1176.16
1971.38, 1176.38
1971.75, 1176.6
1972.12, 1176.81
1972.49, 1177.03
1972.87, 1177.24
1973.24, 1177.45
1973.61, 1177.67
1973.98, 1177.88
1974.36, 1178.1
1974.73, 1178.31
1975.1, 1178.53
1975.48, 1178.74
1975.85, 1178.96
1976.22, 1179.17
1976.6, 1179.39
1976.97, 1179.6
1977.34, 1179.82
1977.71, 1180.03
1978.09, 1180.25
1978.46, 1180.46
1978.83, 1180.68
1979.21, 1180.89
1979.58, 1181.11
1979.95, 1181.32
1980.33, 1181.54
1980.7, 1181.75
1981.07, 1181.97
1981.45, 1182.18
1981.82, 1182.4
1982.19, 1182.61
1982.57, 1182.83
1982.94, 1183.04
1983.31, 1183.26
1983.69, 1183.47
1984.06, 1183.69
1984.43, 1183.9
1984.81, 1184.12
1985.18, 1184.33
1985.55, 1184.55
1985.93, 1184.76
1987.04, 1185.55
1987.38, 1185.82
1987.71, 1186.09
1988.05, 1186.36
1988.38, 1186.63
1988.72, 1186.9
1989.05, 1187.17
1989.39, 1187.44
1989.72, 1187.71
1990.06, 1187.98
1990.39, 1188.25
1990.73, 1188.52
1991.06, 1188.8

waypoints
x, y
1971.75, 1176.6
1972.12, 1176.81
1972.49, 1177.03
1972.87, 1177.24
1973.24, 1177.45
1973.61, 1177.67
1973.98, 1177.88
1974.36, 1178.1
1974.73, 1178.31
1975.1, 1178.53
1975.48, 1178.74
1975.85, 1178.96
1976.22, 1179.17
1976.6, 1179.39
1976.97, 1179.6
1977.34, 1179.82
1977.71, 1180.03
1978.09, 1180.25
1978.46, 1180.46
1978.83, 1180.68
1979.21, 1180.89
1979.58, 1181.11
1979.95, 1181.32
1980.33, 1181.54
1980.7, 1181.75
1981.07, 1181.97
1981.45, 1182.18
1981.82, 1182.4
1982.19, 1182.61
1982.57, 1182.83
1982.94, 1183.04
1983.31, 1183.26
1983.69, 1183.47
1984.06, 1183.69
1984.43, 1183.9
1984.81, 1184.12
1985.18, 1184.33
1985.55, 1184.55
1985.93, 1184.76
1987.04, 1185.55
1987.38, 1185.82
1987.71, 1186.09
1988.05, 1186.36
1988.38, 1186.63
1988.72, 1186.9
1989.05, 1187.17
1989.39, 1187.44
1989.72, 1187.71
1990.06, 1187.98
1990.39, 1188.25
1990.73, 1188.52
1991.06, 1188.8

waypoints
x, y
1973.24, 1177.45
1973.61, 1177.67
1973.98, 1177.88
1974.36, 1178.1
1974.73, 1178.31
1975.1, 1178.53
1975.48, 1178.74
1975.85, 1178.96
1976.22, 1179.17
1976.6, 1179.39
1976.97, 1179.6
1977.34, 1179.82
1977.71, 1180.03
1978.09, 1180.25
1978.46, 1180.46
1978.83, 1180.68
1979.21, 1180.89
1979.58, 1181.11
1979.95, 1181.32
1980.33, 1181.54
1980.7, 1181.75
1981.07, 1181.97
1981.45, 1182.18
1981.82, 1182.4
1982.19, 1182.61
1982.57, 1182.83
1982.94, 1183.04
1983.31, 1183.26
1983.69, 1183.47
1984.06, 1183.69
1984.43, 1183.9
1984.81, 1184.12
1985.18, 1184.33
1985.55, 1184.55
1985.93, 1184.76
1987.04, 1185.55
1987.38, 1185.82
1987.71, 1186.09
1988.05, 1186.36
1988.38, 1186.63
1988.72, 1186.9
1989.05, 1187.17
1989.39, 1187.44
1989.72, 1187.71
1990.06, 1187.98
1990.39, 1188.25
1990.73, 1188.52
1991.06, 1188.8
1991.49, 1190.33
1991.82, 1190.6
1992.16, 1190.87
1992.49, 1191.14
1992.83, 1191.41
1993.17, 1191.67
1993.51, 1191.94
1993.85, 1192.2
1994.19, 1192.46
1994.53, 1192.72
1994.88, 1192.98
1995.22, 1193.23
1995.57, 1193.49
1995.92, 1193.74
1996.27, 1193.99
1996.62, 1194.24
1996.97, 1194.49
1997.32, 1194.74
1997.68, 1194.99
1998.03, 1195.23
1998.39, 1195.48
1998.75, 1195.72
1999.1, 1195.97
1999.46, 1196.21
1999.82, 1196.45
2000.17, 1196.7
2000.53, 1196.94
2000.89, 1197.19
2001.25, 1197.43
2001.6, 1197.68
2001.96, 1197.92
2002.31, 1198.17
2002.67, 1198.42
2003.02, 1198.67
2003.37, 1198.92
2003.72, 1199.17
2004.07, 1199.42
2004.42, 1199.68
2004.76, 1199.93
2005.11, 1200.19
2005.45, 1200.45
2005.79, 1200.72
2006.14, 1200.98
2006.47, 1201.24
2006.81, 1201.51
2007.15, 1201.78
2007.49, 1202.05
2007.82, 1202.32
2008.89, 1203.35

waypoints
x, y
1974.36, 1178.1
1974.73, 1178.31
1975.1, 1178.53
1975.48, 1178.74
1975.85, 1178.96
1976.22, 1179.17
1976.6, 1179.39
1976.97, 1179.6
1977.34, 1179.82
1977.71, 1180.03
1978.09, 1180.25
1978.46, 1180.46
1978.83, 1180.68
1979.21, 1180.89
1979.58, 1181.11
1979.95, 1181.32
1980.33, 1181.54
1980.7, 1181.75
1981.07, 1181.97
1981.45, 1182.18
1981.82, 1182.4
1982.19, 1182.61
1982.57, 1182.83
1982.94, 1183.04
1983.31, 1183.26
1983.69, 1183.47
1984.06, 1183.69
1984.43, 1183.9
1984.81, 1184.12
1985.18, 1184.33
1985.55, 1184.55
1985.93, 1184.76
1987.04, 1185.55
1987.38, 1185.82
1987.71, 1186.09
1988.05, 1186.36
1988.38, 1186.63
1988.72, 1186.9
1989.05, 1187.17
1989.39, 1187.44
1989.72, 1187.71
1990.06, 1187.98
1990.39, 1188.25
1990.73, 1188.52
1991.06, 1188.8
1991.49, 1190.33
1991.82, 1190.6
1992.16, 1190.87
1992.49, 1191.14
1992.83, 1191.41
1993.17, 1191.67
1993.51, 1191.94
1993.85, 1192.2
1994.19, 1192.46
1994.53, 1192.72
1994.88, 1192.98
1995.22, 1193.23
1995.57, 1193.49
1995.92, 1193.74
1996.27, 1193.99
1996.62, 1194.24
1996.97, 1194.49
1997.32, 1194.74
1997.68, 1194.99
1998.03, 1195.23
1998.39, 1195.48
1998.75, 1195.72
1999.1, 1195.97
1999.46, 1196.21
1999.82, 1196.45
2000.17, 1196.7
2000.53, 1196.94
2000.89, 1197.19
2001.25, 1197.43
2001.6, 1197.68
2001.96, 1197.92
2002.31, 1198.17
2002.66, 1198.42
2003.02, 1198.67
2003.37, 1198.92
2003.72, 1199.17
2004.07, 1199.42
2004.42, 1199.68
2004.76, 1199.93
2005.11, 1200.19
2005.45, 1200.45
2005.79, 1200.71
2006.13, 1200.98
2006.47, 1201.24
2006.81, 1201.51
2007.15, 1201.78
2007.49, 1202.05
2007.82, 1202.32
2008.89, 1203.35

waypoints
x, y
1975.85, 1178.96
1976.22, 1179.17
1976.6, 1179.39
1976.97, 1179.6
1977.34, 1179.82
1977.71, 1180.03
1978.09, 1180.25
1978.46, 1180.46
1978.83, 1180.68
1979.21, 1180.89
1979.58, 1181.11
1979.95, 1181.32
1980.33, 1181.54
1980.7, 1181.75
1981.07, 1181.97
1981.45, 1182.18
1981.82, 1182.4
1982.19, 1182.61
1982.57, 1182.83
1982.94, 1183.04
1983.31, 1183.26
1983.69, 1183.47
1984.06, 1183.69
1984.43, 1183.9
1984.81, 1184.12
1985.18, 1184.33
1985.55, 1184.55
1985.93, 1184.76
1987.04, 1185.55
1987.38, 1185.82
1987.71, 1186.09
1988.05, 1186.36
1988.38, 1186.63
1988.72, 1186.9
1989.05, 1187.17
1989.39, 1187.44
1989.72, 1187.71
1990.06, 1187.98
1990.39, 1188.25
1990.73, 1188.52
1991.06, 1188.8
1991.49, 1190.33
1991.82, 1190.6
1992.16, 1190.87
1992.49, 1191.14
1992.83, 1191.41
1993.17, 1191.67
1993.51, 1191.94
1993.85, 1192.2
1994.19, 1192.46
1994.53, 1192.72
1994.88, 1192.98
1995.22, 1193.23
1995.57, 1193.49
1995.92, 1193.74
1996.27, 1193.99
1996.62, 1194.24
1996.97, 1194.49
1997.32, 1194.74
1997.68, 1194.99
1998.03, 1195.23
1998.39, 1195.48
1998.75, 1195.72
1999.1, 1195.97
1999.46, 1196.21
1999.82, 1196.45
2000.17, 1196.7
2000.53, 1196.94
2000.89, 1197.19
2001.25, 1197.43
2001.6, 1197.68
2001.96, 1197.92
2002.31, 1198.17
2002.66, 1198.42
2003.02, 1198.67
2003.37, 1198.92
2003.72, 1199.17
2004.07, 1199.42
2004.42, 1199.68
2004.76, 1199.93
2005.11, 1200.19
2005.45, 1200.45
2005.79, 1200.71
2006.13, 1200.98
2006.47, 1201.24
2006.81, 1201.51
2007.15, 1201.78
2007.49, 1202.05
2007.82, 1202.32
2008.89, 1203.35

waypoints
x, y
1976.97, 1179.6
1977.34, 1179.82
1977.71, 1180.03
1978.09, 1180.25
1978.46, 1180.46
1978.83, 1180.68
1979.21, 1180.89
1979.58, 1181.11
1979.95, 1181.32
1980.33, 1181.54
1980.7, 1181.75
1981.07, 1181.97
1981.45, 1182.18
1981.82, 1182.4
1982.19, 1182.61
1982.57, 1182.83
1982.94, 1183.04
1983.31, 1183.26
1983.69, 1183.47
1984.06, 1183.69
1984.43, 1183.9
1984.81, 1184.12
1985.18, 1184.33
1985.55, 1184.55
1985.93, 1184.76
1987.04, 1185.55
1987.38, 1185.82
1987.71, 1186.09
1988.05, 1186.36
1988.38, 1186.63
1988.72, 1186.9
1989.05, 1187.17
1989.39, 1187.44
1989.72, 1187.71
1990.06, 1187.98
1990.39, 1188.25
1990.73, 1188.52
1991.06, 1188.8
1991.49, 1190.33
1991.82, 1190.6
1992.16, 1190.87
1992.49, 1191.14
1992.83, 1191.41
1993.17, 1191.67
1993.51, 1191.94
1993.85, 1192.2
1994.19, 1192.46
1994.53, 1192.72
1994.88, 1192.98
1995.22, 1193.23
1995.57, 1193.49
1995.92, 1193.74
1996.27, 1193.99
1996.62, 1194.24
1996.97, 1194.49
1997.32, 1194.74
1997.68, 1194.99
1998.03, 1195.23
1998.39, 1195.48
1998.75, 1195.72
1999.1, 1195.97
1999.46, 1196.21
1999.82, 1196.45
2000.17, 1196.7
2000.53, 1196.94
2000.89, 1197.19
2001.25, 1197.43
2001.6, 1197.68
2001.96, 1197.92
2002.31, 1198.17
2002.66, 1198.42
2003.02, 1198.67
2003.37, 1198.92
2003.72, 1199.17
2004.07, 1199.42
2004.42, 1199.68
2004.76, 1199.93
2005.11, 1200.19
2005.45, 1200.45
2005.79, 1200.71
2006.13, 1200.98
2006.47, 1201.24
2006.81, 1201.51
2007.15, 1201.78
2007.49, 1202.05
2007.82, 1202.32
2008.89, 1203.35

waypoints
x, y
1978.46, 1180.46
1978.83, 1180.68
1979.21, 1180.89
1979.58, 1181.11
1979.95, 1181.32
1980.33, 1181.54
1980.7, 1181.75
1981.07, 1181.97
1981.45, 1182.18
1981.82, 1182.4
1982.19, 1182.61
1982.57, 1182.83
1982.94, 1183.04
1983.31, 1183.26
1983.69, 1183.47
1984.06, 1183.69
1984.43, 1183.9
1984.81, 1184.12
1985.18, 1184.33
1985.55, 1184.55
1985.93, 1184.76
1987.04, 1185.55
1987.38, 1185.82
1987.71, 1186.09
1988.05, 1186.36
1988.38, 1186.63
1988.72, 1186.9
1989.05, 1187.17
1989.39, 1187.44
1989.72, 1187.71
1990.06, 1187.98
1990.39, 1188.25
1990.73, 1188.52
1991.06, 1188.8
1991.49, 1190.33
1991.82, 1190.6
1992.16, 1190.87
1992.49, 1191.14
1992.83, 1191.41
1993.17, 1191.67
1993.51, 1191.94
1993.85, 1192.2
1994.19, 1192.46
1994.53, 1192.72
1994.88, 1192.98
1995.22, 1193.23
1995.57, 1193.49
1995.92, 1193.74
1996.27, 1193.99
1996.62, 1194.24
1996.97, 1194.49
1997.32, 1194.74
1997.68, 1194.99
1998.03, 1195.23
1998.39, 1195.48
1998.75, 1195.72
1999.1, 1195.97
1999.46, 1196.21
1999.82, 1196.45
2000.17, 1196.7
2000.53, 1196.94
2000.89, 1197.19
2001.25, 1197.43
2001.6, 1197.68
2001.96, 1197.92
2002.31, 1198.17
2002.66, 1198.42
2003.02, 1198.67
2003.37, 1198.92
2003.72, 1199.17
2004.07, 1199.42
2004.42, 1199.68
2004.76, 1199.93
2005.11, 1200.19
2005.45, 1200.45
2005.79, 1200.71
2006.13, 1200.98
2006.47, 1201.24
2006.81, 1201.51
2007.15, 1201.78
2007.49, 1202.05
2007.82, 1202.32
2008.89, 1203.35

waypoints
x, y
1979.95, 1181.32
1980.33, 1181.54
1980.7, 1181.75
1981.07, 1181.97
1981.45, 1182.18
1981.82, 1182.4
1982.19, 1182.61
1982.57, 1182.83
1982.94, 1183.04
1983.31, 1183.26
1983.69, 1183.47
1984.06, 1183.69
1984.43, 1183.9
1984.81, 1184.12
1985.18, 1184.33
1985.55, 1184.55
1985.93, 1184.76
1987.04, 1185.55
1987.38, 1185.82
1987.71, 1186.09
1988.05, 1186.36
1988.38, 1186.63
1988.72, 1186.9
1989.05, 1187.17
1989.39, 1187.44
1989.72, 1187.71
1990.06, 1187.98
1990.39, 1188.25
1990.73, 1188.52
1991.06, 1188.8
1991.49, 1190.33
1991.82, 1190.6
1992.16, 1190.87
1992.49, 1191.14
1992.83, 1191.41
1993.17, 1191.67
1993.51, 1191.94
1993.85, 1192.2
1994.19, 1192.46
1994.53, 1192.72
1994.88, 1192.98
1995.22, 1193.23
1995.57, 1193.49
1995.92, 1193.74
1996.27, 1193.99
1996.62, 1194.24
1996.97, 1194.49
1997.32, 1194.74
1997.68, 1194.99
1998.03, 1195.23
1998.39, 1195.48
1998.75, 1195.72
1999.1, 1195.97
1999.46, 1196.21
1999.82, 1196.45
2000.17, 1196.7
2000.53, 1196.94
2000.89, 1197.19
2001.25, 1197.43
2001.6, 1197.68
2001.96, 1197.92
2002.31, 1198.17
2002.66, 1198.42
2003.02, 1198.67
2003.37, 1198.92
2003.72, 1199.17
2004.07, 1199.42
2004.42, 1199.68
2004.76, 1199.93
2005.11, 1200.19
2005.45, 1200.45
2005.79, 1200.71
2006.13, 1200.98
2006.47, 1201.24
2006.81, 1201.51
2007.15, 1201.78
2007.49, 1202.05
2007.82, 1202.32
2008.89, 1203.35

waypoints
x, y
1981.07, 1181.97
1981.45, 1182.18
1981.82, 1182.4
1982.19, 1182.61
1982.57, 1182.83
1982.94, 1183.04
1983.31, 1183.26
1983.69, 1183.47
1984.06, 1183.69
1984.43, 1183.9
1984.81, 1184.12
1985.18, 1184.33
1985.55, 1184.55
1985.93, 1184.76
1987.04, 1185.55
1987.38, 1185.82
1987.71, 1186.09
1988.05, 1186.36
1988.38, 1186.63
1988.72, 1186.9
1989.05, 1187.17
1989.39, 1187.44
1989.72, 1187.71
1990.06, 1187.98
1990.39, 1188.25
1990.73, 1188.52
1991.06, 1188.8
1991.49, 1190.33
1991.82, 1190.6
1992.16, 1190.87
1992.49, 1191.14
1992.83, 1191.41
1993.17, 1191.67
1993.51, 1191.94
1993.85, 1192.2
1994.19, 1192.46
1994.53, 1192.72
1994.88, 1192.98
1995.22, 1193.23
1995.57, 1193.49
1995.92, 1193.74
1996.27, 1193.99
1996.62, 1194.24
1996.97, 1194.49
1997.32, 1194.74
1997.68, 1194.99
1998.03, 1195.23
1998.39, 1195.48
1998.75, 1195.72
1999.1, 1195.97
1999.46, 1196.21
1999.82, 1196.45
2000.17, 1196.7
2000.53, 1196.94
2000.89, 1197.19
2001.25, 1197.43
2001.6, 1197.68
2001.96, 1197.92
2002.31, 1198.17
2002.66, 1198.42
2003.02, 1198.67
2003.37, 1198.92
2003.72, 1199.17
2004.07, 1199.42
2004.42, 1199.68
2004.76, 1199.93
2005.11, 1200.19
2005.45, 1200.45
2005.79, 1200.71
2006.13, 1200.98
2006.47, 1201.24
2006.81, 1201.51
2007.15, 1201.78
2007.49, 1202.05
2007.82, 1202.32
2008.89, 1203.35

waypoints
x, y
1982.19, 1182.61
1982.57, 1182.83
1982.94, 1183.04
1983.31, 1183.26
1983.69, 1183.47
1984.06, 1183.69
1984.43, 1183.9
1984.81, 1184.12
1985.18, 1184.33
1985.55, 1184.55
1985.93, 1184.76
1987.04, 1185.55
1987.38, 1185.82
1987.71, 1186.09
1988.05, 1186.36
1988.38, 1186.63
1988.72, 1186.9
1989.05, 1187.17
1989.39, 1187.44
1989.72, 1187.71
1990.06, 1187.98
1990.39, 1188.25
1990.73, 1188.52
1991.06, 1188.8
1991.49, 1190.33
1991.82, 1190.6
1992.16, 1190.87
1992.49, 1191.14
1992.83, 1191.41
1993.17, 1191.67
1993.51, 1191.94
1993.85, 1192.2
1994.19, 1192.46
1994.53, 1192.72
1994.88, 1192.98
1995.22, 1193.23
1995.57, 1193.49
1995.92, 1193.74
1996.27, 1193.99
1996.62, 1194.24
1996.97, 1194.49
1997.32, 1194.74
1997.68, 1194.99
1998.03, 1195.23
1998.39, 1195.48
1998.75, 1195.72
1999.1, 1195.97
1999.46, 1196.21
1999.82, 1196.45
2000.17, 1196.7
2000.53, 1196.94
2000.89, 1197.19
2001.25, 1197.43
2001.6, 1197.68
2001.96, 1197.92
2002.31, 1198.17
2002.66, 1198.42
2003.02, 1198.67
2003.37, 1198.92
2003.72, 1199.17
2004.07, 1199.42
2004.42, 1199.68
2004.76, 1199.93
2005.11, 1200.19
2005.45, 1200.45
2005.79, 1200.71
2006.13, 1200.98
2006.47, 1201.24
2006.81, 1201.51
2007.15, 1201.78
2007.49, 1202.05
2007.82, 1202.32
2008.89, 1203.35

waypoints
x, y
1983.69, 1183.47
1984.06, 1183.69
1984.43, 1183.9
1984.81, 1184.12
1985.18, 1184.33
1985.55, 1184.55
1985.93, 1184.76
1987.04, 1185.55
1987.38, 1185.82
1987.71, 1186.09
1988.05, 1186.36
1988.38, 1186.63
1988.72, 1186.9
1989.05, 1187.17
1989.39, 1187.44
1989.72, 1187.71
1990.06, 1187.98
1990.39, 1188.25
1990.73, 1188.52
1991.06, 1188.8
1991.49, 1190.33
1991.82, 1190.6
1992.16, 1190.87
1992.49, 1191.14
1992.83, 1191.41
1993.17, 1191.67
1993.51, 1191.94
1993.85, 1192.2
1994.19, 1192.46
1994.53, 1192.72
1994.88, 1192.98
1995.22, 1193.23
1995.57, 1193.49
1995.92, 1193.74
1996.27, 1193.99
1996.62, 1194.24
1996.97, 1194.49
1997.32, 1194.74
1997.68, 1194.99
1998.03, 1195.23
1998.39, 1195.48
1998.75, 1195.72
1999.1, 1195.97
1999.46, 1196.21
1999.82, 1196.45
2000.17, 1196.7
2000.53, 1196.94
2000.89, 1197.19
2001.25, 1197.43
2001.6, 1197.68
2001.96, 1197.92
2002.31, 1198.17
2002.66, 1198.42
2003.02, 1198.67
2003.37, 1198.92
2003.72, 1199.17
2004.07, 1199.42
2004.42, 1199.68
2004.76, 1199.93
2005.11, 1200.19
2005.45, 1200.45
2005.79, 1200.71
2006.13, 1200.98
2006.47, 1201.24
2006.81, 1201.51
2007.15, 1201.78
2007.49, 1202.05
2007.82, 1202.32
2008.89, 1203.35

waypoints
x, y
1984.81, 1184.12
1985.18, 1184.33
1985.55, 1184.55
1985.93, 1184.76
1987.04, 1185.55
1987.38, 1185.82
1987.71, 1186.09
1988.05, 1186.36
1988.38, 1186.63
1988.72, 1186.9
1989.05, 1187.17
1989.39, 1187.44
1989.72, 1187.71
1990.06, 1187.98
1990.39, 1188.25
1990.73, 1188.52
1991.06, 1188.8
1991.49, 1190.33
1991.82, 1190.6
1992.16, 1190.87
1992.49, 1191.14
1992.83, 1191.41
1993.17, 1191.67
1993.51, 1191.94
1993.85, 1192.2
1994.19, 1192.46
1994.53, 1192.72
1994.88, 1192.98
1995.22, 1193.23
1995.57, 1193.49
1995.92, 1193.74
1996.27, 1193.99
1996.62, 1194.24
1996.97, 1194.49
1997.32, 1194.74
1997.68, 1194.99
1998.03, 1195.23
1998.39, 1195.48
1998.75, 1195.72
1999.1, 1195.97
1999.46, 1196.21
1999.82, 1196.45
2000.17, 1196.7
2000.53, 1196.94
2000.89, 1197.19
2001.25, 1197.43
2001.6, 1197.68
2001.96, 1197.92
2002.31, 1198.17
2002.66, 1198.42
2003.02, 1198.67
2003.37, 1198.92
2003.72, 1199.17
2004.07, 1199.42
2004.42, 1199.68
2004.76, 1199.93
2005.11, 1200.19
2005.45, 1200.45
2005.79, 1200.71
2006.13, 1200.98
2006.47, 1201.24
2006.81, 1201.51
2007.15, 1201.78
2007.49, 1202.05
2007.82, 1202.32
2008.89, 1203.35

waypoints
x, y
1987.04, 1185.55
1987.38, 1185.82
1987.71, 1186.09
1988.05, 1186.36
1988.38, 1186.63
1988.72, 1186.9
1989.05, 1187.17
1989.39, 1187.44
1989.72, 1187.71
1990.06, 1187.98
1990.39, 1188.25
1990.73, 1188.52
1991.06, 1188.8
1991.49, 1190.33
1991.82, 1190.6
1992.16, 1190.87
1992.49, 1191.14
1992.83, 1191.41
1993.17, 1191.67
1993.51, 1191.94
1993.85, 1192.2
1994.19, 1192.46
1994.53, 1192.72
1994.88, 1192.98
1995.22, 1193.23
1995.57, 1193.49
1995.92, 1193.74
1996.27, 1193.99
1996.62, 1194.24
1996.97, 1194.49
1997.32, 1194.74
1997.68, 1194.99
1998.03, 1195.23
1998.39, 1195.48
1998.75, 1195.72
1999.1, 1195.97
1999.46, 1196.21
1999.82, 1196.45
2000.17, 1196.7
2000.53, 1196.94
2000.89, 1197.19
2001.25, 1197.43
2001.6, 1197.68
2001.96, 1197.92
2002.31, 1198.17
2002.66, 1198.42
2003.02, 1198.67
2003.37, 1198.92
2003.72, 1199.17
2004.07, 1199.42
2004.42, 1199.68
2004.76, 1199.93
2005.11, 1200.19
2005.45, 1200.45
2005.79, 1200.71
2006.13, 1200.98
2006.47, 1201.24
2006.81, 1201.51
2007.15, 1201.78
2007.49, 1202.05
2007.82, 1202.32
2008.89, 1203.35

waypoints
x, y
1988.05, 1186.36
1988.38, 1186.63
1988.72, 1186.9
1989.05, 1187.17
1989.39, 1187.44
1989.72, 1187.71
1990.06, 1187.98
1990.39, 1188.25
1990.73, 1188.52
1991.06, 1188.8
1991.49, 1190.33
1991.82, 1190.6
1992.16, 1190.87
1992.49, 1191.14
1992.83, 1191.41
1993.17, 1191.67
1993.51, 1191.94
1993.85, 1192.2
1994.19, 1192.46
1994.53, 1192.72
1994.88, 1192.98
1995.22, 1193.23
1995.57, 1193.49
1995.92, 1193.74
1996.27, 1193.99
1996.62, 1194.24
1996.97, 1194.49
1997.32, 1194.74
1997.68, 1194.99
1998.03, 1195.23
1998.39, 1195.48
1998.75, 1195.72
1999.1, 1195.97
1999.46, 1196.21
1999.82, 1196.45
2000.17, 1196.7
2000.53, 1196.94
2000.89, 1197.19
2001.25, 1197.43
2001.6, 1197.68
2001.96, 1197.92
2002.31, 1198.17
2002.66, 1198.42
2003.02, 1198.67
2003.37, 1198.92
2003.72, 1199.17
2004.07, 1199.42
2004.42, 1199.68
2004.76, 1199.93
2005.11, 1200.19
2005.45, 1200.45
2005.79, 1200.71
2006.13, 1200.98
2006.47, 1201.24
2006.81, 1201.51
2007.15, 1201.78
2007.49, 1202.05
2007.82, 1202.32
2008.89, 1203.35

waypoints
x, y
1989.39, 1187.44
1989.72, 1187.71
1990.06, 1187.98
1990.39, 1188.25
1990.73, 1188.52
1991.06, 1188.8
1991.49, 1190.33
1991.82, 1190.6
1992.16, 1190.87
1992.49, 1191.14
1992.83, 1191.41
1993.17, 1191.67
1993.51, 1191.94
1993.85, 1192.2
1994.19, 1192.46
1994.53, 1192.72
1994.88, 1192.98
1995.22, 1193.23
1995.57, 1193.49
1995.92, 1193.74
1996.27, 1193.99
1996.62, 1194.24
1996.97, 1194.49
1997.32, 1194.74
1997.68, 1194.99
1998.03, 1195.23
1998.39, 1195.48
1998.75, 1195.72
1999.1, 1195.97
1999.46, 1196.21
1999.82, 1196.45
2000.17, 1196.7
2000.53, 1196.94
2000.89, 1197.19
2001.25, 1197.43
2001.6, 1197.68
2001.96, 1197.92
2002.31, 1198.17
2002.66, 1198.42
2003.02, 1198.67
2003.37, 1198.92
2003.72, 1199.17
2004.07, 1199.42
2004.42, 1199.68
2004.76, 1199.93
2005.11, 1200.19
2005.45, 1200.45
2005.79, 1200.71
2006.13, 1200.98
2006.47, 1201.24
2006.81, 1201.51
2007.15, 1201.78
2007.49, 1202.05
2007.82, 1202.32
2008.89, 1203.35

waypoints
x, y
1990.39, 1188.25
1990.73, 1188.52
1991.06, 1188.8
1991.49, 1190.33
1991.82, 1190.6
1992.16, 1190.87
1992.49, 1191.14
1992.83, 1191.41
1993.17, 1191.67
1993.51, 1191.94
1993.85, 1192.2
1994.19, 1192.46
1994.53, 1192.72
1994.88, 1192.98
1995.22, 1193.23
1995.57, 1193.49
1995.92, 1193.74
1996.27, 1193.99
1996.62, 1194.24
1996.97, 1194.49
1997.32, 1194.74
1997.68, 1194.99
1998.03, 1195.23
1998.39, 1195.48
1998.75, 1195.72
1999.1, 1195.97
1999.46, 1196.21
1999.82, 1196.45
2000.17, 1196.7
2000.53, 1196.94
2000.89, 1197.19
2001.25, 1197.43
2001.6, 1197.68
2001.96, 1197.92
2002.31, 1198.17
2002.66, 1198.42
2003.02, 1198.67
2003.37, 1198.92
2003.72, 1199.17
2004.07, 1199.42
2004.42, 1199.68
2004.76, 1199.93
2005.11, 1200.19
2005.45, 1200.45
2005.79, 1200.71
2006.13, 1200.98
2006.47, 1201.24
2006.81, 1201.51
2007.15, 1201.78
2007.49, 1202.05
2007.82, 1202.32
2008.89, 1203.35

waypoints
x, y
1991.82, 1190.6
1992.16, 1190.87
1992.49, 1191.14
1992.83, 1191.41
1993.17, 1191.67
1993.51, 1191.94
1993.85, 1192.2
1994.19, 1192.46
1994.53, 1192.72
1994.88, 1192.98
1995.22, 1193.23
1995.57, 1193.49
1995.92, 1193.74
1996.27, 1193.99
1996.62, 1194.24
1996.97, 1194.49
1997.32, 1194.74
1997.68, 1194.99
1998.03, 1195.23
1998.39, 1195.48
1998.75, 1195.72
1999.1, 1195.97
1999.46, 1196.21
1999.82, 1196.45
2000.17, 1196.7
2000.53, 1196.94
2000.89, 1197.19
2001.25, 1197.43
2001.6, 1197.68
2001.96, 1197.92
2002.31, 1198.17
2002.66, 1198.42
2003.02, 1198.67
2003.37, 1198.92
2003.72, 1199.17
2004.07, 1199.42
2004.42, 1199.68
2004.76, 1199.93
2005.11, 1200.19
2005.45, 1200.45
2005.79, 1200.71
2006.13, 1200.98
2006.47, 1201.24
2006.81, 1201.51
2007.15, 1201.78
2007.49, 1202.05
2007.82, 1202.32
2008.89, 1203.35
2010.52, 1205.42
2011.55, 1206.61
2012.57, 1207.78
2013.56, 1208.92
2014.51, 1210.01
2015.43, 1211.06
2016.29, 1212.05
2017.11, 1212.99
2017.87, 1213.86
2018.58, 1214.66
2019.22, 1215.4
2019.81, 1216.07
2020.34, 1216.68
2020.8, 1217.21
2021.21, 1217.67
2021.56, 1218.07
2021.86, 1218.4
2022.1, 1218.67
2022.29, 1218.88
2022.43, 1219.04
2022.53, 1219.15
2022.59, 1219.21
2022.62, 1219.23
2022.61, 1219.21
2022.57, 1219.16
2022.51, 1219.09
2022.44, 1218.99
2022.34, 1218.88
2022.24, 1218.76
2022.14, 1218.63
2022.03, 1218.5
2021.93, 1218.38
2021.84, 1218.27
2021.76, 1218.17
2021.7, 1218.09
2021.65, 1218.03
2021.63, 1218
2021.63, 1217.99
2021.66, 1218.02
2021.71, 1218.08
2021.8, 1218.18
2021.91, 1218.31
2022.05, 1218.47
2022.23, 1218.66
2022.42, 1218.89
2022.65, 1219.15
2022.89, 1219.43
2023.16, 1219.73
2023.43, 1220.04

waypoints
x, y
1992.83, 1191.41
1993.17, 1191.67
1993.51, 1191.94
1993.85, 1192.2
1994.19, 1192.46
1994.53, 1192.72
1994.88, 1192.98
1995.22, 1193.23
1995.57, 1193.49
1995.92, 1193.74
1996.27, 1193.99
1996.62, 1194.24
1996.97, 1194.49
1997.32, 1194.74
1997.68, 1194.99
1998.03, 1195.23
1998.39, 1195.48
1998.75, 1195.72
1999.1, 1195.97
1999.46, 1196.21
1999.82, 1196.45
2000.17, 1196.7
2000.53, 1196.94
2000.89, 1197.19
2001.25, 1197.43
2001.6, 1197.68
2001.96, 1197.92
2002.31, 1198.17
2002.66, 1198.42
2003.02, 1198.67
2003.37, 1198.92
2003.72, 1199.17
2004.07, 1199.42
2004.42, 1199.68
2004.76, 1199.93
2005.11, 1200.19
2005.45, 1200.45
2005.79, 1200.71
2006.13, 1200.98
2006.47, 1201.24
2006.81, 1201.51
2007.15, 1201.78
2007.49, 1202.05
2007.82, 1202.32
2008.89, 1203.35
2010.52, 1205.42
2011.55, 1206.61
2012.57, 1207.78
2013.56, 1208.91
2014.51, 1210.01
2015.43, 1211.06
2016.29, 1212.05
2017.11, 1212.98
2017.87, 1213.86
2018.58, 1214.66
2019.22, 1215.4
2019.81, 1216.07
2020.34, 1216.67
2020.8, 1217.21
2021.21, 1217.67
2021.56, 1218.07
2021.86, 1218.4
2022.1, 1218.67
2022.29, 1218.88
2022.43, 1219.04
2022.53, 1219.15
2022.59, 1219.21
2022.62, 1219.23
2022.61, 1219.21
2022.57, 1219.16
2022.51, 1219.09
2022.43, 1218.99
2022.34, 1218.88
2022.24, 1218.76
2022.14, 1218.63
2022.03, 1218.5
2021.93, 1218.38
2021.84, 1218.27
2021.76, 1218.17
2021.7, 1218.09
2021.65, 1218.03
2021.63, 1218
2021.63, 1217.99
2021.65, 1218.02
2021.71, 1218.08
2021.8, 1218.18
2021.91, 1218.31
2022.05, 1218.47
2022.22, 1218.66
2022.42, 1218.89
2022.65, 1219.15
2022.89, 1219.43
2023.15, 1219.73
2023.43, 1220.05

waypoints
x, y
1994.19, 1192.46
1994.53, 1192.72
1994.88, 1192.98
1995.22, 1193.23
1995.57, 1193.49
1995.92, 1193.74
1996.27, 1193.99
1996.62, 1194.24
1996.97, 1194.49
1997.32, 1194.74
1997.68, 1194.99
1998.03, 1195.23
1998.39, 1195.48
1998.75, 1195.72
1999.1, 1195.97
1999.46, 1196.21
1999.82, 1196.45
2000.17, 1196.7
2000.53, 1196.94
2000.89, 1197.19
2001.25, 1197.43
2001.6, 1197.68
2001.96, 1197.92
2002.31, 1198.17
2002.66, 1198.42
2003.02, 1198.67
2003.37, 1198.92
2003.72, 1199.17
2004.07, 1199.42
2004.42, 1199.68
2004.76, 1199.93
2005.11, 1200.19
2005.45, 1200.45
2005.79, 1200.71
2006.13, 1200.98
2006.47, 1201.24
2006.81, 1201.51
2007.15, 1201.78
2007.49, 1202.05
2007.82, 1202.32
2008.89, 1203.35
2010.52, 1205.42
2011.55, 1206.61
2012.57, 1207.78
2013.56, 1208.91
2014.51, 1210.01
2015.43, 1211.06
2016.29, 1212.05
2017.11, 1212.98
2017.87, 1213.86
2018.58, 1214.66
2019.22, 1215.4
2019.81, 1216.07
2020.34, 1216.67
2020.8, 1217.21
2021.21, 1217.67
2021.56, 1218.07
2021.86, 1218.4
2022.1, 1218.67
2022.29, 1218.88
2022.43, 1219.04
2022.53, 1219.15
2022.59, 1219.21
2022.62, 1219.23
2022.61, 1219.21
2022.57, 1219.16
2022.51, 1219.09
2022.43, 1218.99
2022.34, 1218.88
2022.24, 1218.76
2022.14, 1218.63
2022.03, 1218.5
2021.93, 1218.38
2021.84, 1218.27
2021.76, 1218.17
2021.7, 1218.09
2021.65, 1218.03
2021.63, 1218
2021.63, 1217.99
2021.65, 1218.02
2021.71, 1218.08
2021.8, 1218.18
2021.91, 1218.31
2022.05, 1218.47
2022.22, 1218.66
2022.42, 1218.89
2022.65, 1219.15
2022.89, 1219.43
2023.15, 1219.73
2023.43, 1220.05

waypoints
x, y
1995.22, 1193.23
1995.57, 1193.49
1995.92, 1193.74
1996.27, 1193.99
1996.62, 1194.24
1996.97, 1194.49
1997.32, 1194.74
1997.68, 1194.99
1998.03, 1195.23
1998.39, 1195.48
1998.75, 1195.72
1999.1, 1195.97
1999.46, 1196.21
1999.82, 1196.45
2000.17, 1196.7
2000.53, 1196.94
2000.89, 1197.19
2001.25, 1197.43
2001.6, 1197.68
2001.96, 1197.92
2002.31, 1198.17
2002.66, 1198.42
2003.02, 1198.67
2003.37, 1198.92
2003.72, 1199.17
2004.07, 1199.42
2004.42, 1199.68
2004.76, 1199.93
2005.11, 1200.19
2005.45, 1200.45
2005.79, 1200.71
2006.13, 1200.98
2006.47, 1201.24
2006.81, 1201.51
2007.15, 1201.78
2007.49, 1202.05
2007.82, 1202.32
2008.89, 1203.35
2010.52, 1205.42
2011.55, 1206.61
2012.57, 1207.78
2013.56, 1208.91
2014.51, 1210.01
2015.43, 1211.06
2016.29, 1212.05
2017.11, 1212.98
2017.87, 1213.86
2018.58, 1214.66
2019.22, 1215.4
2019.81, 1216.07
2020.34, 1216.67
2020.8, 1217.21
2021.21, 1217.67
2021.56, 1218.07
2021.86, 1218.4
2022.1, 1218.67
2022.29, 1218.88
2022.43, 1219.04
2022.53, 1219.15
2022.59, 1219.21
2022.62, 1219.23
2022.61, 1219.21
2022.57, 1219.16
2022.51, 1219.09
2022.43, 1218.99
2022.34, 1218.88
2022.24, 1218.76
2022.14, 1218.63
2022.03, 1218.5
2021.93, 1218.38
2021.84, 1218.27
2021.76, 1218.17
2021.7, 1218.09
2021.65, 1218.03
2021.63, 1218
2021.63, 1217.99
2021.65, 1218.02
2021.71, 1218.08
2021.8, 1218.18
2021.91, 1218.31
2022.05, 1218.47
2022.22, 1218.66
2022.42, 1218.89
2022.65, 1219.15
2022.89, 1219.43
2023.15, 1219.73
2023.43, 1220.05

waypoints
x, y
1996.62, 1194.24
1996.97, 1194.49
1997.32, 1194.74
1997.68, 1194.99
1998.03, 1195.23
1998.39, 1195.48
1998.75, 1195.72
1999.1, 1195.97
1999.46, 1196.21
1999.82, 1196.45
2000.17, 1196.7
2000.53, 1196.94
2000.89, 1197.19
2001.25, 1197.43
2001.6, 1197.68
2001.96, 1197.92
2002.31, 1198.17
2002.66, 1198.42
2003.02, 1198.67
2003.37, 1198.92
2003.72, 1199.17
2004.07, 1199.42
2004.42, 1199.68
2004.76, 1199.93
2005.11, 1200.19
2005.45, 1200.45
2005.79, 1200.71
2006.13, 1200.98
2006.47, 1201.24
2006.81, 1201.51
2007.15, 1201.78
2007.49, 1202.05
2007.82, 1202.32
2008.89, 1203.35
2010.52, 1205.42
2011.55, 1206.61
2012.57, 1207.78
2013.56, 1208.91
2014.51, 1210.01
2015.43, 1211.06
2016.29, 1212.05
2017.11, 1212.98
2017.87, 1213.86
2018.58, 1214.66
2019.22, 1215.4
2019.81, 1216.07
2020.34, 1216.67
2020.8, 1217.21
2021.21, 1217.67
2021.56, 1218.07
2021.86, 1218.4
2022.1, 1218.67
2022.29, 1218.88
2022.43, 1219.04
2022.53, 1219.15
2022.59, 1219.21
2022.62, 1219.23
2022.61, 1219.21
2022.57, 1219.16
2022.51, 1219.09
2022.43, 1218.99
2022.34, 1218.88
2022.24, 1218.76
2022.14, 1218.63
2022.03, 1218.5
2021.93, 1218.38
2021.84, 1218.27
2021.76, 1218.17
2021.7, 1218.09
2021.65, 1218.03
2021.63, 1218
2021.63, 1217.99
2021.65, 1218.02
2021.71, 1218.08
2021.8, 1218.18
2021.91, 1218.31
2022.05, 1218.47
2022.22, 1218.66
2022.42, 1218.89
2022.65, 1219.15
2022.89, 1219.43
2023.15, 1219.73
2023.43, 1220.05

waypoints
x, y
1998.03, 1195.23
1998.39, 1195.48
1998.75, 1195.72
1999.1, 1195.97
1999.46, 1196.21
1999.82, 1196.45
2000.17, 1196.7
2000.53, 1196.94
2000.89, 1197.19
2001.25, 1197.43
2001.6, 1197.68
2001.96, 1197.92
2002.31, 1198.17
2002.66, 1198.42
2003.02, 1198.67
2003.37, 1198.92
2003.72, 1199.17
2004.07, 1199.42
2004.42, 1199.68
2004.76, 1199.93
2005.11, 1200.19
2005.45, 1200.45
2005.79, 1200.71
2006.13, 1200.98
2006.47, 1201.24
2006.81, 1201.51
2007.15, 1201.78
2007.49, 1202.05
2007.82, 1202.32
2008.89, 1203.35
2010.52, 1205.42
2011.55, 1206.61
2012.57, 1207.78
2013.56, 1208.91
2014.51, 1210.01
2015.43, 1211.06
2016.29, 1212.05
2017.11, 1212.98
2017.87, 1213.86
2018.58, 1214.66
2019.22, 1215.4
2019.81, 1216.07
2020.34, 1216.67
2020.8, 1217.21
2021.21, 1217.67
2021.56, 1218.07
2021.86, 1218.4
2022.1, 1218.67
2022.29, 1218.88
2022.43, 1219.04
2022.53, 1219.15
2022.59, 1219.21
2022.62, 1219.23
2022.61, 1219.21
2022.57, 1219.16
2022.51, 1219.09
2022.43, 1218.99
2022.34, 1218.88
2022.24, 1218.76
2022.14, 1218.63
2022.03, 1218.5
2021.93, 1218.38
2021.84, 1218.27
2021.76, 1218.17
2021.7, 1218.09
2021.65, 1218.03
2021.63, 1218
2021.63, 1217.99
2021.65, 1218.02
2021.71, 1218.08
2021.8, 1218.18
2021.91, 1218.31
2022.05, 1218.47
2022.22, 1218.66
2022.42, 1218.89
2022.65, 1219.15
2022.89, 1219.43
2023.15, 1219.73
2023.43, 1220.05

waypoints
x, y
1999.1, 1195.97
1999.46, 1196.21
1999.82, 1196.45
2000.17, 1196.7
2000.53, 1196.94
2000.89, 1197.19
2001.25, 1197.43
2001.6, 1197.68
2001.96, 1197.92
2002.31, 1198.17
2002.66, 1198.42
2003.02, 1198.67
2003.37, 1198.92
2003.72, 1199.17
2004.07, 1199.42
2004.42, 1199.68
2004.76, 1199.93
2005.11, 1200.19
2005.45, 1200.45
2005.79, 1200.71
2006.13, 1200.98
2006.47, 1201.24
2006.81, 1201.51
2007.15, 1201.78
2007.49, 1202.05
2007.82, 1202.32
2008.89, 1203.35
2010.52, 1205.42
2011.55, 1206.61
2012.57, 1207.78
2013.56, 1208.91
2014.51, 1210.01
2015.43, 1211.06
2016.29, 1212.05
2017.11, 1212.98
2017.87, 1213.86
2018.58, 1214.66
2019.22, 1215.4
2019.81, 1216.07
2020.34, 1216.67
2020.8, 1217.21
2021.21, 1217.67
2021.56, 1218.07
2021.86, 1218.4
2022.1, 1218.67
2022.29, 1218.88
2022.43, 1219.04
2022.53, 1219.15
2022.59, 1219.21
2022.62, 1219.23
2022.61, 1219.21
2022.57, 1219.16
2022.51, 1219.09
2022.43, 1218.99
2022.34, 1218.88
2022.24, 1218.76
2022.14, 1218.63
2022.03, 1218.5
2021.93, 1218.38
2021.84, 1218.27
2021.76, 1218.17
2021.7, 1218.09
2021.65, 1218.03
2021.63, 1218
2021.63, 1217.99
2021.65, 1218.02
2021.71, 1218.08
2021.8, 1218.18
2021.91, 1218.31
2022.05, 1218.47
2022.22, 1218.66
2022.42, 1218.89
2022.65, 1219.15
2022.89, 1219.43
2023.15, 1219.73
2023.43, 1220.05

waypoints
x, y
2000.53, 1196.94
2000.89, 1197.19
2001.25, 1197.43
2001.6, 1197.68
2001.96, 1197.92
2002.31, 1198.17
2002.66, 1198.42
2003.02, 1198.67
2003.37, 1198.92
2003.72, 1199.17
2004.07, 1199.42
2004.42, 1199.68
2004.76, 1199.93
2005.11, 1200.19
2005.45, 1200.45
2005.79, 1200.71
2006.13, 1200.98
2006.47, 1201.24
2006.81, 1201.51
2007.15, 1201.78
2007.49, 1202.05
2007.82, 1202.32
2008.89, 1203.35
2010.52, 1205.42
2011.55, 1206.61
2012.57, 1207.78
2013.56, 1208.91
2014.51, 1210.01
2015.43, 1211.06
2016.29, 1212.05
2017.11, 1212.98
2017.87, 1213.86
2018.58, 1214.66
2019.22, 1215.4
2019.81, 1216.07
2020.34, 1216.67
2020.8, 1217.21
2021.21, 1217.67
2021.56, 1218.07
2021.86, 1218.4
2022.1, 1218.67
2022.29, 1218.88
2022.43, 1219.04
2022.53, 1219.15
2022.59, 1219.21
2022.62, 1219.23
2022.61, 1219.21
2022.57, 1219.16
2022.51, 1219.09
2022.43, 1218.99
2022.34, 1218.88
2022.24, 1218.76
2022.14, 1218.63
2022.03, 1218.5
2021.93, 1218.38
2021.84, 1218.27
2021.76, 1218.17
2021.7, 1218.09
2021.65, 1218.03
2021.63, 1218
2021.63, 1217.99
2021.65, 1218.02
2021.71, 1218.08
2021.8, 1218.18
2021.91, 1218.31
2022.05, 1218.47
2022.22, 1218.66
2022.42, 1218.89
2022.65, 1219.15
2022.89, 1219.43
2023.15, 1219.73
2023.43, 1220.05

waypoints
x, y
2001.96, 1197.92
2002.31, 1198.17
2002.66, 1198.42
2003.02, 1198.67
2003.37, 1198.92
2003.72, 1199.17
2004.07, 1199.42
2004.42, 1199.68
2004.76, 1199.93
2005.11, 1200.19
2005.45, 1200.45
2005.79, 1200.71
2006.13, 1200.98
2006.47, 1201.24
2006.81, 1201.51
2007.15, 1201.78
2007.49, 1202.05
2007.82, 1202.32
2008.89, 1203.35
2010.52, 1205.42
2011.55, 1206.61
2012.57, 1207.78
2013.56, 1208.91
2014.51, 1210.01
2015.43, 1211.06
2016.29, 1212.05
2017.11, 1212.98
2017.87, 1213.86
2018.58, 1214.66
2019.22, 1215.4
2019.81, 1216.07
2020.34, 1216.67
2020.8, 1217.21
2021.21, 1217.67
2021.56, 1218.07
2021.86, 1218.4
2022.1, 1218.67
2022.29, 1218.88
2022.43, 1219.04
2022.53, 1219.15
2022.59, 1219.21
2022.62, 1219.23
2022.61, 1219.21
2022.57, 1219.16
2022.51, 1219.09
2022.43, 1218.99
2022.34, 1218.88
2022.24, 1218.76
2022.14, 1218.63
2022.03, 1218.5
2021.93, 1218.38
2021.84, 1218.27
2021.76, 1218.17
2021.7, 1218.09
2021.65, 1218.03
2021.63, 1218
2021.63, 1217.99
2021.65, 1218.02
2021.71, 1218.08
2021.8, 1218.18
2021.91, 1218.31
2022.05, 1218.47
2022.22, 1218.66
2022.42, 1218.89
2022.65, 1219.15
2022.89, 1219.43
2023.15, 1219.73
2023.43, 1220.05

waypoints
x, y
2003.37, 1198.92
2003.72, 1199.17
2004.07, 1199.42
2004.42, 1199.68
2004.76, 1199.93
2005.11, 1200.19
2005.45, 1200.45
2005.79, 1200.71
2006.13, 1200.98
2006.47, 1201.24
2006.81, 1201.51
2007.15, 1201.78
2007.49, 1202.05
2007.82, 1202.32
2008.89, 1203.35
2010.52, 1205.42
2011.55, 1206.61
2012.57, 1207.78
2013.56, 1208.91
2014.51, 1210.01
2015.43, 1211.06
2016.29, 1212.05
2017.11, 1212.98
2017.87, 1213.86
2018.58, 1214.66
2019.22, 1215.4
2019.81, 1216.07
2020.34, 1216.67
2020.8, 1217.21
2021.21, 1217.67
2021.56, 1218.07
2021.86, 1218.4
2022.1, 1218.67
2022.29, 1218.88
2022.43, 1219.04
2022.53, 1219.15
2022.59, 1219.21
2022.62, 1219.23
2022.61, 1219.21
2022.57, 1219.16
2022.51, 1219.09
2022.43, 1218.99
2022.34, 1218.88
2022.24, 1218.76
2022.14, 1218.63
2022.03, 1218.5
2021.93, 1218.38
2021.84, 1218.27
2021.76, 1218.17
2021.7, 1218.09
2021.65, 1218.03
2021.63, 1218
2021.63, 1217.99
2021.65, 1218.02
2021.71, 1218.08
2021.8, 1218.18
2021.91, 1218.31
2022.05, 1218.47
2022.22, 1218.66
2022.42, 1218.89
2022.65, 1219.15
2022.89, 1219.43
2023.15, 1219.73
2023.43, 1220.05

waypoints
x, y
2004.42, 1199.68
2004.76, 1199.93
2005.11, 1200.19
2005.45, 1200.45
2005.79, 1200.71
2006.13, 1200.98
2006.47, 1201.24
2006.81, 1201.51
2007.15, 1201.78
2007.49, 1202.05
2007.82, 1202.32
2008.89, 1203.35
2010.52, 1205.42
2011.55, 1206.61
2012.57, 1207.78
2013.56, 1208.91
2014.51, 1210.01
2015.43, 1211.06
2016.29, 1212.05
2017.11, 1212.98
2017.87, 1213.86
2018.58, 1214.66
2019.22, 1215.4
2019.81, 1216.07
2020.34, 1216.67
2020.8, 1217.21
2021.21, 1217.67
2021.56, 1218.07
2021.86, 1218.4
2022.1, 1218.67
2022.29, 1218.88
2022.43, 1219.04
2022.53, 1219.15
2022.59, 1219.21
2022.62, 1219.23
2022.61, 1219.21
2022.57, 1219.16
2022.51, 1219.09
2022.43, 1218.99
2022.34, 1218.88
2022.24, 1218.76
2022.14, 1218.63
2022.03, 1218.5
2021.93, 1218.38
2021.84, 1218.27
2021.76, 1218.17
2021.7, 1218.09
2021.65, 1218.03
2021.63, 1218
2021.63, 1217.99
2021.65, 1218.02
2021.71, 1218.08
2021.8, 1218.18
2021.91, 1218.31
2022.05, 1218.47
2022.22, 1218.66
2022.42, 1218.89
2022.65, 1219.15
2022.89, 1219.43
2023.15, 1219.73
2023.43, 1220.05

waypoints
x, y
2005.45, 1200.45
2005.79, 1200.71
2006.13, 1200.98
2006.47, 1201.24
2006.81, 1201.51
2007.15, 1201.78
2007.49, 1202.05
2007.82, 1202.32
2008.89, 1203.35
2010.52, 1205.42
2011.55, 1206.61
2012.57, 1207.78
2013.56, 1208.91
2014.51, 1210.01
2015.43, 1211.06
2016.29, 1212.05
2017.11, 1212.98
2017.87, 1213.86
2018.58, 1214.66
2019.22, 1215.4
2019.81, 1216.07
2020.34, 1216.67
2020.8, 1217.21
2021.21, 1217.67
2021.56, 1218.07
2021.86, 1218.4
2022.1, 1218.67
2022.29, 1218.88
2022.43, 1219.04
2022.53, 1219.15
2022.59, 1219.21
2022.62, 1219.23
2022.61, 1219.21
2022.57, 1219.16
2022.51, 1219.09
2022.43, 1218.99
2022.34, 1218.88
2022.24, 1218.76
2022.14, 1218.63
2022.03, 1218.5
2021.93, 1218.38
2021.84, 1218.27
2021.76, 1218.17
2021.7, 1218.09
2021.65, 1218.03
2021.63, 1218
2021.63, 1217.99
2021.65, 1218.02
2021.71, 1218.08
2021.8, 1218.18
2021.91, 1218.31
2022.05, 1218.47
2022.22, 1218.66
2022.42, 1218.89
2022.65, 1219.15
2022.89, 1219.43
2023.15, 1219.73
2023.43, 1220.05

waypoints
x, y
2006.81, 1201.51
2007.15, 1201.78
2007.49, 1202.05
2007.82, 1202.32
2008.89, 1203.35
2010.52, 1205.42
2011.55, 1206.61
2012.57, 1207.78
2013.56, 1208.91
2014.51, 1210.01
2015.43, 1211.06
2016.29, 1212.05
2017.11, 1212.98
2017.87, 1213.86
2018.58, 1214.66
2019.22, 1215.4
2019.81, 1216.07
2020.34, 1216.67
2020.8, 1217.21
2021.21, 1217.67
2021.56, 1218.07
2021.86, 1218.4
2022.1, 1218.67
2022.29, 1218.88
2022.43, 1219.04
2022.53, 1219.15
2022.59, 1219.21
2022.62, 1219.23
2022.61, 1219.21
2022.57, 1219.16
2022.51, 1219.09
2022.43, 1218.99
2022.34, 1218.88
2022.24, 1218.76
2022.14, 1218.63
2022.03, 1218.5
2021.93, 1218.38
2021.84, 1218.27
2021.76, 1218.17
2021.7, 1218.09
2021.65, 1218.03
2021.63, 1218
2021.63, 1217.99
2021.65, 1218.02
2021.71, 1218.08
2021.8, 1218.18
2021.91, 1218.31
2022.05, 1218.47
2022.22, 1218.66
2022.42, 1218.89
2022.65, 1219.15
2022.89, 1219.43
2023.15, 1219.73
2023.43, 1220.05

waypoints
x, y
2007.82, 1202.32
2008.89, 1203.35
2010.52, 1205.42
2011.55, 1206.61
2012.57, 1207.78
2013.56, 1208.91
2014.51, 1210.01
2015.43, 1211.06
2016.29, 1212.05
2017.11, 1212.98
2017.87, 1213.86
2018.58, 1214.66
2019.22, 1215.4
2019.81, 1216.07
2020.34, 1216.67
2020.8, 1217.21
2021.21, 1217.67
2021.56, 1218.07
2021.86, 1218.4
2022.1, 1218.67
2022.29, 1218.88
2022.43, 1219.04
2022.53, 1219.15
2022.59, 1219.21
2022.62, 1219.23
2022.61, 1219.21
2022.57, 1219.16
2022.51, 1219.09
2022.43, 1218.99
2022.34, 1218.88
2022.24, 1218.76
2022.14, 1218.63
2022.03, 1218.5
2021.93, 1218.38
2021.84, 1218.27
2021.76, 1218.17
2021.7, 1218.09
2021.65, 1218.03
2021.63, 1218
2021.63, 1217.99
2021.65, 1218.02
2021.71, 1218.08
2021.8, 1218.18
2021.91, 1218.31
2022.05, 1218.47
2022.22, 1218.66
2022.42, 1218.89
2022.65, 1219.15
2022.89, 1219.43
2023.15, 1219.73
2023.43, 1220.05

waypoints
x, y
2012.57, 1207.78
2013.56, 1208.91
2014.51, 1210.01
2015.43, 1211.06
2016.29, 1212.05
2017.11, 1212.98
2017.87, 1213.86
2018.58, 1214.66
2019.22, 1215.4
2019.81, 1216.07
2020.34, 1216.67
2020.8, 1217.21
2021.21, 1217.67
2021.56, 1218.07
2021.86, 1218.4
2022.1, 1218.67
2022.29, 1218.88
2022.43, 1219.04
2022.53, 1219.15
2022.59, 1219.21
2022.62, 1219.23
2022.61, 1219.21
2022.57, 1219.16
2022.51, 1219.09
2022.43, 1218.99
2022.34, 1218.88
2022.24, 1218.76
2022.14, 1218.63
2022.03, 1218.5
2021.93, 1218.38
2021.84, 1218.27
2021.76, 1218.17
2021.7, 1218.09
2021.65, 1218.03
2021.63, 1218
2021.63, 1217.99
2021.65, 1218.02
2021.71, 1218.08
2021.8, 1218.18
2021.91, 1218.31
2022.05, 1218.47
2022.22, 1218.66
2022.42, 1218.89
2022.65, 1219.15
2022.89, 1219.43
2023.15, 1219.73
2023.43, 1220.05
2024.46, 1221.23
2025.49, 1222.41
2026.49, 1223.56
2027.98, 1225.59
2028.73, 1226.82
2029.44, 1228
2030.11, 1229.11
2030.75, 1230.16
2031.34, 1231.15
2031.89, 1232.05
2032.39, 1232.89
2032.85, 1233.64
2033.26, 1234.32
2033.63, 1234.92
2033.94, 1235.45
2034.22, 1235.9
2034.45, 1236.28
2034.64, 1236.59
2034.79, 1236.84
2034.9, 1237.03
2034.98, 1237.16
2035.02, 1237.23
2035.04, 1237.26
2035.03, 1237.25
2035.01, 1237.21
2034.96, 1237.13
2034.9, 1237.03
2034.83, 1236.92
2034.76, 1236.79
2034.68, 1236.66
2034.59, 1236.52
2034.52, 1236.4
2034.45, 1236.28
2034.39, 1236.18
2034.34, 1236.1
2034.3, 1236.04
2034.29, 1236.02
2034.29, 1236.02
2034.31, 1236.06
2034.36, 1236.13
2034.43, 1236.25
2034.52, 1236.4
2034.63, 1236.58
2034.77, 1236.81
2034.92, 1237.07
2035.1, 1237.36
2035.29, 1237.68
2035.5, 1238.02
2035.72, 1238.38

waypoints
x, y
2015.43, 1211.06
2016.29, 1212.05
2017.11, 1212.98
2017.87, 1213.86
2018.58, 1214.66
2019.22, 1215.4
2019.81, 1216.07
2020.34, 1216.67
2020.8, 1217.21
2021.21, 1217.67
2021.56, 1218.07
2021.86, 1218.4
2022.1, 1218.67
2022.29, 1218.88
2022.43, 1219.04
2022.53, 1219.15
2022.59, 1219.21
2022.62, 1219.23
2022.61, 1219.21
2022.57, 1219.16
2022.51, 1219.09
2022.43, 1218.99
2022.34, 1218.88
2022.24, 1218.76
2022.14, 1218.63
2022.03, 1218.5
2021.93, 1218.38
2021.84, 1218.27
2021.76, 1218.17
2021.7, 1218.09
2021.65, 1218.03
2021.63, 1218
2021.63, 1217.99
2021.65, 1218.02
2021.71, 1218.08
2021.8, 1218.18
2021.91, 1218.31
2022.05, 1218.47
2022.22, 1218.66
2022.42, 1218.89
2022.65, 1219.15
2022.89, 1219.43
2023.15, 1219.73
2023.43, 1220.05
2024.46, 1221.23
2025.49, 1222.41
2026.49, 1223.56
2027.98, 1225.59
2028.73, 1226.82
2029.44, 1228
2030.11, 1229.11
2030.75, 1230.16
2031.34, 1231.14
2031.89, 1232.05
2032.39, 1232.89
2032.85, 1233.64
2033.26, 1234.32
2033.63, 1234.92
2033.94, 1235.45
2034.22, 1235.9
2034.45, 1236.28
2034.64, 1236.59
2034.79, 1236.84
2034.9, 1237.03
2034.98, 1237.15
2035.02, 1237.23
2035.04, 1237.26
2035.04, 1237.25
2035.01, 1237.21
2034.96, 1237.13
2034.9, 1237.04
2034.83, 1236.92
2034.76, 1236.79
2034.67, 1236.66
2034.6, 1236.53
2034.52, 1236.4
2034.45, 1236.28
2034.39, 1236.18
2034.34, 1236.1
2034.3, 1236.04
2034.29, 1236.02
2034.29, 1236.02
2034.31, 1236.06
2034.36, 1236.13
2034.43, 1236.25
2034.52, 1236.4
2034.63, 1236.59
2034.77, 1236.81
2034.92, 1237.07
2035.1, 1237.36
2035.3, 1237.68
2035.5, 1238.02
2035.72, 1238.38

waypoints
x, y
2018.58, 1214.66
2019.22, 1215.4
2019.81, 1216.07
2020.34, 1216.67
2020.8, 1217.21
2021.21, 1217.67
2021.56, 1218.07
2021.86, 1218.4
2022.1, 1218.67
2022.29, 1218.88
2022.43, 1219.04
2022.53, 1219.15
2022.59, 1219.21
2022.62, 1219.23
2022.61, 1219.21
2022.57, 1219.16
2022.51, 1219.09
2022.43, 1218.99
2022.34, 1218.88
2022.24, 1218.76
2022.14, 1218.63
2022.03, 1218.5
2021.93, 1218.38
2021.84, 1218.27
2021.76, 1218.17
2021.7, 1218.09
2021.65, 1218.03
2021.63, 1218
2021.63, 1217.99
2021.65, 1218.02
2021.71, 1218.08
2021.8, 1218.18
2021.91, 1218.31
2022.05, 1218.47
2022.22, 1218.66
2022.42, 1218.89
2022.65, 1219.15
2022.89, 1219.43
2023.15, 1219.73
2023.43, 1220.05
2024.46, 1221.23
2025.49, 1222.41
2026.49, 1223.56
2027.98, 1225.59
2028.73, 1226.82
2029.44, 1228
2030.11, 1229.11
2030.75, 1230.16
2031.34, 1231.14
2031.89, 1232.05
2032.39, 1232.89
2032.85, 1233.64
2033.26, 1234.32
2033.63, 1234.92
2033.94, 1235.45
2034.22, 1235.9
2034.45, 1236.28
2034.64, 1236.59
2034.79, 1236.84
2034.9, 1237.03
2034.98, 1237.15
2035.02, 1237.23
2035.04, 1237.26
2035.04, 1237.25
2035.01, 1237.21
2034.96, 1237.13
2034.9, 1237.04
2034.83, 1236.92
2034.76, 1236.79
2034.67, 1236.66
2034.6, 1236.53
2034.52, 1236.4
2034.45, 1236.28
2034.39, 1236.18
2034.34, 1236.1
2034.3, 1236.04
2034.29, 1236.02
2034.29, 1236.02
2034.31, 1236.06
2034.36, 1236.13
2034.43, 1236.25
2034.52, 1236.4
2034.63, 1236.59
2034.77, 1236.81
2034.92, 1237.07
2035.1, 1237.36
2035.3, 1237.68
2035.5, 1238.02
2035.72, 1238.38

waypoints
x, y
2020.34, 1216.67
2020.8, 1217.21
2021.21, 1217.67
2021.56, 1218.07
2021.86, 1218.4
2022.1, 1218.67
2022.29, 1218.88
2022.43, 1219.04
2022.53, 1219.15
2022.59, 1219.21
2022.62, 1219.23
2022.61, 1219.21
2022.57, 1219.16
2022.51, 1219.09
2022.43, 1218.99
2022.34, 1218.88
2022.24, 1218.76
2022.14, 1218.63
2022.03, 1218.5
2021.93, 1218.38
2021.84, 1218.27
2021.76, 1218.17
2021.7, 1218.09
2021.65, 1218.03
2021.63, 1218
2021.63, 1217.99
2021.65, 1218.02
2021.71, 1218.08
2021.8, 1218.18
2021.91, 1218.31
2022.05, 1218.47
2022.22, 1218.66
2022.42, 1218.89
2022.65, 1219.15
2022.89, 1219.43
2023.15, 1219.73
2023.43, 1220.05
2024.46, 1221.23
2025.49, 1222.41
2026.49, 1223.56
2027.98, 1225.59
2028.73, 1226.82
2029.44, 1228
2030.11, 1229.11
2030.75, 1230.16
2031.34, 1231.14
2031.89, 1232.05
2032.39, 1232.89
2032.85, 1233.64
2033.26, 1234.32
2033.63, 1234.92
2033.94, 1235.45
2034.22, 1235.9
2034.45, 1236.28
2034.64, 1236.59
2034.79, 1236.84
2034.9, 1237.03
2034.98, 1237.15
2035.02, 1237.23
2035.04, 1237.26
2035.04, 1237.25
2035.01, 1237.21
2034.96, 1237.13
2034.9, 1237.04
2034.83, 1236.92
2034.76, 1236.79
2034.67, 1236.66
2034.6, 1236.53
2034.52, 1236.4
2034.45, 1236.28
2034.39, 1236.18
2034.34, 1236.1
2034.3, 1236.04
2034.29, 1236.02
2034.29, 1236.02
2034.31, 1236.06
2034.36, 1236.13
2034.43, 1236.25
2034.52, 1236.4
2034.63, 1236.59
2034.77, 1236.81
2034.92, 1237.07
2035.1, 1237.36
2035.3, 1237.68
2035.5, 1238.02
2035.72, 1238.38

waypoints
x, y
2021.86, 1218.4
2022.1, 1218.67
2022.29, 1218.88
2022.43, 1219.04
2022.53, 1219.15
2022.59, 1219.21
2022.62, 1219.23
2022.61, 1219.21
2022.57, 1219.16
2022.51, 1219.09
2022.43, 1218.99
2022.34, 1218.88
2022.24, 1218.76
2022.14, 1218.63
2022.03, 1218.5
2021.93, 1218.38
2021.84, 1218.27
2021.76, 1218.17
2021.7, 1218.09
2021.65, 1218.03
2021.63, 1218
2021.63, 1217.99
2021.65, 1218.02
2021.71, 1218.08
2021.8, 1218.18
2021.91, 1218.31
2022.05, 1218.47
2022.22, 1218.66
2022.42, 1218.89
2022.65, 1219.15
2022.89, 1219.43
2023.15, 1219.73
2023.43, 1220.05
2024.46, 1221.23
2025.49, 1222.41
2026.49, 1223.56
2027.98, 1225.59
2028.73, 1226.82
2029.44, 1228
2030.11, 1229.11
2030.75, 1230.16
2031.34, 1231.14
2031.89, 1232.05
2032.39, 1232.89
2032.85, 1233.64
2033.26, 1234.32
2033.63, 1234.92
2033.94, 1235.45
2034.22, 1235.9
2034.45, 1236.28
2034.64, 1236.59
2034.79, 1236.84
2034.9, 1237.03
2034.98, 1237.15
2035.02, 1237.23
2035.04, 1237.26
2035.04, 1237.25
2035.01, 1237.21
2034.96, 1237.13
2034.9, 1237.04
2034.83, 1236.92
2034.76, 1236.79
2034.67, 1236.66
2034.6, 1236.53
2034.52, 1236.4
2034.45, 1236.28
2034.39, 1236.18
2034.34, 1236.1
2034.3, 1236.04
2034.29, 1236.02
2034.29, 1236.02
2034.31, 1236.06
2034.36, 1236.13
2034.43, 1236.25
2034.52, 1236.4
2034.63, 1236.59
2034.77, 1236.81
2034.92, 1237.07
2035.1, 1237.36
2035.3, 1237.68
2035.5, 1238.02
2035.72, 1238.38

waypoints
x, y
2022.43, 1219.04
2022.53, 1219.15
2022.59, 1219.21
2022.62, 1219.23
2022.61, 1219.21
2022.57, 1219.16
2022.51, 1219.09
2022.43, 1218.99
2022.34, 1218.88
2022.24, 1218.76
2022.14, 1218.63
2022.03, 1218.5
2021.93, 1218.38
2021.84, 1218.27
2021.76, 1218.17
2021.7, 1218.09
2021.65, 1218.03
2021.63, 1218
2021.63, 1217.99
2021.65, 1218.02
2021.71, 1218.08
2021.8, 1218.18
2021.91, 1218.31
2022.05, 1218.47
2022.22, 1218.66
2022.42, 1218.89
2022.65, 1219.15
2022.89, 1219.43
2023.15, 1219.73
2023.43, 1220.05
2024.46, 1221.23
2025.49, 1222.41
2026.49, 1223.56
2027.98, 1225.59
2028.73, 1226.82
2029.44, 1228
2030.11, 1229.11
2030.75, 1230.16
2031.34, 1231.14
2031.89, 1232.05
2032.39, 1232.89
2032.85, 1233.64
2033.26, 1234.32
2033.63, 1234.92
2033.94, 1235.45
2034.22, 1235.9
2034.45, 1236.28
2034.64, 1236.59
2034.79, 1236.84
2034.9, 1237.03
2034.98, 1237.15
2035.02, 1237.23
2035.04, 1237.26
2035.04, 1237.25
2035.01, 1237.21
2034.96, 1237.13
2034.9, 1237.04
2034.83, 1236.92
2034.76, 1236.79
2034.67, 1236.66
2034.6, 1236.53
2034.52, 1236.4
2034.45, 1236.28
2034.39, 1236.18
2034.34, 1236.1
2034.3, 1236.04
2034.29, 1236.02
2034.29, 1236.02
2034.31, 1236.06
2034.36, 1236.13
2034.43, 1236.25
2034.52, 1236.4
2034.63, 1236.59
2034.77, 1236.81
2034.92, 1237.07
2035.1, 1237.36
2035.3, 1237.68
2035.5, 1238.02
2035.72, 1238.38

waypoints
x, y
2022.62, 1219.23
2022.61, 1219.21
2022.57, 1219.16
2022.51, 1219.09
2022.43, 1218.99
2022.34, 1218.88
2022.24, 1218.76
2022.14, 1218.63
2022.03, 1218.5
2021.93, 1218.38
2021.84, 1218.27
2021.76, 1218.17
2021.7, 1218.09
2021.65, 1218.03
2021.63, 1218
2021.63, 1217.99
2021.65, 1218.02
2021.71, 1218.08
2021.8, 1218.18
2021.91, 1218.31
2022.05, 1218.47
2022.22, 1218.66
2022.42, 1218.89
2022.65, 1219.15
2022.89, 1219.43
2023.15, 1219.73
2023.43, 1220.05
2024.46, 1221.23
2025.49, 1222.41
2026.49, 1223.56
2027.98, 1225.59
2028.73, 1226.82
2029.44, 1228
2030.11, 1229.11
2030.75, 1230.16
2031.34, 1231.14
2031.89, 1232.05
2032.39, 1232.89
2032.85, 1233.64
2033.26, 1234.32
2033.63, 1234.92
2033.94, 1235.45
2034.22, 1235.9
2034.45, 1236.28
2034.64, 1236.59
2034.79, 1236.84
2034.9, 1237.03
2034.98, 1237.15
2035.02, 1237.23
2035.04, 1237.26
2035.04, 1237.25
2035.01, 1237.21
2034.96, 1237.13
2034.9, 1237.04
2034.83, 1236.92
2034.76, 1236.79
2034.67, 1236.66
2034.6, 1236.53
2034.52, 1236.4
2034.45, 1236.28
2034.39, 1236.18
2034.34, 1236.1
2034.3, 1236.04
2034.29, 1236.02
2034.29, 1236.02
2034.31, 1236.06
2034.36, 1236.13
2034.43, 1236.25
2034.52, 1236.4
2034.63, 1236.59
2034.77, 1236.81
2034.92, 1237.07
2035.1, 1237.36
2035.3, 1237.68
2035.5, 1238.02
2035.72, 1238.38

waypoints
x, y
2022.34, 1218.88
2022.24, 1218.76
2022.14, 1218.63
2022.03, 1218.5
2021.93, 1218.38
2021.84, 1218.27
2021.76, 1218.17
2021.7, 1218.09
2021.65, 1218.03
2021.63, 1218
2021.63, 1217.99
2021.65, 1218.02
2021.71, 1218.08
2021.8, 1218.18
2021.91, 1218.31
2022.05, 1218.47
2022.22, 1218.66
2022.42, 1218.89
2022.65, 1219.15
2022.89, 1219.43
2023.15, 1219.73
2023.43, 1220.05
2024.46, 1221.23
2025.49, 1222.41
2026.49, 1223.56
2027.98, 1225.59
2028.73, 1226.82
2029.44, 1228
2030.11, 1229.11
2030.75, 1230.16
2031.34, 1231.14
2031.89, 1232.05
2032.39, 1232.89
2032.85, 1233.64
2033.26, 1234.32
2033.63, 1234.92
2033.94, 1235.45
2034.22, 1235.9
2034.45, 1236.28
2034.64, 1236.59
2034.79, 1236.84
2034.9, 1237.03
2034.98, 1237.15
2035.02, 1237.23
2035.04, 1237.26
2035.04, 1237.25
2035.01, 1237.21
2034.96, 1237.13
2034.9, 1237.04
2034.83, 1236.92
2034.76, 1236.79
2034.67, 1236.66
2034.6, 1236.53
2034.52, 1236.4
2034.45, 1236.28
2034.39, 1236.18
2034.34, 1236.1
2034.3, 1236.04
2034.29, 1236.02
2034.29, 1236.02
2034.31, 1236.06
2034.36, 1236.13
2034.43, 1236.25
2034.52, 1236.4
2034.63, 1236.59
2034.77, 1236.81
2034.92, 1237.07
2035.1, 1237.36
2035.3, 1237.68
2035.5, 1238.02
2035.72, 1238.38

waypoints
x, y
2021.93, 1218.38
2021.84, 1218.27
2021.76, 1218.17
2021.7, 1218.09
2021.65, 1218.03
2021.63, 1218
2021.63, 1217.99
2021.65, 1218.02
2021.71, 1218.08
2021.8, 1218.18
2021.91, 1218.31
2022.05, 1218.47
2022.22, 1218.66
2022.42, 1218.89
2022.65, 1219.15
2022.89, 1219.43
2023.15, 1219.73
2023.43, 1220.05
2024.46, 1221.23
2025.49, 1222.41
2026.49, 1223.56
2027.98, 1225.59
2028.73, 1226.82
2029.44, 1228
2030.11, 1229.11
2030.75, 1230.16
2031.34, 1231.14
2031.89, 1232.05
2032.39, 1232.89
2032.85, 1233.64
2033.26, 1234.32
2033.63, 1234.92
2033.94, 1235.45
2034.22, 1235.9
2034.45, 1236.28
2034.64, 1236.59
2034.79, 1236.84
2034.9, 1237.03
2034.98, 1237.15
2035.02, 1237.23
2035.04, 1237.26
2035.04, 1237.25
2035.01, 1237.21
2034.96, 1237.13
2034.9, 1237.04
2034.83, 1236.92
2034.76, 1236.79
2034.67, 1236.66
2034.6, 1236.53
2034.52, 1236.4
2034.45, 1236.28
2034.39, 1236.18
2034.34, 1236.1
2034.3, 1236.04
2034.29, 1236.02
2034.29, 1236.02
2034.31, 1236.06
2034.36, 1236.13
2034.43, 1236.25
2034.52, 1236.4
2034.63, 1236.59
2034.77, 1236.81
2034.92, 1237.07
2035.1, 1237.36
2035.3, 1237.68
2035.5, 1238.02
2035.72, 1238.38

waypoints
x, y
2021.65, 1218.03
2021.63, 1218
2021.63, 1217.99
2021.65, 1218.02
2021.71, 1218.08
2021.8, 1218.18
2021.91, 1218.31
2022.05, 1218.47
2022.22, 1218.66
2022.42, 1218.89
2022.65, 1219.15
2022.89, 1219.43
2023.15, 1219.73
2023.43, 1220.05
2024.46, 1221.23
2025.49, 1222.41
2026.49, 1223.56
2027.98, 1225.59
2028.73, 1226.82
2029.44, 1228
2030.11, 1229.11
2030.75, 1230.16
2031.34, 1231.14
2031.89, 1232.05
2032.39, 1232.89
2032.85, 1233.64
2033.26, 1234.32
2033.63, 1234.92
2033.94, 1235.45
2034.22, 1235.9
2034.45, 1236.28
2034.64, 1236.59
2034.79, 1236.84
2034.9, 1237.03
2034.98, 1237.15
2035.02, 1237.23
2035.04, 1237.26
2035.04, 1237.25
2035.01, 1237.21
2034.96, 1237.13
2034.9, 1237.04
2034.83, 1236.92
2034.76, 1236.79
2034.67, 1236.66
2034.6, 1236.53
2034.52, 1236.4
2034.45, 1236.28
2034.39, 1236.18
2034.34, 1236.1
2034.3, 1236.04
2034.29, 1236.02
2034.29, 1236.02
2034.31, 1236.06
2034.36, 1236.13
2034.43, 1236.25
2034.52, 1236.4
2034.63, 1236.59
2034.77, 1236.81
2034.92, 1237.07
2035.1, 1237.36
2035.3, 1237.68
2035.5, 1238.02
2035.72, 1238.38

waypoints
x, y
2021.71, 1218.08
2021.8, 1218.18
2021.91, 1218.31
2022.05, 1218.47
2022.22, 1218.66
2022.42, 1218.89
2022.65, 1219.15
2022.89, 1219.43
2023.15, 1219.73
2023.43, 1220.05
2024.46, 1221.23
2025.49, 1222.41
2026.49, 1223.56
2027.98, 1225.59
2028.73, 1226.82
2029.44, 1228
2030.11, 1229.11
2030.75, 1230.16
2031.34, 1231.14
2031.89, 1232.05
2032.39, 1232.89
2032.85, 1233.64
2033.26, 1234.32
2033.63, 1234.92
2033.94, 1235.45
2034.22, 1235.9
2034.45, 1236.28
2034.64, 1236.59
2034.79, 1236.84
2034.9, 1237.03
2034.98, 1237.15
2035.02, 1237.23
2035.04, 1237.26
2035.04, 1237.25
2035.01, 1237.21
2034.96, 1237.13
2034.9, 1237.04
2034.83, 1236.92
2034.76, 1236.79
2034.67, 1236.66
2034.6, 1236.53
2034.52, 1236.4
2034.45, 1236.28
2034.39, 1236.18
2034.34, 1236.1
2034.3, 1236.04
2034.29, 1236.02
2034.29, 1236.02
2034.31, 1236.06
2034.36, 1236.13
2034.43, 1236.25
2034.52, 1236.4
2034.63, 1236.59
2034.77, 1236.81
2034.92, 1237.07
2035.1, 1237.36
2035.3, 1237.68
2035.5, 1238.02
2035.72, 1238.38

waypoints
x, y
2022.05, 1218.47
2022.22, 1218.66
2022.42, 1218.89
2022.65, 1219.15
2022.89, 1219.43
2023.15, 1219.73
2023.43, 1220.05
2024.46, 1221.23
2025.49, 1222.41
2026.49, 1223.56
2027.98, 1225.59
2028.73, 1226.82
2029.44, 1228
2030.11, 1229.11
2030.75, 1230.16
2031.34, 1231.14
2031.89, 1232.05
2032.39, 1232.89
2032.85, 1233.64
2033.26, 1234.32
2033.63, 1234.92
2033.94, 1235.45
2034.22, 1235.9
2034.45, 1236.28
2034.64, 1236.59
2034.79, 1236.84
2034.9, 1237.03
2034.98, 1237.15
2035.02, 1237.23
2035.04, 1237.26
2035.04, 1237.25
2035.01, 1237.21
2034.96, 1237.13
2034.9, 1237.04
2034.83, 1236.92
2034.76, 1236.79
2034.67, 1236.66
2034.6, 1236.53
2034.52, 1236.4
2034.45, 1236.28
2034.39, 1236.18
2034.34, 1236.1
2034.3, 1236.04
2034.29, 1236.02
2034.29, 1236.02
2034.31, 1236.06
2034.36, 1236.13
2034.43, 1236.25
2034.52, 1236.4
2034.63, 1236.59
2034.77, 1236.81
2034.92, 1237.07
2035.1, 1237.36
2035.3, 1237.68
2035.5, 1238.02
2035.72, 1238.38

waypoints
x, y
2022.89, 1219.43
2023.15, 1219.73
2023.43, 1220.05
2024.46, 1221.23
2025.49, 1222.41
2026.49, 1223.56
2027.98, 1225.59
2028.73, 1226.82
2029.44, 1228
2030.11, 1229.11
2030.75, 1230.16
2031.34, 1231.14
2031.89, 1232.05
2032.39, 1232.89
2032.85, 1233.64
2033.26, 1234.32
2033.63, 1234.92
2033.94, 1235.45
2034.22, 1235.9
2034.45, 1236.28
2034.64, 1236.59
2034.79, 1236.84
2034.9, 1237.03
2034.98, 1237.15
2035.02, 1237.23
2035.04, 1237.26
2035.04, 1237.25
2035.01, 1237.21
2034.96, 1237.13
2034.9, 1237.04
2034.83, 1236.92
2034.76, 1236.79
2034.67, 1236.66
2034.6, 1236.53
2034.52, 1236.4
2034.45, 1236.28
2034.39, 1236.18
2034.34, 1236.1
2034.3, 1236.04
2034.29, 1236.02
2034.29, 1236.02
2034.31, 1236.06
2034.36, 1236.13
2034.43, 1236.25
2034.52, 1236.4
2034.63, 1236.59
2034.77, 1236.81
2034.92, 1237.07
2035.1, 1237.36
2035.3, 1237.68
2035.5, 1238.02
2035.72, 1238.38

waypoints
x, y
2024.46, 1221.23
2025.49, 1222.41
2026.49, 1223.56
2027.98, 1225.59
2028.73, 1226.82
2029.44, 1228
2030.11, 1229.11
2030.75, 1230.16
2031.34, 1231.14
2031.89, 1232.05
2032.39, 1232.89
2032.85, 1233.64
2033.26, 1234.32
2033.63, 1234.92
2033.94, 1235.45
2034.22, 1235.9
2034.45, 1236.28
2034.64, 1236.59
2034.79, 1236.84
2034.9, 1237.03
2034.98, 1237.15
2035.02, 1237.23
2035.04, 1237.26
2035.04, 1237.25
2035.01, 1237.21
2034.96, 1237.13
2034.9, 1237.04
2034.83, 1236.92
2034.76, 1236.79
2034.67, 1236.66
2034.6, 1236.53
2034.52, 1236.4
2034.45, 1236.28
2034.39, 1236.18
2034.34, 1236.1
2034.3, 1236.04
2034.29, 1236.02
2034.29, 1236.02
2034.31, 1236.06
2034.36, 1236.13
2034.43, 1236.25
2034.52, 1236.4
2034.63, 1236.59
2034.77, 1236.81
2034.92, 1237.07
2035.1, 1237.36
2035.3, 1237.68
2035.5, 1238.02
2035.72, 1238.38
2035.93, 1238.74
2036.15, 1239.1
2036.36, 1239.46
2036.57, 1239.83
2036.77, 1240.19
2036.97, 1240.56
2037.16, 1240.94
2037.34, 1241.32
2037.52, 1241.7
2037.69, 1242.09
2037.85, 1242.48
2038, 1242.88
2038.14, 1243.28
2038.28, 1243.69
2038.41, 1244.1
2038.53, 1244.51
2038.65, 1244.93
2038.76, 1245.35
2038.86, 1245.78
2038.96, 1246.21
2039.06, 1246.64
2039.15, 1247.07
2039.24, 1247.5
2039.33, 1247.94
2039.42, 1248.37
2039.51, 1248.81
2039.6, 1249.24
2039.69, 1249.68
2039.78, 1250.11
2039.88, 1250.54
2039.98, 1250.97
2040.09, 1251.4
2040.2, 1251.82
2040.31, 1252.24
2040.43, 1252.65
2040.56, 1253.06
2040.7, 1253.47
2040.84, 1253.87
2041.07, 1254.47
2041.19, 1254.87
2041.32, 1255.28
2041.46, 1255.67
2041.61, 1256.07
2041.76, 1256.46
2041.93, 1256.84
2042.09, 1257.23
2042.27, 1257.61
2042.45, 1257.99
2042.63, 1258.36

waypoints
x, y
2028.73, 1226.82
2029.44, 1228
2030.11, 1229.11
2030.75, 1230.16
2031.34, 1231.14
2031.89, 1232.05
2032.39, 1232.89
2032.85, 1233.64
2033.26, 1234.32
2033.63, 1234.92
2033.94, 1235.45
2034.22, 1235.9
2034.45, 1236.28
2034.64, 1236.59
2034.79, 1236.84
2034.9, 1237.03
2034.98, 1237.15
2035.02, 1237.23
2035.04, 1237.26
2035.04, 1237.25
2035.01, 1237.21
2034.96, 1237.13
2034.9, 1237.04
2034.83, 1236.92
2034.76, 1236.79
2034.67, 1236.66
2034.6, 1236.53
2034.52, 1236.4
2034.45, 1236.28
2034.39, 1236.18
2034.34, 1236.1
2034.3, 1236.04
2034.29, 1236.02
2034.29, 1236.02
2034.31, 1236.06
2034.36, 1236.13
2034.43, 1236.25
2034.52, 1236.4
2034.63, 1236.59
2034.77, 1236.81
2034.92, 1237.07
2035.1, 1237.36
2035.3, 1237.68
2035.5, 1238.02
2035.72, 1238.38
2035.93, 1238.74
2036.15, 1239.1
2036.36, 1239.46
2036.57, 1239.83
2036.77, 1240.19
2036.97, 1240.56
2037.16, 1240.94
2037.34, 1241.32
2037.52, 1241.7
2037.69, 1242.09
2037.85, 1242.48
2038, 1242.88
2038.14, 1243.28
2038.28, 1243.68
2038.41, 1244.1
2038.53, 1244.51
2038.65, 1244.93
2038.76, 1245.35
2038.86, 1245.78
2038.96, 1246.21
2039.06, 1246.64
2039.15, 1247.07
2039.24, 1247.5
2039.33, 1247.94
2039.42, 1248.37
2039.51, 1248.81
2039.6, 1249.24
2039.69, 1249.68
2039.78, 1250.11
2039.88, 1250.54
2039.98, 1250.97
2040.09, 1251.4
2040.19, 1251.82
2040.31, 1252.24
2040.43, 1252.65
2040.56, 1253.06
2040.7, 1253.47
2040.85, 1253.87
2041.07, 1254.47
2041.19, 1254.88
2041.32, 1255.28
2041.46, 1255.67
2041.61, 1256.07
2041.76, 1256.46
2041.93, 1256.84
2042.1, 1257.23
2042.27, 1257.61
2042.45, 1257.99
2042.63, 1258.37

waypoints
x, y
2030.75, 1230.16
2031.34, 1231.14
2031.89, 1232.05
2032.39, 1232.89
2032.85, 1233.64
2033.26, 1234.32
2033.63, 1234.92
2033.94, 1235.45
2034.22, 1235.9
2034.45, 1236.28
2034.64, 1236.59
2034.79, 1236.84
2034.9, 1237.03
2034.98, 1237.15
2035.02, 1237.23
2035.04, 1237.26
2035.04, 1237.25
2035.01, 1237.21
2034.96, 1237.13
2034.9, 1237.04
2034.83, 1236.92
2034.76, 1236.79
2034.67, 1236.66
2034.6, 1236.53
2034.52, 1236.4
2034.45, 1236.28
2034.39, 1236.18
2034.34, 1236.1
2034.3, 1236.04
2034.29, 1236.02
2034.29, 1236.02
2034.31, 1236.06
2034.36, 1236.13
2034.43, 1236.25
2034.52, 1236.4
2034.63, 1236.59
2034.77, 1236.81
2034.92, 1237.07
2035.1, 1237.36
2035.3, 1237.68
2035.5, 1238.02
2035.72, 1238.38
2035.93, 1238.74
2036.15, 1239.1
2036.36, 1239.46
2036.57, 1239.83
2036.77, 1240.19
2036.97, 1240.56
2037.16, 1240.94
2037.34, 1241.32
2037.52, 1241.7
2037.69, 1242.09
2037.85, 1242.48
2038, 1242.88
2038.14, 1243.28
2038.28, 1243.68
2038.41, 1244.1
2038.53, 1244.51
2038.65, 1244.93
2038.76, 1245.35
2038.86, 1245.78
2038.96, 1246.21
2039.06, 1246.64
2039.15, 1247.07
2039.24, 1247.5
2039.33, 1247.94
2039.42, 1248.37
2039.51, 1248.81
2039.6, 1249.24
2039.69, 1249.68
2039.78, 1250.11
2039.88, 1250.54
2039.98, 1250.97
2040.09, 1251.4
2040.19, 1251.82
2040.31, 1252.24
2040.43, 1252.65
2040.56, 1253.06
2040.7, 1253.47
2040.85, 1253.87
2041.07, 1254.47
2041.19, 1254.88
2041.32, 1255.28
2041.46, 1255.67
2041.61, 1256.07
2041.76, 1256.46
2041.93, 1256.84
2042.1, 1257.23
2042.27, 1257.61
2042.45, 1257.99
2042.63, 1258.37

waypoints
x, y
2032.85, 1233.64
2033.26, 1234.32
2033.63, 1234.92
2033.94, 1235.45
2034.22, 1235.9
2034.45, 1236.28
2034.64, 1236.59
2034.79, 1236.84
2034.9, 1237.03
2034.98, 1237.15
2035.02, 1237.23
2035.04, 1237.26
2035.04, 1237.25
2035.01, 1237.21
2034.96, 1237.13
2034.9, 1237.04
2034.83, 1236.92
2034.76, 1236.79
2034.67, 1236.66
2034.6, 1236.53
2034.52, 1236.4
2034.45, 1236.28
2034.39, 1236.18
2034.34, 1236.1
2034.3, 1236.04
2034.29, 1236.02
2034.29, 1236.02
2034.31, 1236.06
2034.36, 1236.13
2034.43, 1236.25
2034.52, 1236.4
2034.63, 1236.59
2034.77, 1236.81
2034.92, 1237.07
2035.1, 1237.36
2035.3, 1237.68
2035.5, 1238.02
2035.72, 1238.38
2035.93, 1238.74
2036.15, 1239.1
2036.36, 1239.46
2036.57, 1239.83
2036.77, 1240.19
2036.97, 1240.56
2037.16, 1240.94
2037.34, 1241.32
2037.52, 1241.7
2037.69, 1242.09
2037.85, 1242.48
2038, 1242.88
2038.14, 1243.28
2038.28, 1243.68
2038.41, 1244.1
2038.53, 1244.51
2038.65, 1244.93
2038.76, 1245.35
2038.86, 1245.78
2038.96, 1246.21
2039.06, 1246.64
2039.15, 1247.07
2039.24, 1247.5
2039.33, 1247.94
2039.42, 1248.37
2039.51, 1248.81
2039.6, 1249.24
2039.69, 1249.68
2039.78, 1250.11
2039.88, 1250.54
2039.98, 1250.97
2040.09, 1251.4
2040.19, 1251.82
2040.31, 1252.24
2040.43, 1252.65
2040.56, 1253.06
2040.7, 1253.47
2040.85, 1253.87
2041.07, 1254.47
2041.19, 1254.88
2041.32, 1255.28
2041.46, 1255.67
2041.61, 1256.07
2041.76, 1256.46
2041.93, 1256.84
2042.1, 1257.23
2042.27, 1257.61
2042.45, 1257.99
2042.63, 1258.37

waypoints
x, y
2033.94, 1235.45
2034.22, 1235.9
2034.45, 1236.28
2034.64, 1236.59
2034.79, 1236.84
2034.9, 1237.03
2034.98, 1237.15
2035.02, 1237.23
2035.04, 1237.26
2035.04, 1237.25
2035.01, 1237.21
2034.96, 1237.13
2034.9, 1237.04
2034.83, 1236.92
2034.76, 1236.79
2034.67, 1236.66
2034.6, 1236.53
2034.52, 1236.4
2034.45, 1236.28
2034.39, 1236.18
2034.34, 1236.1
2034.3, 1236.04
2034.29, 1236.02
2034.29, 1236.02
2034.31, 1236.06
2034.36, 1236.13
2034.43, 1236.25
2034.52, 1236.4
2034.63, 1236.59
2034.77, 1236.81
2034.92, 1237.07
2035.1, 1237.36
2035.3, 1237.68
2035.5, 1238.02
2035.72, 1238.38
2035.93, 1238.74
2036.15, 1239.1
2036.36, 1239.46
2036.57, 1239.83
2036.77, 1240.19
2036.97, 1240.56
2037.16, 1240.94
2037.34, 1241.32
2037.52, 1241.7
2037.69, 1242.09
2037.85, 1242.48
2038, 1242.88
2038.14, 1243.28
2038.28, 1243.68
2038.41, 1244.1
2038.53, 1244.51
2038.65, 1244.93
2038.76, 1245.35
2038.86, 1245.78
2038.96, 1246.21
2039.06, 1246.64
2039.15, 1247.07
2039.24, 1247.5
2039.33, 1247.94
2039.42, 1248.37
2039.51, 1248.81
2039.6, 1249.24
2039.69, 1249.68
2039.78, 1250.11
2039.88, 1250.54
2039.98, 1250.97
2040.09, 1251.4
2040.19, 1251.82
2040.31, 1252.24
2040.43, 1252.65
2040.56, 1253.06
2040.7, 1253.47
2040.85, 1253.87
2041.07, 1254.47
2041.19, 1254.88
2041.32, 1255.28
2041.46, 1255.67
2041.61, 1256.07
2041.76, 1256.46
2041.93, 1256.84
2042.1, 1257.23
2042.27, 1257.61
2042.45, 1257.99
2042.63, 1258.37

waypoints
x, y
2034.64, 1236.59
2034.79, 1236.84
2034.9, 1237.03
2034.98, 1237.15
2035.02, 1237.23
2035.04, 1237.26
2035.04, 1237.25
2035.01, 1237.21
2034.96, 1237.13
2034.9, 1237.04
2034.83, 1236.92
2034.76, 1236.79
2034.67, 1236.66
2034.6, 1236.53
2034.52, 1236.4
2034.45, 1236.28
2034.39, 1236.18
2034.34, 1236.1
2034.3, 1236.04
2034.29, 1236.02
2034.29, 1236.02
2034.31, 1236.06
2034.36, 1236.13
2034.43, 1236.25
2034.52, 1236.4
2034.63, 1236.59
2034.77, 1236.81
2034.92, 1237.07
2035.1, 1237.36
2035.3, 1237.68
2035.5, 1238.02
2035.72, 1238.38
2035.93, 1238.74
2036.15, 1239.1
2036.36, 1239.46
2036.57, 1239.83
2036.77, 1240.19
2036.97, 1240.56
2037.16, 1240.94
2037.34, 1241.32
2037.52, 1241.7
2037.69, 1242.09
2037.85, 1242.48
2038, 1242.88
2038.14, 1243.28
2038.28, 1243.68
2038.41, 1244.1
2038.53, 1244.51
2038.65, 1244.93
2038.76, 1245.35
2038.86, 1245.78
2038.96, 1246.21
2039.06, 1246.64
2039.15, 1247.07
2039.24, 1247.5
2039.33, 1247.94
2039.42, 1248.37
2039.51, 1248.81
2039.6, 1249.24
2039.69, 1249.68
2039.78, 1250.11
2039.88, 1250.54
2039.98, 1250.97
2040.09, 1251.4
2040.19, 1251.82
2040.31, 1252.24
2040.43, 1252.65
2040.56, 1253.06
2040.7, 1253.47
2040.85, 1253.87
2041.07, 1254.47
2041.19, 1254.88
2041.32, 1255.28
2041.46, 1255.67
2041.61, 1256.07
2041.76, 1256.46
2041.93, 1256.84
2042.1, 1257.23
2042.27, 1257.61
2042.45, 1257.99
2042.63, 1258.37

waypoints
x, y
2035.02, 1237.23
2035.04, 1237.26
2035.04, 1237.25
2035.01, 1237.21
2034.96, 1237.13
2034.9, 1237.04
2034.83, 1236.92
2034.76, 1236.79
2034.67, 1236.66
2034.6, 1236.53
2034.52, 1236.4
2034.45, 1236.28
2034.39, 1236.18
2034.34, 1236.1
2034.3, 1236.04
2034.29, 1236.02
2034.29, 1236.02
2034.31, 1236.06
2034.36, 1236.13
2034.43, 1236.25
2034.52, 1236.4
2034.63, 1236.59
2034.77, 1236.81
2034.92, 1237.07
2035.1, 1237.36
2035.3, 1237.68
2035.5, 1238.02
2035.72, 1238.38
2035.93, 1238.74
2036.15, 1239.1
2036.36, 1239.46
2036.57, 1239.83
2036.77, 1240.19
2036.97, 1240.56
2037.16, 1240.94
2037.34, 1241.32
2037.52, 1241.7
2037.69, 1242.09
2037.85, 1242.48
2038, 1242.88
2038.14, 1243.28
2038.28, 1243.68
2038.41, 1244.1
2038.53, 1244.51
2038.65, 1244.93
2038.76, 1245.35
2038.86, 1245.78
2038.96, 1246.21
2039.06, 1246.64
2039.15, 1247.07
2039.24, 1247.5
2039.33, 1247.94
2039.42, 1248.37
2039.51, 1248.81
2039.6, 1249.24
2039.69, 1249.68
2039.78, 1250.11
2039.88, 1250.54
2039.98, 1250.97
2040.09, 1251.4
2040.19, 1251.82
2040.31, 1252.24
2040.43, 1252.65
2040.56, 1253.06
2040.7, 1253.47
2040.85, 1253.87
2041.07, 1254.47
2041.19, 1254.88
2041.32, 1255.28
2041.46, 1255.67
2041.61, 1256.07
2041.76, 1256.46
2041.93, 1256.84
2042.1, 1257.23
2042.27, 1257.61
2042.45, 1257.99
2042.63, 1258.37

waypoints
x, y
2035.01, 1237.21
2034.96, 1237.13
2034.9, 1237.04
2034.83, 1236.92
2034.76, 1236.79
2034.67, 1236.66
2034.6, 1236.53
2034.52, 1236.4
2034.45, 1236.28
2034.39, 1236.18
2034.34, 1236.1
2034.3, 1236.04
2034.29, 1236.02
2034.29, 1236.02
2034.31, 1236.06
2034.36, 1236.13
2034.43, 1236.25
2034.52, 1236.4
2034.63, 1236.59
2034.77, 1236.81
2034.92, 1237.07
2035.1, 1237.36
2035.3, 1237.68
2035.5, 1238.02
2035.72, 1238.38
2035.93, 1238.74
2036.15, 1239.1
2036.36, 1239.46
2036.57, 1239.83
2036.77, 1240.19
2036.97, 1240.56
2037.16, 1240.94
2037.34, 1241.32
2037.52, 1241.7
2037.69, 1242.09
2037.85, 1242.48
2038, 1242.88
2038.14, 1243.28
2038.28, 1243.68
2038.41, 1244.1
2038.53, 1244.51
2038.65, 1244.93
2038.76, 1245.35
2038.86, 1245.78
2038.96, 1246.21
2039.06, 1246.64
2039.15, 1247.07
2039.24, 1247.5
2039.33, 1247.94
2039.42, 1248.37
2039.51, 1248.81
2039.6, 1249.24
2039.69, 1249.68
2039.78, 1250.11
2039.88, 1250.54
2039.98, 1250.97
2040.09, 1251.4
2040.19, 1251.82
2040.31, 1252.24
2040.43, 1252.65
2040.56, 1253.06
2040.7, 1253.47
2040.85, 1253.87
2041.07, 1254.47
2041.19, 1254.88
2041.32, 1255.28
2041.46, 1255.67
2041.61, 1256.07
2041.76, 1256.46
2041.93, 1256.84
2042.1, 1257.23
2042.27, 1257.61
2042.45, 1257.99
2042.63, 1258.37

waypoints
x, y
2034.76, 1236.79
2034.67, 1236.66
2034.6, 1236.53
2034.52, 1236.4
2034.45, 1236.28
2034.39, 1236.18
2034.34, 1236.1
2034.3, 1236.04
2034.29, 1236.02
2034.29, 1236.02
2034.31, 1236.06
2034.36, 1236.13
2034.43, 1236.25
2034.52, 1236.4
2034.63, 1236.59
2034.77, 1236.81
2034.92, 1237.07
2035.1, 1237.36
2035.3, 1237.68
2035.5, 1238.02
2035.72, 1238.38
2035.93, 1238.74
2036.15, 1239.1
2036.36, 1239.46
2036.57, 1239.83
2036.77, 1240.19
2036.97, 1240.56
2037.16, 1240.94
2037.34, 1241.32
2037.52, 1241.7
2037.69, 1242.09
2037.85, 1242.48
2038, 1242.88
2038.14, 1243.28
2038.28, 1243.68
2038.41, 1244.1
2038.53, 1244.51
2038.65, 1244.93
2038.76, 1245.35
2038.86, 1245.78
2038.96, 1246.21
2039.06, 1246.64
2039.15, 1247.07
2039.24, 1247.5
2039.33, 1247.94
2039.42, 1248.37
2039.51, 1248.81
2039.6, 1249.24
2039.69, 1249.68
2039.78, 1250.11
2039.88, 1250.54
2039.98, 1250.97
2040.09, 1251.4
2040.19, 1251.82
2040.31, 1252.24
2040.43, 1252.65
2040.56, 1253.06
2040.7, 1253.47
2040.85, 1253.87
2041.07, 1254.47
2041.19, 1254.88
2041.32, 1255.28
2041.46, 1255.67
2041.61, 1256.07
2041.76, 1256.46
2041.93, 1256.84
2042.1, 1257.23
2042.27, 1257.61
2042.45, 1257.99
2042.63, 1258.37

waypoints
x, y
2034.45, 1236.28
2034.39, 1236.18
2034.34, 1236.1
2034.3, 1236.04
2034.29, 1236.02
2034.29, 1236.02
2034.31, 1236.06
2034.36, 1236.13
2034.43, 1236.25
2034.52, 1236.4
2034.63, 1236.59
2034.77, 1236.81
2034.92, 1237.07
2035.1, 1237.36
2035.3, 1237.68
2035.5, 1238.02
2035.72, 1238.38
2035.93, 1238.74
2036.15, 1239.1
2036.36, 1239.46
2036.57, 1239.83
2036.77, 1240.19
2036.97, 1240.56
2037.16, 1240.94
2037.34, 1241.32
2037.52, 1241.7
2037.69, 1242.09
2037.85, 1242.48
2038, 1242.88
2038.14, 1243.28
2038.28, 1243.68
2038.41, 1244.1
2038.53, 1244.51
2038.65, 1244.93
2038.76, 1245.35
2038.86, 1245.78
2038.96, 1246.21
2039.06, 1246.64
2039.15, 1247.07
2039.24, 1247.5
2039.33, 1247.94
2039.42, 1248.37
2039.51, 1248.81
2039.6, 1249.24
2039.69, 1249.68
2039.78, 1250.11
2039.88, 1250.54
2039.98, 1250.97
2040.09, 1251.4
2040.19, 1251.82
2040.31, 1252.24
2040.43, 1252.65
2040.56, 1253.06
2040.7, 1253.47
2040.85, 1253.87
2041.07, 1254.47
2041.19, 1254.88
2041.32, 1255.28
2041.46, 1255.67
2041.61, 1256.07
2041.76, 1256.46
2041.93, 1256.84
2042.1, 1257.23
2042.27, 1257.61
2042.45, 1257.99
2042.63, 1258.37

waypoints
x, y
2034.3, 1236.04
2034.29, 1236.02
2034.29, 1236.02
2034.31, 1236.06
2034.36, 1236.13
2034.43, 1236.25
2034.52, 1236.4
2034.63, 1236.59
2034.77, 1236.81
2034.92, 1237.07
2035.1, 1237.36
2035.3, 1237.68
2035.5, 1238.02
2035.72, 1238.38
2035.93, 1238.74
2036.15, 1239.1
2036.36, 1239.46
2036.57, 1239.83
2036.77, 1240.19
2036.97, 1240.56
2037.16, 1240.94
2037.34, 1241.32
2037.52, 1241.7
2037.69, 1242.09
2037.85, 1242.48
2038, 1242.88
2038.14, 1243.28
2038.28, 1243.68
2038.41, 1244.1
2038.53, 1244.51
2038.65, 1244.93
2038.76, 1245.35
2038.86, 1245.78
2038.96, 1246.21
2039.06, 1246.64
2039.15, 1247.07
2039.24, 1247.5
2039.33, 1247.94
2039.42, 1248.37
2039.51, 1248.81
2039.6, 1249.24
2039.69, 1249.68
2039.78, 1250.11
2039.88, 1250.54
2039.98, 1250.97
2040.09, 1251.4
2040.19, 1251.82
2040.31, 1252.24
2040.43, 1252.65
2040.56, 1253.06
2040.7, 1253.47
2040.85, 1253.87
2041.07, 1254.47
2041.19, 1254.88
2041.32, 1255.28
2041.46, 1255.67
2041.61, 1256.07
2041.76, 1256.46
2041.93, 1256.84
2042.1, 1257.23
2042.27, 1257.61
2042.45, 1257.99
2042.63, 1258.37

waypoints
x, y
2034.36, 1236.13
2034.43, 1236.25
2034.52, 1236.4
2034.63, 1236.59
2034.77, 1236.81
2034.92, 1237.07
2035.1, 1237.36
2035.3, 1237.68
2035.5, 1238.02
2035.72, 1238.38
2035.93, 1238.74
2036.15, 1239.1
2036.36, 1239.46
2036.57, 1239.83
2036.77, 1240.19
2036.97, 1240.56
2037.16, 1240.94
2037.34, 1241.32
2037.52, 1241.7
2037.69, 1242.09
2037.85, 1242.48
2038, 1242.88
2038.14, 1243.28
2038.28, 1243.68
2038.41, 1244.1
2038.53, 1244.51
2038.65, 1244.93
2038.76, 1245.35
2038.86, 1245.78
2038.96, 1246.21
2039.06, 1246.64
2039.15, 1247.07
2039.24, 1247.5
2039.33, 1247.94
2039.42, 1248.37
2039.51, 1248.81
2039.6, 1249.24
2039.69, 1249.68
2039.78, 1250.11
2039.88, 1250.54
2039.98, 1250.97
2040.09, 1251.4
2040.19, 1251.82
2040.31, 1252.24
2040.43, 1252.65
2040.56, 1253.06
2040.7, 1253.47
2040.85, 1253.87
2041.07, 1254.47
2041.19, 1254.88
2041.32, 1255.28
2041.46, 1255.67
2041.61, 1256.07
2041.76, 1256.46
2041.93, 1256.84
2042.1, 1257.23
2042.27, 1257.61
2042.45, 1257.99
2042.63, 1258.37

waypoints
x, y
2034.63, 1236.59
2034.77, 1236.81
2034.92, 1237.07
2035.1, 1237.36
2035.3, 1237.68
2035.5, 1238.02
2035.72, 1238.38
2035.93, 1238.74
2036.15, 1239.1
2036.36, 1239.46
2036.57, 1239.83
2036.77, 1240.19
2036.97, 1240.56
2037.16, 1240.94
2037.34, 1241.32
2037.52, 1241.7
2037.69, 1242.09
2037.85, 1242.48
2038, 1242.88
2038.14, 1243.28
2038.28, 1243.68
2038.41, 1244.1
2038.53, 1244.51
2038.65, 1244.93
2038.76, 1245.35
2038.86, 1245.78
2038.96, 1246.21
2039.06, 1246.64
2039.15, 1247.07
2039.24, 1247.5
2039.33, 1247.94
2039.42, 1248.37
2039.51, 1248.81
2039.6, 1249.24
2039.69, 1249.68
2039.78, 1250.11
2039.88, 1250.54
2039.98, 1250.97
2040.09, 1251.4
2040.19, 1251.82
2040.31, 1252.24
2040.43, 1252.65
2040.56, 1253.06
2040.7, 1253.47
2040.85, 1253.87
2041.07, 1254.47
2041.19, 1254.88
2041.32, 1255.28
2041.46, 1255.67
2041.61, 1256.07
2041.76, 1256.46
2041.93, 1256.84
2042.1, 1257.23
2042.27, 1257.61
2042.45, 1257.99
2042.63, 1258.37

waypoints
x, y
2035.1, 1237.36
2035.3, 1237.68
2035.5, 1238.02
2035.72, 1238.38
2035.93, 1238.74
2036.15, 1239.1
2036.36, 1239.46
2036.57, 1239.83
2036.77, 1240.19
2036.97, 1240.56
2037.16, 1240.94
2037.34, 1241.32
2037.52, 1241.7
2037.69, 1242.09
2037.85, 1242.48
2038, 1242.88
2038.14, 1243.28
2038.28, 1243.68
2038.41, 1244.1
2038.53, 1244.51
2038.65, 1244.93
2038.76, 1245.35
2038.86, 1245.78
2038.96, 1246.21
2039.06, 1246.64
2039.15, 1247.07
2039.24, 1247.5
2039.33, 1247.94
2039.42, 1248.37
2039.51, 1248.81
2039.6, 1249.24
2039.69, 1249.68
2039.78, 1250.11
2039.88, 1250.54
2039.98, 1250.97
2040.09, 1251.4
2040.19, 1251.82
2040.31, 1252.24
2040.43, 1252.65
2040.56, 1253.06
2040.7, 1253.47
2040.85, 1253.87
2041.07, 1254.47
2041.19, 1254.88
2041.32, 1255.28
2041.46, 1255.67
2041.61, 1256.07
2041.76, 1256.46
2041.93, 1256.84
2042.1, 1257.23
2042.27, 1257.61
2042.45, 1257.99
2042.63, 1258.37

waypoints
x, y
2035.93, 1238.74
2036.15, 1239.1
2036.36, 1239.46
2036.57, 1239.83
2036.77, 1240.19
2036.97, 1240.56
2037.16, 1240.94
2037.34, 1241.32
2037.52, 1241.7
2037.69, 1242.09
2037.85, 1242.48
2038, 1242.88
2038.14, 1243.28
2038.28, 1243.68
2038.41, 1244.1
2038.53, 1244.51
2038.65, 1244.93
2038.76, 1245.35
2038.86, 1245.78
2038.96, 1246.21
2039.06, 1246.64
2039.15, 1247.07
2039.24, 1247.5
2039.33, 1247.94
2039.42, 1248.37
2039.51, 1248.81
2039.6, 1249.24
2039.69, 1249.68
2039.78, 1250.11
2039.88, 1250.54
2039.98, 1250.97
2040.09, 1251.4
2040.19, 1251.82
2040.31, 1252.24
2040.43, 1252.65
2040.56, 1253.06
2040.7, 1253.47
2040.85, 1253.87
2041.07, 1254.47
2041.19, 1254.88
2041.32, 1255.28
2041.46, 1255.67
2041.61, 1256.07
2041.76, 1256.46
2041.93, 1256.84
2042.1, 1257.23
2042.27, 1257.61
2042.45, 1257.99
2042.63, 1258.37
2042.5, 1259.08
2042.68, 1259.45
2042.86, 1259.83
2043.05, 1260.21
2043.23, 1260.59
2043.42, 1260.97
2043.61, 1261.34
2043.8, 1261.72
2043.99, 1262.1
2044.18, 1262.48
2044.37, 1262.86
2044.56, 1263.24
2044.76, 1263.62
2044.95, 1264
2045.15, 1264.38
2045.35, 1264.76
2045.55, 1265.14
2045.75, 1265.53
2045.95, 1265.91
2046.15, 1266.29
2046.35, 1266.68
2046.56, 1267.06
2046.76, 1267.44
2046.96, 1267.83
2047.17, 1268.21
2047.37, 1268.6
2047.58, 1268.98
2047.78, 1269.37
2047.99, 1269.75
2048.19, 1270.14
2048.39, 1270.53
2048.6, 1270.91
2048.8, 1271.3
2049, 1271.68
2049.2, 1272.07
2049.4, 1272.46
2049.6, 1272.85
2049.8, 1273.23
2050, 1273.62
2050.19, 1274.01
2050.39, 1274.39
2050.58, 1274.78
2050.77, 1275.17
2050.96, 1275.56
2051.15, 1275.94
2051.34, 1276.33
2051.53, 1276.72
2051.72, 1277.11
2051.91, 1277.49

waypoints
x, y
2036.57, 1239.83
2036.77, 1240.19
2036.97, 1240.56
2037.16, 1240.94
2037.34, 1241.32
2037.52, 1241.7
2037.69, 1242.09
2037.85, 1242.48
2038, 1242.88
2038.14, 1243.28
2038.28, 1243.68
2038.41, 1244.1
2038.53, 1244.51
2038.65, 1244.93
2038.76, 1245.35
2038.86, 1245.78
2038.96, 1246.21
2039.06, 1246.64
2039.15, 1247.07
2039.24, 1247.5
2039.33, 1247.94
2039.42, 1248.37
2039.51, 1248.81
2039.6, 1249.24
2039.69, 1249.68
2039.78, 1250.11
2039.88, 1250.54
2039.98, 1250.97
2040.09, 1251.4
2040.19, 1251.82
2040.31, 1252.24
2040.43, 1252.65
2040.56, 1253.06
2040.7, 1253.47
2040.85, 1253.87
2041.07, 1254.47
2041.19, 1254.88
2041.32, 1255.28
2041.46, 1255.67
2041.61, 1256.07
2041.76, 1256.46
2041.93, 1256.84
2042.1, 1257.23
2042.27, 1257.61
2042.45, 1257.99
2042.63, 1258.37
2042.5, 1259.08
2042.68, 1259.45
2042.87, 1259.83
2043.05, 1260.21
2043.23, 1260.59
2043.42, 1260.96
2043.61, 1261.34
2043.8, 1261.72
2043.99, 1262.1
2044.18, 1262.48
2044.37, 1262.86
2044.56, 1263.24
2044.76, 1263.62
2044.95, 1264
2045.15, 1264.38
2045.35, 1264.76
2045.55, 1265.14
2045.75, 1265.53
2045.95, 1265.91
2046.15, 1266.29
2046.35, 1266.68
2046.56, 1267.06
2046.76, 1267.44
2046.96, 1267.83
2047.17, 1268.21
2047.37, 1268.6
2047.58, 1268.98
2047.78, 1269.37
2047.99, 1269.75
2048.19, 1270.14
2048.39, 1270.53
2048.6, 1270.91
2048.8, 1271.3
2049, 1271.68
2049.2, 1272.07
2049.4, 1272.46
2049.6, 1272.85
2049.8, 1273.23
2049.99, 1273.62
2050.19, 1274.01
2050.39, 1274.39
2050.58, 1274.78
2050.77, 1275.17
2050.96, 1275.56
2051.16, 1275.94
2051.34, 1276.33
2051.53, 1276.72
2051.72, 1277.11
2051.91, 1277.49

waypoints
x, y
2037.34, 1241.32
2037.52, 1241.7
2037.69, 1242.09
2037.85, 1242.48
2038, 1242.88
2038.14, 1243.28
2038.28, 1243.68
2038.41, 1244.1
2038.53, 1244.51
2038.65, 1244.93
2038.76, 1245.35
2038.86, 1245.78
2038.96, 1246.21
2039.06, 1246.64
2039.15, 1247.07
2039.24, 1247.5
2039.33, 1247.94
2039.42, 1248.37
2039.51, 1248.81
2039.6, 1249.24
2039.69, 1249.68
2039.78, 1250.11
2039.88, 1250.54
2039.98, 1250.97
2040.09, 1251.4
2040.19, 1251.82
2040.31, 1252.24
2040.43, 1252.65
2040.56, 1253.06
2040.7, 1253.47
2040.85, 1253.87
2041.07, 1254.47
2041.19, 1254.88
2041.32, 1255.28
2041.46, 1255.67
2041.61, 1256.07
2041.76, 1256.46
2041.93, 1256.84
2042.1, 1257.23
2042.27, 1257.61
2042.45, 1257.99
2042.63, 1258.37
2042.5, 1259.08
2042.68, 1259.45
2042.87, 1259.83
2043.05, 1260.21
2043.23, 1260.59
2043.42, 1260.96
2043.61, 1261.34
2043.8, 1261.72
2043.99, 1262.1
2044.18, 1262.48
2044.37, 1262.86
2044.56, 1263.24
2044.76, 1263.62
2044.95, 1264
2045.15, 1264.38
2045.35, 1264.76
2045.55, 1265.14
2045.75, 1265.53
2045.95, 1265.91
2046.15, 1266.29
2046.35, 1266.68
2046.56, 1267.06
2046.76, 1267.44
2046.96, 1267.83
2047.17, 1268.21
2047.37, 1268.6
2047.58, 1268.98
2047.78, 1269.37
2047.99, 1269.75
2048.19, 1270.14
2048.39, 1270.53
2048.6, 1270.91
2048.8, 1271.3
2049, 1271.68
2049.2, 1272.07
2049.4, 1272.46
2049.6, 1272.85
2049.8, 1273.23
2049.99, 1273.62
2050.19, 1274.01
2050.39, 1274.39
2050.58, 1274.78
2050.77, 1275.17
2050.96, 1275.56
2051.16, 1275.94
2051.34, 1276.33
2051.53, 1276.72
2051.72, 1277.11
2051.91, 1277.49

waypoints
x, y
2037.85, 1242.48
2038, 1242.88
2038.14, 1243.28
2038.28, 1243.68
2038.41, 1244.1
2038.53, 1244.51
2038.65, 1244.93
2038.76, 1245.35
2038.86, 1245.78
2038.96, 1246.21
2039.06, 1246.64
2039.15, 1247.07
2039.24, 1247.5
2039.33, 1247.94
2039.42, 1248.37
2039.51, 1248.81
2039.6, 1249.24
2039.69, 1249.68
2039.78, 1250.11
2039.88, 1250.54
2039.98, 1250.97
2040.09, 1251.4
2040.19, 1251.82
2040.31, 1252.24
2040.43, 1252.65
2040.56, 1253.06
2040.7, 1253.47
2040.85, 1253.87
2041.07, 1254.47
2041.19, 1254.88
2041.32, 1255.28
2041.46, 1255.67
2041.61, 1256.07
2041.76, 1256.46
2041.93, 1256.84
2042.1, 1257.23
2042.27, 1257.61
2042.45, 1257.99
2042.63, 1258.37
2042.5, 1259.08
2042.68, 1259.45
2042.87, 1259.83
2043.05, 1260.21
2043.23, 1260.59
2043.42, 1260.96
2043.61, 1261.34
2043.8, 1261.72
2043.99, 1262.1
2044.18, 1262.48
2044.37, 1262.86
2044.56, 1263.24
2044.76, 1263.62
2044.95, 1264
2045.15, 1264.38
2045.35, 1264.76
2045.55, 1265.14
2045.75, 1265.53
2045.95, 1265.91
2046.15, 1266.29
2046.35, 1266.68
2046.56, 1267.06
2046.76, 1267.44
2046.96, 1267.83
2047.17, 1268.21
2047.37, 1268.6
2047.58, 1268.98
2047.78, 1269.37
2047.99, 1269.75
2048.19, 1270.14
2048.39, 1270.53
2048.6, 1270.91
2048.8, 1271.3
2049, 1271.68
2049.2, 1272.07
2049.4, 1272.46
2049.6, 1272.85
2049.8, 1273.23
2049.99, 1273.62
2050.19, 1274.01
2050.39, 1274.39
2050.58, 1274.78
2050.77, 1275.17
2050.96, 1275.56
2051.16, 1275.94
2051.34, 1276.33
2051.53, 1276.72
2051.72, 1277.11
2051.91, 1277.49

waypoints
x, y
2038.41, 1244.1
2038.53, 1244.51
2038.65, 1244.93
2038.76, 1245.35
2038.86, 1245.78
2038.96, 1246.21
2039.06, 1246.64
2039.15, 1247.07
2039.24, 1247.5
2039.33, 1247.94
2039.42, 1248.37
2039.51, 1248.81
2039.6, 1249.24
2039.69, 1249.68
2039.78, 1250.11
2039.88, 1250.54
2039.98, 1250.97
2040.09, 1251.4
2040.19, 1251.82
2040.31, 1252.24
2040.43, 1252.65
2040.56, 1253.06
2040.7, 1253.47
2040.85, 1253.87
2041.07, 1254.47
2041.19, 1254.88
2041.32, 1255.28
2041.46, 1255.67
2041.61, 1256.07
2041.76, 1256.46
2041.93, 1256.84
2042.1, 1257.23
2042.27, 1257.61
2042.45, 1257.99
2042.63, 1258.37
2042.5, 1259.08
2042.68, 1259.45
2042.87, 1259.83
2043.05, 1260.21
2043.23, 1260.59
2043.42, 1260.96
2043.61, 1261.34
2043.8, 1261.72
2043.99, 1262.1
2044.18, 1262.48
2044.37, 1262.86
2044.56, 1263.24
2044.76, 1263.62
2044.95, 1264
2045.15, 1264.38
2045.35, 1264.76
2045.55, 1265.14
2045.75, 1265.53
2045.95, 1265.91
2046.15, 1266.29
2046.35, 1266.68
2046.56, 1267.06
2046.76, 1267.44
2046.96, 1267.83
2047.17, 1268.21
2047.37, 1268.6
2047.58, 1268.98
2047.78, 1269.37
2047.99, 1269.75
2048.19, 1270.14
2048.39, 1270.53
2048.6, 1270.91
2048.8, 1271.3
2049, 1271.68
2049.2, 1272.07
2049.4, 1272.46
2049.6, 1272.85
2049.8, 1273.23
2049.99, 1273.62
2050.19, 1274.01
2050.39, 1274.39
2050.58, 1274.78
2050.77, 1275.17
2050.96, 1275.56
2051.16, 1275.94
2051.34, 1276.33
2051.53, 1276.72
2051.72, 1277.11
2051.91, 1277.49

waypoints
x, y
2038.76, 1245.35
2038.86, 1245.78
2038.96, 1246.21
2039.06, 1246.64
2039.15, 1247.07
2039.24, 1247.5
2039.33, 1247.94
2039.42, 1248.37
2039.51, 1248.81
2039.6, 1249.24
2039.69, 1249.68
2039.78, 1250.11
2039.88, 1250.54
2039.98, 1250.97
2040.09, 1251.4
2040.19, 1251.82
2040.31, 1252.24
2040.43, 1252.65
2040.56, 1253.06
2040.7, 1253.47
2040.85, 1253.87
2041.07, 1254.47
2041.19, 1254.88
2041.32, 1255.28
2041.46, 1255.67
2041.61, 1256.07
2041.76, 1256.46
2041.93, 1256.84
2042.1, 1257.23
2042.27, 1257.61
2042.45, 1257.99
2042.63, 1258.37
2042.5, 1259.08
2042.68, 1259.45
2042.87, 1259.83
2043.05, 1260.21
2043.23, 1260.59
2043.42, 1260.96
2043.61, 1261.34
2043.8, 1261.72
2043.99, 1262.1
2044.18, 1262.48
2044.37, 1262.86
2044.56, 1263.24
2044.76, 1263.62
2044.95, 1264
2045.15, 1264.38
2045.35, 1264.76
2045.55, 1265.14
2045.75, 1265.53
2045.95, 1265.91
2046.15, 1266.29
2046.35, 1266.68
2046.56, 1267.06
2046.76, 1267.44
2046.96, 1267.83
2047.17, 1268.21
2047.37, 1268.6
2047.58, 1268.98
2047.78, 1269.37
2047.99, 1269.75
2048.19, 1270.14
2048.39, 1270.53
2048.6, 1270.91
2048.8, 1271.3
2049, 1271.68
2049.2, 1272.07
2049.4, 1272.46
2049.6, 1272.85
2049.8, 1273.23
2049.99, 1273.62
2050.19, 1274.01
2050.39, 1274.39
2050.58, 1274.78
2050.77, 1275.17
2050.96, 1275.56
2051.16, 1275.94
2051.34, 1276.33
2051.53, 1276.72
2051.72, 1277.11
2051.91, 1277.49

waypoints
x, y
2039.06, 1246.64
2039.15, 1247.07
2039.24, 1247.5
2039.33, 1247.94
2039.42, 1248.37
2039.51, 1248.81
2039.6, 1249.24
2039.69, 1249.68
2039.78, 1250.11
2039.88, 1250.54
2039.98, 1250.97
2040.09, 1251.4
2040.19, 1251.82
2040.31, 1252.24
2040.43, 1252.65
2040.56, 1253.06
2040.7, 1253.47
2040.85, 1253.87
2041.07, 1254.47
2041.19, 1254.88
2041.32, 1255.28
2041.46, 1255.67
2041.61, 1256.07
2041.76, 1256.46
2041.93, 1256.84
2042.1, 1257.23
2042.27, 1257.61
2042.45, 1257.99
2042.63, 1258.37
2042.5, 1259.08
2042.68, 1259.45
2042.87, 1259.83
2043.05, 1260.21
2043.23, 1260.59
2043.42, 1260.96
2043.61, 1261.34
2043.8, 1261.72
2043.99, 1262.1
2044.18, 1262.48
2044.37, 1262.86
2044.56, 1263.24
2044.76, 1263.62
2044.95, 1264
2045.15, 1264.38
2045.35, 1264.76
2045.55, 1265.14
2045.75, 1265.53
2045.95, 1265.91
2046.15, 1266.29
2046.35, 1266.68
2046.56, 1267.06
2046.76, 1267.44
2046.96, 1267.83
2047.17, 1268.21
2047.37, 1268.6
2047.58, 1268.98
2047.78, 1269.37
2047.99, 1269.75
2048.19, 1270.14
2048.39, 1270.53
2048.6, 1270.91
2048.8, 1271.3
2049, 1271.68
2049.2, 1272.07
2049.4, 1272.46
2049.6, 1272.85
2049.8, 1273.23
2049.99, 1273.62
2050.19, 1274.01
2050.39, 1274.39
2050.58, 1274.78
2050.77, 1275.17
2050.96, 1275.56
2051.16, 1275.94
2051.34, 1276.33
2051.53, 1276.72
2051.72, 1277.11
2051.91, 1277.49

waypoints
x, y
2039.42, 1248.37
2039.51, 1248.81
2039.6, 1249.24
2039.69, 1249.68
2039.78, 1250.11
2039.88, 1250.54
2039.98, 1250.97
2040.09, 1251.4
2040.19, 1251.82
2040.31, 1252.24
2040.43, 1252.65
2040.56, 1253.06
2040.7, 1253.47
2040.85, 1253.87
2041.07, 1254.47
2041.19, 1254.88
2041.32, 1255.28
2041.46, 1255.67
2041.61, 1256.07
2041.76, 1256.46
2041.93, 1256.84
2042.1, 1257.23
2042.27, 1257.61
2042.45, 1257.99
2042.63, 1258.37
2042.5, 1259.08
2042.68, 1259.45
2042.87, 1259.83
2043.05, 1260.21
2043.23, 1260.59
2043.42, 1260.96
2043.61, 1261.34
2043.8, 1261.72
2043.99, 1262.1
2044.18, 1262.48
2044.37, 1262.86
2044.56, 1263.24
2044.76, 1263.62
2044.95, 1264
2045.15, 1264.38
2045.35, 1264.76
2045.55, 1265.14
2045.75, 1265.53
2045.95, 1265.91
2046.15, 1266.29
2046.35, 1266.68
2046.56, 1267.06
2046.76, 1267.44
2046.96, 1267.83
2047.17, 1268.21
2047.37, 1268.6
2047.58, 1268.98
2047.78, 1269.37
2047.99, 1269.75
2048.19, 1270.14
2048.39, 1270.53
2048.6, 1270.91
2048.8, 1271.3
2049, 1271.68
2049.2, 1272.07
2049.4, 1272.46
2049.6, 1272.85
2049.8, 1273.23
2049.99, 1273.62
2050.19, 1274.01
2050.39, 1274.39
2050.58, 1274.78
2050.77, 1275.17
2050.96, 1275.56
2051.16, 1275.94
2051.34, 1276.33
2051.53, 1276.72
2051.72, 1277.11
2051.91, 1277.49

waypoints
x, y
2039.78, 1250.11
2039.88, 1250.54
2039.98, 1250.97
2040.09, 1251.4
2040.19, 1251.82
2040.31, 1252.24
2040.43, 1252.65
2040.56, 1253.06
2040.7, 1253.47
2040.85, 1253.87
2041.07, 1254.47
2041.19, 1254.88
2041.32, 1255.28
2041.46, 1255.67
2041.61, 1256.07
2041.76, 1256.46
2041.93, 1256.84
2042.1, 1257.23
2042.27, 1257.61
2042.45, 1257.99
2042.63, 1258.37
2042.5, 1259.08
2042.68, 1259.45
2042.87, 1259.83
2043.05, 1260.21
2043.23, 1260.59
2043.42, 1260.96
2043.61, 1261.34
2043.8, 1261.72
2043.99, 1262.1
2044.18, 1262.48
2044.37, 1262.86
2044.56, 1263.24
2044.76, 1263.62
2044.95, 1264
2045.15, 1264.38
2045.35, 1264.76
2045.55, 1265.14
2045.75, 1265.53
2045.95, 1265.91
2046.15, 1266.29
2046.35, 1266.68
2046.56, 1267.06
2046.76, 1267.44
2046.96, 1267.83
2047.17, 1268.21
2047.37, 1268.6
2047.58, 1268.98
2047.78, 1269.37
2047.99, 1269.75
2048.19, 1270.14
2048.39, 1270.53
2048.6, 1270.91
2048.8, 1271.3
2049, 1271.68
2049.2, 1272.07
2049.4, 1272.46
2049.6, 1272.85
2049.8, 1273.23
2049.99, 1273.62
2050.19, 1274.01
2050.39, 1274.39
2050.58, 1274.78
2050.77, 1275.17
2050.96, 1275.56
2051.16, 1275.94
2051.34, 1276.33
2051.53, 1276.72
2051.72, 1277.11
2051.91, 1277.49

waypoints
x, y
2040.09, 1251.4
2040.19, 1251.82
2040.31, 1252.24
2040.43, 1252.65
2040.56, 1253.06
2040.7, 1253.47
2040.85, 1253.87
2041.07, 1254.47
2041.19, 1254.88
2041.32, 1255.28
2041.46, 1255.67
2041.61, 1256.07
2041.76, 1256.46
2041.93, 1256.84
2042.1, 1257.23
2042.27, 1257.61
2042.45, 1257.99
2042.63, 1258.37
2042.5, 1259.08
2042.68, 1259.45
2042.87, 1259.83
2043.05, 1260.21
2043.23, 1260.59
2043.42, 1260.96
2043.61, 1261.34
2043.8, 1261.72
2043.99, 1262.1
2044.18, 1262.48
2044.37, 1262.86
2044.56, 1263.24
2044.76, 1263.62
2044.95, 1264
2045.15, 1264.38
2045.35, 1264.76
2045.55, 1265.14
2045.75, 1265.53
2045.95, 1265.91
2046.15, 1266.29
2046.35, 1266.68
2046.56, 1267.06
2046.76, 1267.44
2046.96, 1267.83
2047.17, 1268.21
2047.37, 1268.6
2047.58, 1268.98
2047.78, 1269.37
2047.99, 1269.75
2048.19, 1270.14
2048.39, 1270.53
2048.6, 1270.91
2048.8, 1271.3
2049, 1271.68
2049.2, 1272.07
2049.4, 1272.46
2049.6, 1272.85
2049.8, 1273.23
2049.99, 1273.62
2050.19, 1274.01
2050.39, 1274.39
2050.58, 1274.78
2050.77, 1275.17
2050.96, 1275.56
2051.16, 1275.94
2051.34, 1276.33
2051.53, 1276.72
2051.72, 1277.11
2051.91, 1277.49

waypoints
x, y
2040.56, 1253.06
2040.7, 1253.47
2040.85, 1253.87
2041.07, 1254.47
2041.19, 1254.88
2041.32, 1255.28
2041.46, 1255.67
2041.61, 1256.07
2041.76, 1256.46
2041.93, 1256.84
2042.1, 1257.23
2042.27, 1257.61
2042.45, 1257.99
2042.63, 1258.37
2042.5, 1259.08
2042.68, 1259.45
2042.87, 1259.83
2043.05, 1260.21
2043.23, 1260.59
2043.42, 1260.96
2043.61, 1261.34
2043.8, 1261.72
2043.99, 1262.1
2044.18, 1262.48
2044.37, 1262.86
2044.56, 1263.24
2044.76, 1263.62
2044.95, 1264
2045.15, 1264.38
2045.35, 1264.76
2045.55, 1265.14
2045.75, 1265.53
2045.95, 1265.91
2046.15, 1266.29
2046.35, 1266.68
2046.56, 1267.06
2046.76, 1267.44
2046.96, 1267.83
2047.17, 1268.21
2047.37, 1268.6
2047.58, 1268.98
2047.78, 1269.37
2047.99, 1269.75
2048.19, 1270.14
2048.39, 1270.53
2048.6, 1270.91
2048.8, 1271.3
2049, 1271.68
2049.2, 1272.07
2049.4, 1272.46
2049.6, 1272.85
2049.8, 1273.23
2049.99, 1273.62
2050.19, 1274.01
2050.39, 1274.39
2050.58, 1274.78
2050.77, 1275.17
2050.96, 1275.56
2051.16, 1275.94
2051.34, 1276.33
2051.53, 1276.72
2051.72, 1277.11
2051.91, 1277.49

waypoints
x, y
2041.19, 1254.88
2041.32, 1255.28
2041.46, 1255.67
2041.61, 1256.07
2041.76, 1256.46
2041.93, 1256.84
2042.1, 1257.23
2042.27, 1257.61
2042.45, 1257.99
2042.63, 1258.37
2042.5, 1259.08
2042.68, 1259.45
2042.87, 1259.83
2043.05, 1260.21
2043.23, 1260.59
2043.42, 1260.96
2043.61, 1261.34
2043.8, 1261.72
2043.99, 1262.1
2044.18, 1262.48
2044.37, 1262.86
2044.56, 1263.24
2044.76, 1263.62
2044.95, 1264
2045.15, 1264.38
2045.35, 1264.76
2045.55, 1265.14
2045.75, 1265.53
2045.95, 1265.91
2046.15, 1266.29
2046.35, 1266.68
2046.56, 1267.06
2046.76, 1267.44
2046.96, 1267.83
2047.17, 1268.21
2047.37, 1268.6
2047.58, 1268.98
2047.78, 1269.37
2047.99, 1269.75
2048.19, 1270.14
2048.39, 1270.53
2048.6, 1270.91
2048.8, 1271.3
2049, 1271.68
2049.2, 1272.07
2049.4, 1272.46
2049.6, 1272.85
2049.8, 1273.23
2049.99, 1273.62
2050.19, 1274.01
2050.39, 1274.39
2050.58, 1274.78
2050.77, 1275.17
2050.96, 1275.56
2051.16, 1275.94
2051.34, 1276.33
2051.53, 1276.72
2051.72, 1277.11
2051.91, 1277.49

waypoints
x, y
2041.61, 1256.07
2041.76, 1256.46
2041.93, 1256.84
2042.1, 1257.23
2042.27, 1257.61
2042.45, 1257.99
2042.63, 1258.37
2042.5, 1259.08
2042.68, 1259.45
2042.87, 1259.83
2043.05, 1260.21
2043.23, 1260.59
2043.42, 1260.96
2043.61, 1261.34
2043.8, 1261.72
2043.99, 1262.1
2044.18, 1262.48
2044.37, 1262.86
2044.56, 1263.24
2044.76, 1263.62
2044.95, 1264
2045.15, 1264.38
2045.35, 1264.76
2045.55, 1265.14
2045.75, 1265.53
2045.95, 1265.91
2046.15, 1266.29
2046.35, 1266.68
2046.56, 1267.06
2046.76, 1267.44
2046.96, 1267.83
2047.17, 1268.21
2047.37, 1268.6
2047.58, 1268.98
2047.78, 1269.37
2047.99, 1269.75
2048.19, 1270.14
2048.39, 1270.53
2048.6, 1270.91
2048.8, 1271.3
2049, 1271.68
2049.2, 1272.07
2049.4, 1272.46
2049.6, 1272.85
2049.8, 1273.23
2049.99, 1273.62
2050.19, 1274.01
2050.39, 1274.39
2050.58, 1274.78
2050.77, 1275.17
2050.96, 1275.56
2051.16, 1275.94
2051.34, 1276.33
2051.53, 1276.72
2051.72, 1277.11
2051.91, 1277.49

waypoints
x, y
2042.27, 1257.61
2042.45, 1257.99
2042.63, 1258.37
2042.5, 1259.08
2042.68, 1259.45
2042.87, 1259.83
2043.05, 1260.21
2043.23, 1260.59
2043.42, 1260.96
2043.61, 1261.34
2043.8, 1261.72
2043.99, 1262.1
2044.18, 1262.48
2044.37, 1262.86
2044.56, 1263.24
2044.76, 1263.62
2044.95, 1264
2045.15, 1264.38
2045.35, 1264.76
2045.55, 1265.14
2045.75, 1265.53
2045.95, 1265.91
2046.15, 1266.29
2046.35, 1266.68
2046.56, 1267.06
2046.76, 1267.44
2046.96, 1267.83
2047.17, 1268.21
2047.37, 1268.6
2047.58, 1268.98
2047.78, 1269.37
2047.99, 1269.75
2048.19, 1270.14
2048.39, 1270.53
2048.6, 1270.91
2048.8, 1271.3
2049, 1271.68
2049.2, 1272.07
2049.4, 1272.46
2049.6, 1272.85
2049.8, 1273.23
2049.99, 1273.62
2050.19, 1274.01
2050.39, 1274.39
2050.58, 1274.78
2050.77, 1275.17
2050.96, 1275.56
2051.16, 1275.94
2051.34, 1276.33
2051.53, 1276.72
2051.72, 1277.11
2051.91, 1277.49

waypoints
x, y
2042.68, 1259.45
2042.87, 1259.83
2043.05, 1260.21
2043.23, 1260.59
2043.42, 1260.96
2043.61, 1261.34
2043.8, 1261.72
2043.99, 1262.1
2044.18, 1262.48
2044.37, 1262.86
2044.56, 1263.24
2044.76, 1263.62
2044.95, 1264
2045.15, 1264.38
2045.35, 1264.76
2045.55, 1265.14
2045.75, 1265.53
2045.95, 1265.91
2046.15, 1266.29
2046.35, 1266.68
2046.56, 1267.06
2046.76, 1267.44
2046.96, 1267.83
2047.17, 1268.21
2047.37, 1268.6
2047.58, 1268.98
2047.78, 1269.37
2047.99, 1269.75
2048.19, 1270.14
2048.39, 1270.53
2048.6, 1270.91
2048.8, 1271.3
2049, 1271.68
2049.2, 1272.07
2049.4, 1272.46
2049.6, 1272.85
2049.8, 1273.23
2049.99, 1273.62
2050.19, 1274.01
2050.39, 1274.39
2050.58, 1274.78
2050.77, 1275.17
2050.96, 1275.56
2051.16, 1275.94
2051.34, 1276.33
2051.53, 1276.72
2051.72, 1277.11
2051.91, 1277.49
2052.23, 1278.14
2052.54, 1278.79
2052.85, 1279.43
2053.16, 1280.06
2053.46, 1280.68
2053.75, 1281.28
2054.03, 1281.87
2054.31, 1282.44
2054.58, 1282.99
2054.83, 1283.51
2055.13, 1284.19
2055.32, 1284.69
2055.51, 1285.17
2055.69, 1285.64
2055.86, 1286.07
2056.02, 1286.49
2056.17, 1286.89
2056.32, 1287.27
2056.45, 1287.63
2056.59, 1287.97
2056.71, 1288.3
2056.83, 1288.61
2056.95, 1288.9
2057.06, 1289.19
2057.16, 1289.47
2057.27, 1289.73
2057.37, 1289.99
2057.46, 1290.25
2057.56, 1290.5
2057.66, 1290.75
2057.75, 1291
2057.85, 1291.26
2057.95, 1291.51
2058.05, 1291.77
2058.15, 1292.04
2058.26, 1292.31
2058.37, 1292.59
2058.48, 1292.88
2058.59, 1293.18
2058.71, 1293.49
2058.84, 1293.81
2058.96, 1294.14
2059.1, 1294.49
2059.23, 1294.84
2059.37, 1295.2
2059.52, 1295.58
2059.66, 1295.96
2059.81, 1296.34
2059.96, 1296.73

waypoints
x, y
2043.23, 1260.59
2043.42, 1260.96
2043.61, 1261.34
2043.8, 1261.72
2043.99, 1262.1
2044.18, 1262.48
2044.37, 1262.86
2044.56, 1263.24
2044.76, 1263.62
2044.95, 1264
2045.15, 1264.38
2045.35, 1264.76
2045.55, 1265.14
2045.75, 1265.53
2045.95, 1265.91
2046.15, 1266.29
2046.35, 1266.68
2046.56, 1267.06
2046.76, 1267.44
2046.96, 1267.83
2047.17, 1268.21
2047.37, 1268.6
2047.58, 1268.98
2047.78, 1269.37
2047.99, 1269.75
2048.19, 1270.14
2048.39, 1270.53
2048.6, 1270.91
2048.8, 1271.3
2049, 1271.68
2049.2, 1272.07
2049.4, 1272.46
2049.6, 1272.85
2049.8, 1273.23
2049.99, 1273.62
2050.19, 1274.01
2050.39, 1274.39
2050.58, 1274.78
2050.77, 1275.17
2050.96, 1275.56
2051.16, 1275.94
2051.34, 1276.33
2051.53, 1276.72
2051.72, 1277.11
2051.91, 1277.49
2052.23, 1278.14
2052.54, 1278.79
2052.85, 1279.43
2053.16, 1280.06
2053.46, 1280.68
2053.75, 1281.28
2054.03, 1281.87
2054.31, 1282.44
2054.58, 1282.98
2054.83, 1283.51
2055.13, 1284.19
2055.32, 1284.69
2055.51, 1285.17
2055.69, 1285.63
2055.86, 1286.08
2056.02, 1286.49
2056.17, 1286.89
2056.32, 1287.27
2056.45, 1287.63
2056.59, 1287.97
2056.71, 1288.3
2056.83, 1288.61
2056.95, 1288.9
2057.06, 1289.19
2057.16, 1289.47
2057.26, 1289.73
2057.37, 1289.99
2057.46, 1290.25
2057.56, 1290.5
2057.66, 1290.75
2057.76, 1291
2057.85, 1291.26
2057.95, 1291.51
2058.05, 1291.77
2058.15, 1292.04
2058.26, 1292.31
2058.37, 1292.59
2058.48, 1292.88
2058.59, 1293.18
2058.71, 1293.49
2058.84, 1293.81
2058.97, 1294.14
2059.1, 1294.49
2059.23, 1294.84
2059.37, 1295.2
2059.52, 1295.58
2059.66, 1295.96
2059.81, 1296.34
2059.96, 1296.73

waypoints
x, y
2043.99, 1262.1
2044.18, 1262.48
2044.37, 1262.86
2044.56, 1263.24
2044.76, 1263.62
2044.95, 1264
2045.15, 1264.38
2045.35, 1264.76
2045.55, 1265.14
2045.75, 1265.53
2045.95, 1265.91
2046.15, 1266.29
2046.35, 1266.68
2046.56, 1267.06
2046.76, 1267.44
2046.96, 1267.83
2047.17, 1268.21
2047.37, 1268.6
2047.58, 1268.98
2047.78, 1269.37
2047.99, 1269.75
2048.19, 1270.14
2048.39, 1270.53
2048.6, 1270.91
2048.8, 1271.3
2049, 1271.68
2049.2, 1272.07
2049.4, 1272.46
2049.6, 1272.85
2049.8, 1273.23
2049.99, 1273.62
2050.19, 1274.01
2050.39, 1274.39
2050.58, 1274.78
2050.77, 1275.17
2050.96, 1275.56
2051.16, 1275.94
2051.34, 1276.33
2051.53, 1276.72
2051.72, 1277.11
2051.91, 1277.49
2052.23, 1278.14
2052.54, 1278.79
2052.85, 1279.43
2053.16, 1280.06
2053.46, 1280.68
2053.75, 1281.28
2054.03, 1281.87
2054.31, 1282.44
2054.58, 1282.98
2054.83, 1283.51
2055.13, 1284.19
2055.32, 1284.69
2055.51, 1285.17
2055.69, 1285.63
2055.86, 1286.08
2056.02, 1286.49
2056.17, 1286.89
2056.32, 1287.27
2056.45, 1287.63
2056.59, 1287.97
2056.71, 1288.3
2056.83, 1288.61
2056.95, 1288.9
2057.06, 1289.19
2057.16, 1289.47
2057.26, 1289.73
2057.37, 1289.99
2057.46, 1290.25
2057.56, 1290.5
2057.66, 1290.75
2057.76, 1291
2057.85, 1291.26
2057.95, 1291.51
2058.05, 1291.77
2058.15, 1292.04
2058.26, 1292.31
2058.37, 1292.59
2058.48, 1292.88
2058.59, 1293.18
2058.71, 1293.49
2058.84, 1293.81
2058.97, 1294.14
2059.1, 1294.49
2059.23, 1294.84
2059.37, 1295.2
2059.52, 1295.58
2059.66, 1295.96
2059.81, 1296.34
2059.96, 1296.73

waypoints
x, y
2044.76, 1263.62
2044.95, 1264
2045.15, 1264.38
2045.35, 1264.76
2045.55, 1265.14
2045.75, 1265.53
2045.95, 1265.91
2046.15, 1266.29
2046.35, 1266.68
2046.56, 1267.06
2046.76, 1267.44
2046.96, 1267.83
2047.17, 1268.21
2047.37, 1268.6
2047.58, 1268.98
2047.78, 1269.37
2047.99, 1269.75
2048.19, 1270.14
2048.39, 1270.53
2048.6, 1270.91
2048.8, 1271.3
2049, 1271.68
2049.2, 1272.07
2049.4, 1272.46
2049.6, 1272.85
2049.8, 1273.23
2049.99, 1273.62
2050.19, 1274.01
2050.39, 1274.39
2050.58, 1274.78
2050.77, 1275.17
2050.96, 1275.56
2051.16, 1275.94
2051.34, 1276.33
2051.53, 1276.72
2051.72, 1277.11
2051.91, 1277.49
2052.23, 1278.14
2052.54, 1278.79
2052.85, 1279.43
2053.16, 1280.06
2053.46, 1280.68
2053.75, 1281.28
2054.03, 1281.87
2054.31, 1282.44
2054.58, 1282.98
2054.83, 1283.51
2055.13, 1284.19
2055.32, 1284.69
2055.51, 1285.17
2055.69, 1285.63
2055.86, 1286.08
2056.02, 1286.49
2056.17, 1286.89
2056.32, 1287.27
2056.45, 1287.63
2056.59, 1287.97
2056.71, 1288.3
2056.83, 1288.61
2056.95, 1288.9
2057.06, 1289.19
2057.16, 1289.47
2057.26, 1289.73
2057.37, 1289.99
2057.46, 1290.25
2057.56, 1290.5
2057.66, 1290.75
2057.76, 1291
2057.85, 1291.26
2057.95, 1291.51
2058.05, 1291.77
2058.15, 1292.04
2058.26, 1292.31
2058.37, 1292.59
2058.48, 1292.88
2058.59, 1293.18
2058.71, 1293.49
2058.84, 1293.81
2058.97, 1294.14
2059.1, 1294.49
2059.23, 1294.84
2059.37, 1295.2
2059.52, 1295.58
2059.66, 1295.96
2059.81, 1296.34
2059.96, 1296.73

waypoints
x, y
2045.55, 1265.14
2045.75, 1265.53
2045.95, 1265.91
2046.15, 1266.29
2046.35, 1266.68
2046.56, 1267.06
2046.76, 1267.44
2046.96, 1267.83
2047.17, 1268.21
2047.37, 1268.6
2047.58, 1268.98
2047.78, 1269.37
2047.99, 1269.75
2048.19, 1270.14
2048.39, 1270.53
2048.6, 1270.91
2048.8, 1271.3
2049, 1271.68
2049.2, 1272.07
2049.4, 1272.46
2049.6, 1272.85
2049.8, 1273.23
2049.99, 1273.62
2050.19, 1274.01
2050.39, 1274.39
2050.58, 1274.78
2050.77, 1275.17
2050.96, 1275.56
2051.16, 1275.94
2051.34, 1276.33
2051.53, 1276.72
2051.72, 1277.11
2051.91, 1277.49
2052.23, 1278.14
2052.54, 1278.79
2052.85, 1279.43
2053.16, 1280.06
2053.46, 1280.68
2053.75, 1281.28
2054.03, 1281.87
2054.31, 1282.44
2054.58, 1282.98
2054.83, 1283.51
2055.13, 1284.19
2055.32, 1284.69
2055.51, 1285.17
2055.69, 1285.63
2055.86, 1286.08
2056.02, 1286.49
2056.17, 1286.89
2056.32, 1287.27
2056.45, 1287.63
2056.59, 1287.97
2056.71, 1288.3
2056.83, 1288.61
2056.95, 1288.9
2057.06, 1289.19
2057.16, 1289.47
2057.26, 1289.73
2057.37, 1289.99
2057.46, 1290.25
2057.56, 1290.5
2057.66, 1290.75
2057.76, 1291
2057.85, 1291.26
2057.95, 1291.51
2058.05, 1291.77
2058.15, 1292.04
2058.26, 1292.31
2058.37, 1292.59
2058.48, 1292.88
2058.59, 1293.18
2058.71, 1293.49
2058.84, 1293.81
2058.97, 1294.14
2059.1, 1294.49
2059.23, 1294.84
2059.37, 1295.2
2059.52, 1295.58
2059.66, 1295.96
2059.81, 1296.34
2059.96, 1296.73

waypoints
x, y
2046.15, 1266.29
2046.35, 1266.68
2046.56, 1267.06
2046.76, 1267.44
2046.96, 1267.83
2047.17, 1268.21
2047.37, 1268.6
2047.58, 1268.98
2047.78, 1269.37
2047.99, 1269.75
2048.19, 1270.14
2048.39, 1270.53
2048.6, 1270.91
2048.8, 1271.3
2049, 1271.68
2049.2, 1272.07
2049.4, 1272.46
2049.6, 1272.85
2049.8, 1273.23
2049.99, 1273.62
2050.19, 1274.01
2050.39, 1274.39
2050.58, 1274.78
2050.77, 1275.17
2050.96, 1275.56
2051.16, 1275.94
2051.34, 1276.33
2051.53, 1276.72
2051.72, 1277.11
2051.91, 1277.49
2052.23, 1278.14
2052.54, 1278.79
2052.85, 1279.43
2053.16, 1280.06
2053.46, 1280.68
2053.75, 1281.28
2054.03, 1281.87
2054.31, 1282.44
2054.58, 1282.98
2054.83, 1283.51
2055.13, 1284.19
2055.32, 1284.69
2055.51, 1285.17
2055.69, 1285.63
2055.86, 1286.08
2056.02, 1286.49
2056.17, 1286.89
2056.32, 1287.27
2056.45, 1287.63
2056.59, 1287.97
2056.71, 1288.3
2056.83, 1288.61
2056.95, 1288.9
2057.06, 1289.19
2057.16, 1289.47
2057.26, 1289.73
2057.37, 1289.99
2057.46, 1290.25
2057.56, 1290.5
2057.66, 1290.75
2057.76, 1291
2057.85, 1291.26
2057.95, 1291.51
2058.05, 1291.77
2058.15, 1292.04
2058.26, 1292.31
2058.37, 1292.59
2058.48, 1292.88
2058.59, 1293.18
2058.71, 1293.49
2058.84, 1293.81
2058.97, 1294.14
2059.1, 1294.49
2059.23, 1294.84
2059.37, 1295.2
2059.52, 1295.58
2059.66, 1295.96
2059.81, 1296.34
2059.96, 1296.73

waypoints
x, y
2046.96, 1267.83
2047.17, 1268.21
2047.37, 1268.6
2047.58, 1268.98
2047.78, 1269.37
2047.99, 1269.75
2048.19, 1270.14
2048.39, 1270.53
2048.6, 1270.91
2048.8, 1271.3
2049, 1271.68
2049.2, 1272.07
2049.4, 1272.46
2049.6, 1272.85
2049.8, 1273.23
2049.99, 1273.62
2050.19, 1274.01
2050.39, 1274.39
2050.58, 1274.78
2050.77, 1275.17
2050.96, 1275.56
2051.16, 1275.94
2051.34, 1276.33
2051.53, 1276.72
2051.72, 1277.11
2051.91, 1277.49
2052.23, 1278.14
2052.54, 1278.79
2052.85, 1279.43
2053.16, 1280.06
2053.46, 1280.68
2053.75, 1281.28
2054.03, 1281.87
2054.31, 1282.44
2054.58, 1282.98
2054.83, 1283.51
2055.13, 1284.19
2055.32, 1284.69
2055.51, 1285.17
2055.69, 1285.63
2055.86, 1286.08
2056.02, 1286.49
2056.17, 1286.89
2056.32, 1287.27
2056.45, 1287.63
2056.59, 1287.97
2056.71, 1288.3
2056.83, 1288.61
2056.95, 1288.9
2057.06, 1289.19
2057.16, 1289.47
2057.26, 1289.73
2057.37, 1289.99
2057.46, 1290.25
2057.56, 1290.5
2057.66, 1290.75
2057.76, 1291
2057.85, 1291.26
2057.95, 1291.51
2058.05, 1291.77
2058.15, 1292.04
2058.26, 1292.31
2058.37, 1292.59
2058.48, 1292.88
2058.59, 1293.18
2058.71, 1293.49
2058.84, 1293.81
2058.97, 1294.14
2059.1, 1294.49
2059.23, 1294.84
2059.37, 1295.2
2059.52, 1295.58
2059.66, 1295.96
2059.81, 1296.34
2059.96, 1296.73

waypoints
x, y
2047.58, 1268.98
2047.78, 1269.37
2047.99, 1269.75
2048.19, 1270.14
2048.39, 1270.53
2048.6, 1270.91
2048.8, 1271.3
2049, 1271.68
2049.2, 1272.07
2049.4, 1272.46
2049.6, 1272.85
2049.8, 1273.23
2049.99, 1273.62
2050.19, 1274.01
2050.39, 1274.39
2050.58, 1274.78
2050.77, 1275.17
2050.96, 1275.56
2051.16, 1275.94
2051.34, 1276.33
2051.53, 1276.72
2051.72, 1277.11
2051.91, 1277.49
2052.23, 1278.14
2052.54, 1278.79
2052.85, 1279.43
2053.16, 1280.06
2053.46, 1280.68
2053.75, 1281.28
2054.03, 1281.87
2054.31, 1282.44
2054.58, 1282.98
2054.83, 1283.51
2055.13, 1284.19
2055.32, 1284.69
2055.51, 1285.17
2055.69, 1285.63
2055.86, 1286.08
2056.02, 1286.49
2056.17, 1286.89
2056.32, 1287.27
2056.45, 1287.63
2056.59, 1287.97
2056.71, 1288.3
2056.83, 1288.61
2056.95, 1288.9
2057.06, 1289.19
2057.16, 1289.47
2057.26, 1289.73
2057.37, 1289.99
2057.46, 1290.25
2057.56, 1290.5
2057.66, 1290.75
2057.76, 1291
2057.85, 1291.26
2057.95, 1291.51
2058.05, 1291.77
2058.15, 1292.04
2058.26, 1292.31
2058.37, 1292.59
2058.48, 1292.88
2058.59, 1293.18
2058.71, 1293.49
2058.84, 1293.81
2058.97, 1294.14
2059.1, 1294.49
2059.23, 1294.84
2059.37, 1295.2
2059.52, 1295.58
2059.66, 1295.96
2059.81, 1296.34
2059.96, 1296.73

waypoints
x, y
2048.39, 1270.53
2048.6, 1270.91
2048.8, 1271.3
2049, 1271.68
2049.2, 1272.07
2049.4, 1272.46
2049.6, 1272.85
2049.8, 1273.23
2049.99, 1273.62
2050.19, 1274.01
2050.39, 1274.39
2050.58, 1274.78
2050.77, 1275.17
2050.96, 1275.56
2051.16, 1275.94
2051.34, 1276.33
2051.53, 1276.72
2051.72, 1277.11
2051.91, 1277.49
2052.23, 1278.14
2052.54, 1278.79
2052.85, 1279.43
2053.16, 1280.06
2053.46, 1280.68
2053.75, 1281.28
2054.03, 1281.87
2054.31, 1282.44
2054.58, 1282.98
2054.83, 1283.51
2055.13, 1284.19
2055.32, 1284.69
2055.51, 1285.17
2055.69, 1285.63
2055.86, 1286.08
2056.02, 1286.49
2056.17, 1286.89
2056.32, 1287.27
2056.45, 1287.63
2056.59, 1287.97
2056.71, 1288.3
2056.83, 1288.61
2056.95, 1288.9
2057.06, 1289.19
2057.16, 1289.47
2057.26, 1289.73
2057.37, 1289.99
2057.46, 1290.25
2057.56, 1290.5
2057.66, 1290.75
2057.76, 1291
2057.85, 1291.26
2057.95, 1291.51
2058.05, 1291.77
2058.15, 1292.04
2058.26, 1292.31
2058.37, 1292.59
2058.48, 1292.88
2058.59, 1293.18
2058.71, 1293.49
2058.84, 1293.81
2058.97, 1294.14
2059.1, 1294.49
2059.23, 1294.84
2059.37, 1295.2
2059.52, 1295.58
2059.66, 1295.96
2059.81, 1296.34
2059.96, 1296.73

waypoints
x, y
2049.2, 1272.07
2049.4, 1272.46
2049.6, 1272.85
2049.8, 1273.23
2049.99, 1273.62
2050.19, 1274.01
2050.39, 1274.39
2050.58, 1274.78
2050.77, 1275.17
2050.96, 1275.56
2051.16, 1275.94
2051.34, 1276.33
2051.53, 1276.72
2051.72, 1277.11
2051.91, 1277.49
2052.23, 1278.14
2052.54, 1278.79
2052.85, 1279.43
2053.16, 1280.06
2053.46, 1280.68
2053.75, 1281.28
2054.03, 1281.87
2054.31, 1282.44
2054.58, 1282.98
2054.83, 1283.51
2055.13, 1284.19
2055.32, 1284.69
2055.51, 1285.17
2055.69, 1285.63
2055.86, 1286.08
2056.02, 1286.49
2056.17, 1286.89
2056.32, 1287.27
2056.45, 1287.63
2056.59, 1287.97
2056.71, 1288.3
2056.83, 1288.61
2056.95, 1288.9
2057.06, 1289.19
2057.16, 1289.47
2057.26, 1289.73
2057.37, 1289.99
2057.46, 1290.25
2057.56, 1290.5
2057.66, 1290.75
2057.76, 1291
2057.85, 1291.26
2057.95, 1291.51
2058.05, 1291.77
2058.15, 1292.04
2058.26, 1292.31
2058.37, 1292.59
2058.48, 1292.88
2058.59, 1293.18
2058.71, 1293.49
2058.84, 1293.81
2058.97, 1294.14
2059.1, 1294.49
2059.23, 1294.84
2059.37, 1295.2
2059.52, 1295.58
2059.66, 1295.96
2059.81, 1296.34
2059.96, 1296.73

waypoints
x, y
2049.8, 1273.23
2049.99, 1273.62
2050.19, 1274.01
2050.39, 1274.39
2050.58, 1274.78
2050.77, 1275.17
2050.96, 1275.56
2051.16, 1275.94
2051.34, 1276.33
2051.53, 1276.72
2051.72, 1277.11
2051.91, 1277.49
2052.23, 1278.14
2052.54, 1278.79
2052.85, 1279.43
2053.16, 1280.06
2053.46, 1280.68
2053.75, 1281.28
2054.03, 1281.87
2054.31, 1282.44
2054.58, 1282.98
2054.83, 1283.51
2055.13, 1284.19
2055.32, 1284.69
2055.51, 1285.17
2055.69, 1285.63
2055.86, 1286.08
2056.02, 1286.49
2056.17, 1286.89
2056.32, 1287.27
2056.45, 1287.63
2056.59, 1287.97
2056.71, 1288.3
2056.83, 1288.61
2056.95, 1288.9
2057.06, 1289.19
2057.16, 1289.47
2057.26, 1289.73
2057.37, 1289.99
2057.46, 1290.25
2057.56, 1290.5
2057.66, 1290.75
2057.76, 1291
2057.85, 1291.26
2057.95, 1291.51
2058.05, 1291.77
2058.15, 1292.04
2058.26, 1292.31
2058.37, 1292.59
2058.48, 1292.88
2058.59, 1293.18
2058.71, 1293.49
2058.84, 1293.81
2058.97, 1294.14
2059.1, 1294.49
2059.23, 1294.84
2059.37, 1295.2
2059.52, 1295.58
2059.66, 1295.96
2059.81, 1296.34
2059.96, 1296.73

waypoints
x, y
2050.58, 1274.78
2050.77, 1275.17
2050.96, 1275.56
2051.16, 1275.94
2051.34, 1276.33
2051.53, 1276.72
2051.72, 1277.11
2051.91, 1277.49
2052.23, 1278.14
2052.54, 1278.79
2052.85, 1279.43
2053.16, 1280.06
2053.46, 1280.68
2053.75, 1281.28
2054.03, 1281.87
2054.31, 1282.44
2054.58, 1282.98
2054.83, 1283.51
2055.13, 1284.19
2055.32, 1284.69
2055.51, 1285.17
2055.69, 1285.63
2055.86, 1286.08
2056.02, 1286.49
2056.17, 1286.89
2056.32, 1287.27
2056.45, 1287.63
2056.59, 1287.97
2056.71, 1288.3
2056.83, 1288.61
2056.95, 1288.9
2057.06, 1289.19
2057.16, 1289.47
2057.26, 1289.73
2057.37, 1289.99
2057.46, 1290.25
2057.56, 1290.5
2057.66, 1290.75
2057.76, 1291
2057.85, 1291.26
2057.95, 1291.51
2058.05, 1291.77
2058.15, 1292.04
2058.26, 1292.31
2058.37, 1292.59
2058.48, 1292.88
2058.59, 1293.18
2058.71, 1293.49
2058.84, 1293.81
2058.97, 1294.14
2059.1, 1294.49
2059.23, 1294.84
2059.37, 1295.2
2059.52, 1295.58
2059.66, 1295.96
2059.81, 1296.34
2059.96, 1296.73

waypoints
x, y
2051.16, 1275.94
2051.34, 1276.33
2051.53, 1276.72
2051.72, 1277.11
2051.91, 1277.49
2052.23, 1278.14
2052.54, 1278.79
2052.85, 1279.43
2053.16, 1280.06
2053.46, 1280.68
2053.75, 1281.28
2054.03, 1281.87
2054.31, 1282.44
2054.58, 1282.98
2054.83, 1283.51
2055.13, 1284.19
2055.32, 1284.69
2055.51, 1285.17
2055.69, 1285.63
2055.86, 1286.08
2056.02, 1286.49
2056.17, 1286.89
2056.32, 1287.27
2056.45, 1287.63
2056.59, 1287.97
2056.71, 1288.3
2056.83, 1288.61
2056.95, 1288.9
2057.06, 1289.19
2057.16, 1289.47
2057.26, 1289.73
2057.37, 1289.99
2057.46, 1290.25
2057.56, 1290.5
2057.66, 1290.75
2057.76, 1291
2057.85, 1291.26
2057.95, 1291.51
2058.05, 1291.77
2058.15, 1292.04
2058.26, 1292.31
2058.37, 1292.59
2058.48, 1292.88
2058.59, 1293.18
2058.71, 1293.49
2058.84, 1293.81
2058.97, 1294.14
2059.1, 1294.49
2059.23, 1294.84
2059.37, 1295.2
2059.52, 1295.58
2059.66, 1295.96
2059.81, 1296.34
2059.96, 1296.73

waypoints
x, y
2051.91, 1277.49
2052.23, 1278.14
2052.54, 1278.79
2052.85, 1279.43
2053.16, 1280.06
2053.46, 1280.68
2053.75, 1281.28
2054.03, 1281.87
2054.31, 1282.44
2054.58, 1282.98
2054.83, 1283.51
2055.13, 1284.19
2055.32, 1284.69
2055.51, 1285.17
2055.69, 1285.63
2055.86, 1286.08
2056.02, 1286.49
2056.17, 1286.89
2056.32, 1287.27
2056.45, 1287.63
2056.59, 1287.97
2056.71, 1288.3
2056.83, 1288.61
2056.95, 1288.9
2057.06, 1289.19
2057.16, 1289.47
2057.26, 1289.73
2057.37, 1289.99
2057.46, 1290.25
2057.56, 1290.5
2057.66, 1290.75
2057.76, 1291
2057.85, 1291.26
2057.95, 1291.51
2058.05, 1291.77
2058.15, 1292.04
2058.26, 1292.31
2058.37, 1292.59
2058.48, 1292.88
2058.59, 1293.18
2058.71, 1293.49
2058.84, 1293.81
2058.97, 1294.14
2059.1, 1294.49
2059.23, 1294.84
2059.37, 1295.2
2059.52, 1295.58
2059.66, 1295.96
2059.81, 1296.34
2059.96, 1296.73

waypoints
x, y
2053.16, 1280.06
2053.46, 1280.68
2053.75, 1281.28
2054.03, 1281.87
2054.31, 1282.44
2054.58, 1282.98
2054.83, 1283.51
2055.13, 1284.19
2055.32, 1284.69
2055.51, 1285.17
2055.69, 1285.63
2055.86, 1286.08
2056.02, 1286.49
2056.17, 1286.89
2056.32, 1287.27
2056.45, 1287.63
2056.59, 1287.97
2056.71, 1288.3
2056.83, 1288.61
2056.95, 1288.9
2057.06, 1289.19
2057.16, 1289.47
2057.26, 1289.73
2057.37, 1289.99
2057.46, 1290.25
2057.56, 1290.5
2057.66, 1290.75
2057.76, 1291
2057.85, 1291.26
2057.95, 1291.51
2058.05, 1291.77
2058.15, 1292.04
2058.26, 1292.31
2058.37, 1292.59
2058.48, 1292.88
2058.59, 1293.18
2058.71, 1293.49
2058.84, 1293.81
2058.97, 1294.14
2059.1, 1294.49
2059.23, 1294.84
2059.37, 1295.2
2059.52, 1295.58
2059.66, 1295.96
2059.81, 1296.34
2059.96, 1296.73
2060.22, 1297.4
2060.47, 1298.06
2060.72, 1298.71
2060.97, 1299.35
2061.22, 1299.98
2061.45, 1300.6
2061.68, 1301.2
2061.91, 1301.79
2062.13, 1302.35
2062.34, 1302.9
2062.54, 1303.42
2062.74, 1303.93
2062.92, 1304.41
2063.1, 1304.88
2063.27, 1305.32
2063.44, 1305.74
2063.59, 1306.15
2063.74, 1306.54
2063.88, 1306.9
2064.02, 1307.26
2064.15, 1307.6
2064.27, 1307.92
2064.39, 1308.23
2064.51, 1308.53
2064.62, 1308.82
2064.73, 1309.11
2064.84, 1309.38
2064.94, 1309.66
2065.05, 1309.93
2065.15, 1310.19
2065.25, 1310.46
2065.36, 1310.73
2065.46, 1311
2065.57, 1311.28
2065.68, 1311.56
2065.79, 1311.85
2065.9, 1312.15
2066.03, 1312.47
2066.14, 1312.79
2066.27, 1313.11
2066.39, 1313.45
2066.52, 1313.79
2066.65, 1314.15
2066.79, 1314.51
2066.93, 1314.88
2067.07, 1315.27
2067.22, 1315.66
2067.37, 1316.05
2067.52, 1316.45

waypoints
x, y
2054.03, 1281.87
2054.31, 1282.44
2054.58, 1282.98
2054.83, 1283.51
2055.13, 1284.19
2055.32, 1284.69
2055.51, 1285.17
2055.69, 1285.63
2055.86, 1286.08
2056.02, 1286.49
2056.17, 1286.89
2056.32, 1287.27
2056.45, 1287.63
2056.59, 1287.97
2056.71, 1288.3
2056.83, 1288.61
2056.95, 1288.9
2057.06, 1289.19
2057.16, 1289.47
2057.26, 1289.73
2057.37, 1289.99
2057.46, 1290.25
2057.56, 1290.5
2057.66, 1290.75
2057.76, 1291
2057.85, 1291.26
2057.95, 1291.51
2058.05, 1291.77
2058.15, 1292.04
2058.26, 1292.31
2058.37, 1292.59
2058.48, 1292.88
2058.59, 1293.18
2058.71, 1293.49
2058.84, 1293.81
2058.97, 1294.14
2059.1, 1294.49
2059.23, 1294.84
2059.37, 1295.2
2059.52, 1295.58
2059.66, 1295.96
2059.81, 1296.34
2059.96, 1296.73
2060.22, 1297.4
2060.47, 1298.06
2060.72, 1298.71
2060.97, 1299.35
2061.22, 1299.98
2061.45, 1300.6
2061.68, 1301.2
2061.91, 1301.79
2062.13, 1302.35
2062.34, 1302.9
2062.54, 1303.42
2062.74, 1303.93
2062.92, 1304.41
2063.1, 1304.88
2063.27, 1305.32
2063.43, 1305.74
2063.59, 1306.15
2063.74, 1306.54
2063.88, 1306.9
2064.02, 1307.26
2064.15, 1307.6
2064.27, 1307.92
2064.39, 1308.23
2064.51, 1308.53
2064.62, 1308.82
2064.73, 1309.11
2064.84, 1309.38
2064.94, 1309.66
2065.05, 1309.93
2065.15, 1310.19
2065.25, 1310.46
2065.36, 1310.73
2065.46, 1311.01
2065.57, 1311.28
2065.68, 1311.56
2065.79, 1311.85
2065.9, 1312.15
2066.03, 1312.47
2066.14, 1312.79
2066.27, 1313.11
2066.39, 1313.44
2066.52, 1313.79
2066.65, 1314.14
2066.79, 1314.51
2066.93, 1314.88
2067.07, 1315.27
2067.22, 1315.66
2067.37, 1316.05
2067.52, 1316.45

waypoints
x, y
2055.13, 1284.19
2055.32, 1284.69
2055.51, 1285.17
2055.69, 1285.63
2055.86, 1286.08
2056.02, 1286.49
2056.17, 1286.89
2056.32, 1287.27
2056.45, 1287.63
2056.59, 1287.97
2056.71, 1288.3
2056.83, 1288.61
2056.95, 1288.9
2057.06, 1289.19
2057.16, 1289.47
2057.26, 1289.73
2057.37, 1289.99
2057.46, 1290.25
2057.56, 1290.5
2057.66, 1290.75
2057.76, 1291
2057.85, 1291.26
2057.95, 1291.51
2058.05, 1291.77
2058.15, 1292.04
2058.26, 1292.31
2058.37, 1292.59
2058.48, 1292.88
2058.59, 1293.18
2058.71, 1293.49
2058.84, 1293.81
2058.97, 1294.14
2059.1, 1294.49
2059.23, 1294.84
2059.37, 1295.2
2059.52, 1295.58
2059.66, 1295.96
2059.81, 1296.34
2059.96, 1296.73
2060.22, 1297.4
2060.47, 1298.06
2060.72, 1298.71
2060.97, 1299.35
2061.22, 1299.98
2061.45, 1300.6
2061.68, 1301.2
2061.91, 1301.79
2062.13, 1302.35
2062.34, 1302.9
2062.54, 1303.42
2062.74, 1303.93
2062.92, 1304.41
2063.1, 1304.88
2063.27, 1305.32
2063.43, 1305.74
2063.59, 1306.15
2063.74, 1306.54
2063.88, 1306.9
2064.02, 1307.26
2064.15, 1307.6
2064.27, 1307.92
2064.39, 1308.23
2064.51, 1308.53
2064.62, 1308.82
2064.73, 1309.11
2064.84, 1309.38
2064.94, 1309.66
2065.05, 1309.93
2065.15, 1310.19
2065.25, 1310.46
2065.36, 1310.73
2065.46, 1311.01
2065.57, 1311.28
2065.68, 1311.56
2065.79, 1311.85
2065.9, 1312.15
2066.03, 1312.47
2066.14, 1312.79
2066.27, 1313.11
2066.39, 1313.44
2066.52, 1313.79
2066.65, 1314.14
2066.79, 1314.51
2066.93, 1314.88
2067.07, 1315.27
2067.22, 1315.66
2067.37, 1316.05
2067.52, 1316.45

waypoints
x, y
2055.69, 1285.63
2055.86, 1286.08
2056.02, 1286.49
2056.17, 1286.89
2056.32, 1287.27
2056.45, 1287.63
2056.59, 1287.97
2056.71, 1288.3
2056.83, 1288.61
2056.95, 1288.9
2057.06, 1289.19
2057.16, 1289.47
2057.26, 1289.73
2057.37, 1289.99
2057.46, 1290.25
2057.56, 1290.5
2057.66, 1290.75
2057.76, 1291
2057.85, 1291.26
2057.95, 1291.51
2058.05, 1291.77
2058.15, 1292.04
2058.26, 1292.31
2058.37, 1292.59
2058.48, 1292.88
2058.59, 1293.18
2058.71, 1293.49
2058.84, 1293.81
2058.97, 1294.14
2059.1, 1294.49
2059.23, 1294.84
2059.37, 1295.2
2059.52, 1295.58
2059.66, 1295.96
2059.81, 1296.34
2059.96, 1296.73
2060.22, 1297.4
2060.47, 1298.06
2060.72, 1298.71
2060.97, 1299.35
2061.22, 1299.98
2061.45, 1300.6
2061.68, 1301.2
2061.91, 1301.79
2062.13, 1302.35
2062.34, 1302.9
2062.54, 1303.42
2062.74, 1303.93
2062.92, 1304.41
2063.1, 1304.88
2063.27, 1305.32
2063.43, 1305.74
2063.59, 1306.15
2063.74, 1306.54
2063.88, 1306.9
2064.02, 1307.26
2064.15, 1307.6
2064.27, 1307.92
2064.39, 1308.23
2064.51, 1308.53
2064.62, 1308.82
2064.73, 1309.11
2064.84, 1309.38
2064.94, 1309.66
2065.05, 1309.93
2065.15, 1310.19
2065.25, 1310.46
2065.36, 1310.73
2065.46, 1311.01
2065.57, 1311.28
2065.68, 1311.56
2065.79, 1311.85
2065.9, 1312.15
2066.03, 1312.47
2066.14, 1312.79
2066.27, 1313.11
2066.39, 1313.44
2066.52, 1313.79
2066.65, 1314.14
2066.79, 1314.51
2066.93, 1314.88
2067.07, 1315.27
2067.22, 1315.66
2067.37, 1316.05
2067.52, 1316.45

waypoints
x, y
2056.32, 1287.27
2056.45, 1287.63
2056.59, 1287.97
2056.71, 1288.3
2056.83, 1288.61
2056.95, 1288.9
2057.06, 1289.19
2057.16, 1289.47
2057.26, 1289.73
2057.37, 1289.99
2057.46, 1290.25
2057.56, 1290.5
2057.66, 1290.75
2057.76, 1291
2057.85, 1291.26
2057.95, 1291.51
2058.05, 1291.77
2058.15, 1292.04
2058.26, 1292.31
2058.37, 1292.59
2058.48, 1292.88
2058.59, 1293.18
2058.71, 1293.49
2058.84, 1293.81
2058.97, 1294.14
2059.1, 1294.49
2059.23, 1294.84
2059.37, 1295.2
2059.52, 1295.58
2059.66, 1295.96
2059.81, 1296.34
2059.96, 1296.73
2060.22, 1297.4
2060.47, 1298.06
2060.72, 1298.71
2060.97, 1299.35
2061.22, 1299.98
2061.45, 1300.6
2061.68, 1301.2
2061.91, 1301.79
2062.13, 1302.35
2062.34, 1302.9
2062.54, 1303.42
2062.74, 1303.93
2062.92, 1304.41
2063.1, 1304.88
2063.27, 1305.32
2063.43, 1305.74
2063.59, 1306.15
2063.74, 1306.54
2063.88, 1306.9
2064.02, 1307.26
2064.15, 1307.6
2064.27, 1307.92
2064.39, 1308.23
2064.51, 1308.53
2064.62, 1308.82
2064.73, 1309.11
2064.84, 1309.38
2064.94, 1309.66
2065.05, 1309.93
2065.15, 1310.19
2065.25, 1310.46
2065.36, 1310.73
2065.46, 1311.01
2065.57, 1311.28
2065.68, 1311.56
2065.79, 1311.85
2065.9, 1312.15
2066.03, 1312.47
2066.14, 1312.79
2066.27, 1313.11
2066.39, 1313.44
2066.52, 1313.79
2066.65, 1314.14
2066.79, 1314.51
2066.93, 1314.88
2067.07, 1315.27
2067.22, 1315.66
2067.37, 1316.05
2067.52, 1316.45

waypoints
x, y
2056.83, 1288.61
2056.95, 1288.9
2057.06, 1289.19
2057.16, 1289.47
2057.26, 1289.73
2057.37, 1289.99
2057.46, 1290.25
2057.56, 1290.5
2057.66, 1290.75
2057.76, 1291
2057.85, 1291.26
2057.95, 1291.51
2058.05, 1291.77
2058.15, 1292.04
2058.26, 1292.31
2058.37, 1292.59
2058.48, 1292.88
2058.59, 1293.18
2058.71, 1293.49
2058.84, 1293.81
2058.97, 1294.14
2059.1, 1294.49
2059.23, 1294.84
2059.37, 1295.2
2059.52, 1295.58
2059.66, 1295.96
2059.81, 1296.34
2059.96, 1296.73
2060.22, 1297.4
2060.47, 1298.06
2060.72, 1298.71
2060.97, 1299.35
2061.22, 1299.98
2061.45, 1300.6
2061.68, 1301.2
2061.91, 1301.79
2062.13, 1302.35
2062.34, 1302.9
2062.54, 1303.42
2062.74, 1303.93
2062.92, 1304.41
2063.1, 1304.88
2063.27, 1305.32
2063.43, 1305.74
2063.59, 1306.15
2063.74, 1306.54
2063.88, 1306.9
2064.02, 1307.26
2064.15, 1307.6
2064.27, 1307.92
2064.39, 1308.23
2064.51, 1308.53
2064.62, 1308.82
2064.73, 1309.11
2064.84, 1309.38
2064.94, 1309.66
2065.05, 1309.93
2065.15, 1310.19
2065.25, 1310.46
2065.36, 1310.73
2065.46, 1311.01
2065.57, 1311.28
2065.68, 1311.56
2065.79, 1311.85
2065.9, 1312.15
2066.03, 1312.47
2066.14, 1312.79
2066.27, 1313.11
2066.39, 1313.44
2066.52, 1313.79
2066.65, 1314.14
2066.79, 1314.51
2066.93, 1314.88
2067.07, 1315.27
2067.22, 1315.66
2067.37, 1316.05
2067.52, 1316.45

waypoints
x, y
2057.16, 1289.47
2057.26, 1289.73
2057.37, 1289.99
2057.46, 1290.25
2057.56, 1290.5
2057.66, 1290.75
2057.76, 1291
2057.85, 1291.26
2057.95, 1291.51
2058.05, 1291.77
2058.15, 1292.04
2058.26, 1292.31
2058.37, 1292.59
2058.48, 1292.88
2058.59, 1293.18
2058.71, 1293.49
2058.84, 1293.81
2058.97, 1294.14
2059.1, 1294.49
2059.23, 1294.84
2059.37, 1295.2
2059.52, 1295.58
2059.66, 1295.96
2059.81, 1296.34
2059.96, 1296.73
2060.22, 1297.4
2060.47, 1298.06
2060.72, 1298.71
2060.97, 1299.35
2061.22, 1299.98
2061.45, 1300.6
2061.68, 1301.2
2061.91, 1301.79
2062.13, 1302.35
2062.34, 1302.9
2062.54, 1303.42
2062.74, 1303.93
2062.92, 1304.41
2063.1, 1304.88
2063.27, 1305.32
2063.43, 1305.74
2063.59, 1306.15
2063.74, 1306.54
2063.88, 1306.9
2064.02, 1307.26
2064.15, 1307.6
2064.27, 1307.92
2064.39, 1308.23
2064.51, 1308.53
2064.62, 1308.82
2064.73, 1309.11
2064.84, 1309.38
2064.94, 1309.66
2065.05, 1309.93
2065.15, 1310.19
2065.25, 1310.46
2065.36, 1310.73
2065.46, 1311.01
2065.57, 1311.28
2065.68, 1311.56
2065.79, 1311.85
2065.9, 1312.15
2066.03, 1312.47
2066.14, 1312.79
2066.27, 1313.11
2066.39, 1313.44
2066.52, 1313.79
2066.65, 1314.14
2066.79, 1314.51
2066.93, 1314.88
2067.07, 1315.27
2067.22, 1315.66
2067.37, 1316.05
2067.52, 1316.45

waypoints
x, y
2057.56, 1290.5
2057.66, 1290.75
2057.76, 1291
2057.85, 1291.26
2057.95, 1291.51
2058.05, 1291.77
2058.15, 1292.04
2058.26, 1292.31
2058.37, 1292.59
2058.48, 1292.88
2058.59, 1293.18
2058.71, 1293.49
2058.84, 1293.81
2058.97, 1294.14
2059.1, 1294.49
2059.23, 1294.84
2059.37, 1295.2
2059.52, 1295.58
2059.66, 1295.96
2059.81, 1296.34
2059.96, 1296.73
2060.22, 1297.4
2060.47, 1298.06
2060.72, 1298.71
2060.97, 1299.35
2061.22, 1299.98
2061.45, 1300.6
2061.68, 1301.2
2061.91, 1301.79
2062.13, 1302.35
2062.34, 1302.9
2062.54, 1303.42
2062.74, 1303.93
2062.92, 1304.41
2063.1, 1304.88
2063.27, 1305.32
2063.43, 1305.74
2063.59, 1306.15
2063.74, 1306.54
2063.88, 1306.9
2064.02, 1307.26
2064.15, 1307.6
2064.27, 1307.92
2064.39, 1308.23
2064.51, 1308.53
2064.62, 1308.82
2064.73, 1309.11
2064.84, 1309.38
2064.94, 1309.66
2065.05, 1309.93
2065.15, 1310.19
2065.25, 1310.46
2065.36, 1310.73
2065.46, 1311.01
2065.57, 1311.28
2065.68, 1311.56
2065.79, 1311.85
2065.9, 1312.15
2066.03, 1312.47
2066.14, 1312.79
2066.27, 1313.11
2066.39, 1313.44
2066.52, 1313.79
2066.65, 1314.14
2066.79, 1314.51
2066.93, 1314.88
2067.07, 1315.27
2067.22, 1315.66
2067.37, 1316.05
2067.52, 1316.45

waypoints
x, y
2057.95, 1291.51
2058.05, 1291.77
2058.15, 1292.04
2058.26, 1292.31
2058.37, 1292.59
2058.48, 1292.88
2058.59, 1293.18
2058.71, 1293.49
2058.84, 1293.81
2058.97, 1294.14
2059.1, 1294.49
2059.23, 1294.84
2059.37, 1295.2
2059.52, 1295.58
2059.66, 1295.96
2059.81, 1296.34
2059.96, 1296.73
2060.22, 1297.4
2060.47, 1298.06
2060.72, 1298.71
2060.97, 1299.35
2061.22, 1299.98
2061.45, 1300.6
2061.68, 1301.2
2061.91, 1301.79
2062.13, 1302.35
2062.34, 1302.9
2062.54, 1303.42
2062.74, 1303.93
2062.92, 1304.41
2063.1, 1304.88
2063.27, 1305.32
2063.43, 1305.74
2063.59, 1306.15
2063.74, 1306.54
2063.88, 1306.9
2064.02, 1307.26
2064.15, 1307.6
2064.27, 1307.92
2064.39, 1308.23
2064.51, 1308.53
2064.62, 1308.82
2064.73, 1309.11
2064.84, 1309.38
2064.94, 1309.66
2065.05, 1309.93
2065.15, 1310.19
2065.25, 1310.46
2065.36, 1310.73
2065.46, 1311.01
2065.57, 1311.28
2065.68, 1311.56
2065.79, 1311.85
2065.9, 1312.15
2066.03, 1312.47
2066.14, 1312.79
2066.27, 1313.11
2066.39, 1313.44
2066.52, 1313.79
2066.65, 1314.14
2066.79, 1314.51
2066.93, 1314.88
2067.07, 1315.27
2067.22, 1315.66
2067.37, 1316.05
2067.52, 1316.45

waypoints
x, y
2058.37, 1292.59
2058.48, 1292.88
2058.59, 1293.18
2058.71, 1293.49
2058.84, 1293.81
2058.97, 1294.14
2059.1, 1294.49
2059.23, 1294.84
2059.37, 1295.2
2059.52, 1295.58
2059.66, 1295.96
2059.81, 1296.34
2059.96, 1296.73
2060.22, 1297.4
2060.47, 1298.06
2060.72, 1298.71
2060.97, 1299.35
2061.22, 1299.98
2061.45, 1300.6
2061.68, 1301.2
2061.91, 1301.79
2062.13, 1302.35
2062.34, 1302.9
2062.54, 1303.42
2062.74, 1303.93
2062.92, 1304.41
2063.1, 1304.88
2063.27, 1305.32
2063.43, 1305.74
2063.59, 1306.15
2063.74, 1306.54
2063.88, 1306.9
2064.02, 1307.26
2064.15, 1307.6
2064.27, 1307.92
2064.39, 1308.23
2064.51, 1308.53
2064.62, 1308.82
2064.73, 1309.11
2064.84, 1309.38
2064.94, 1309.66
2065.05, 1309.93
2065.15, 1310.19
2065.25, 1310.46
2065.36, 1310.73
2065.46, 1311.01
2065.57, 1311.28
2065.68, 1311.56
2065.79, 1311.85
2065.9, 1312.15
2066.03, 1312.47
2066.14, 1312.79
2066.27, 1313.11
2066.39, 1313.44
2066.52, 1313.79
2066.65, 1314.14
2066.79, 1314.51
2066.93, 1314.88
2067.07, 1315.27
2067.22, 1315.66
2067.37, 1316.05
2067.52, 1316.45

waypoints
x, y
2058.71, 1293.49
2058.84, 1293.81
2058.97, 1294.14
2059.1, 1294.49
2059.23, 1294.84
2059.37, 1295.2
2059.52, 1295.58
2059.66, 1295.96
2059.81, 1296.34
2059.96, 1296.73
2060.22, 1297.4
2060.47, 1298.06
2060.72, 1298.71
2060.97, 1299.35
2061.22, 1299.98
2061.45, 1300.6
2061.68, 1301.2
2061.91, 1301.79
2062.13, 1302.35
2062.34, 1302.9
2062.54, 1303.42
2062.74, 1303.93
2062.92, 1304.41
2063.1, 1304.88
2063.27, 1305.32
2063.43, 1305.74
2063.59, 1306.15
2063.74, 1306.54
2063.88, 1306.9
2064.02, 1307.26
2064.15, 1307.6
2064.27, 1307.92
2064.39, 1308.23
2064.51, 1308.53
2064.62, 1308.82
2064.73, 1309.11
2064.84, 1309.38
2064.94, 1309.66
2065.05, 1309.93
2065.15, 1310.19
2065.25, 1310.46
2065.36, 1310.73
2065.46, 1311.01
2065.57, 1311.28
2065.68, 1311.56
2065.79, 1311.85
2065.9, 1312.15
2066.03, 1312.47
2066.14, 1312.79
2066.27, 1313.11
2066.39, 1313.44
2066.52, 1313.79
2066.65, 1314.14
2066.79, 1314.51
2066.93, 1314.88
2067.07, 1315.27
2067.22, 1315.66
2067.37, 1316.05
2067.52, 1316.45

waypoints
x, y
2059.23, 1294.84
2059.37, 1295.2
2059.52, 1295.58
2059.66, 1295.96
2059.81, 1296.34
2059.96, 1296.73
2060.22, 1297.4
2060.47, 1298.06
2060.72, 1298.71
2060.97, 1299.35
2061.22, 1299.98
2061.45, 1300.6
2061.68, 1301.2
2061.91, 1301.79
2062.13, 1302.35
2062.34, 1302.9
2062.54, 1303.42
2062.74, 1303.93
2062.92, 1304.41
2063.1, 1304.88
2063.27, 1305.32
2063.43, 1305.74
2063.59, 1306.15
2063.74, 1306.54
2063.88, 1306.9
2064.02, 1307.26
2064.15, 1307.6
2064.27, 1307.92
2064.39, 1308.23
2064.51, 1308.53
2064.62, 1308.82
2064.73, 1309.11
2064.84, 1309.38
2064.94, 1309.66
2065.05, 1309.93
2065.15, 1310.19
2065.25, 1310.46
2065.36, 1310.73
2065.46, 1311.01
2065.57, 1311.28
2065.68, 1311.56
2065.79, 1311.85
2065.9, 1312.15
2066.03, 1312.47
2066.14, 1312.79
2066.27, 1313.11
2066.39, 1313.44
2066.52, 1313.79
2066.65, 1314.14
2066.79, 1314.51
2066.93, 1314.88
2067.07, 1315.27
2067.22, 1315.66
2067.37, 1316.05
2067.52, 1316.45

waypoints
x, y
2059.66, 1295.96
2059.81, 1296.34
2059.96, 1296.73
2060.22, 1297.4
2060.47, 1298.06
2060.72, 1298.71
2060.97, 1299.35
2061.22, 1299.98
2061.45, 1300.6
2061.68, 1301.2
2061.91, 1301.79
2062.13, 1302.35
2062.34, 1302.9
2062.54, 1303.42
2062.74, 1303.93
2062.92, 1304.41
2063.1, 1304.88
2063.27, 1305.32
2063.43, 1305.74
2063.59, 1306.15
2063.74, 1306.54
2063.88, 1306.9
2064.02, 1307.26
2064.15, 1307.6
2064.27, 1307.92
2064.39, 1308.23
2064.51, 1308.53
2064.62, 1308.82
2064.73, 1309.11
2064.84, 1309.38
2064.94, 1309.66
2065.05, 1309.93
2065.15, 1310.19
2065.25, 1310.46
2065.36, 1310.73
2065.46, 1311.01
2065.57, 1311.28
2065.68, 1311.56
2065.79, 1311.85
2065.9, 1312.15
2066.03, 1312.47
2066.14, 1312.79
2066.27, 1313.11
2066.39, 1313.44
2066.52, 1313.79
2066.65, 1314.14
2066.79, 1314.51
2066.93, 1314.88
2067.07, 1315.27
2067.22, 1315.66
2067.37, 1316.05
2067.52, 1316.45

waypoints
x, y
2060.47, 1298.06
2060.72, 1298.71
2060.97, 1299.35
2061.22, 1299.98
2061.45, 1300.6
2061.68, 1301.2
2061.91, 1301.79
2062.13, 1302.35
2062.34, 1302.9
2062.54, 1303.42
2062.74, 1303.93
2062.92, 1304.41
2063.1, 1304.88
2063.27, 1305.32
2063.43, 1305.74
2063.59, 1306.15
2063.74, 1306.54
2063.88, 1306.9
2064.02, 1307.26
2064.15, 1307.6
2064.27, 1307.92
2064.39, 1308.23
2064.51, 1308.53
2064.62, 1308.82
2064.73, 1309.11
2064.84, 1309.38
2064.94, 1309.66
2065.05, 1309.93
2065.15, 1310.19
2065.25, 1310.46
2065.36, 1310.73
2065.46, 1311.01
2065.57, 1311.28
2065.68, 1311.56
2065.79, 1311.85
2065.9, 1312.15
2066.03, 1312.47
2066.14, 1312.79
2066.27, 1313.11
2066.39, 1313.44
2066.52, 1313.79
2066.65, 1314.14
2066.79, 1314.51
2066.93, 1314.88
2067.07, 1315.27
2067.22, 1315.66
2067.37, 1316.05
2067.52, 1316.45
2067.73, 1317.15
2067.98, 1317.81
2068.23, 1318.47
2068.47, 1319.11
2068.71, 1319.75
2068.94, 1320.36
2069.16, 1320.97
2069.38, 1321.55
2069.6, 1322.12
2069.8, 1322.67
2070, 1323.19
2070.19, 1323.7
2070.37, 1324.19
2070.55, 1324.65
2070.71, 1325.1
2070.88, 1325.52
2071.03, 1325.93
2071.17, 1326.32
2071.31, 1326.69
2071.45, 1327.04
2071.58, 1327.38
2071.7, 1327.7
2071.82, 1328.02
2071.93, 1328.32
2072.04, 1328.61
2072.15, 1328.89
2072.26, 1329.17
2072.36, 1329.45
2072.46, 1329.72
2072.57, 1329.98
2072.67, 1330.25
2072.77, 1330.52
2072.87, 1330.8
2072.98, 1331.07
2073.09, 1331.36
2073.2, 1331.65
2073.31, 1331.94
2073.42, 1332.25
2073.54, 1332.56
2073.66, 1332.89
2073.79, 1333.22
2073.92, 1333.57
2074.05, 1333.92
2074.19, 1334.29
2074.33, 1334.66
2074.47, 1335.04
2074.62, 1335.43
2074.77, 1335.83
2074.92, 1336.23

waypoints
x, y
2061.22, 1299.98
2061.45, 1300.6
2061.68, 1301.2
2061.91, 1301.79
2062.13, 1302.35
2062.34, 1302.9
2062.54, 1303.42
2062.74, 1303.93
2062.92, 1304.41
2063.1, 1304.88
2063.27, 1305.32
2063.43, 1305.74
2063.59, 1306.15
2063.74, 1306.54
2063.88, 1306.9
2064.02, 1307.26
2064.15, 1307.6
2064.27, 1307.92
2064.39, 1308.23
2064.51, 1308.53
2064.62, 1308.82
2064.73, 1309.11
2064.84, 1309.38
2064.94, 1309.66
2065.05, 1309.93
2065.15, 1310.19
2065.25, 1310.46
2065.36, 1310.73
2065.46, 1311.01
2065.57, 1311.28
2065.68, 1311.56
2065.79, 1311.85
2065.9, 1312.15
2066.03, 1312.47
2066.14, 1312.79
2066.27, 1313.11
2066.39, 1313.44
2066.52, 1313.79
2066.65, 1314.14
2066.79, 1314.51
2066.93, 1314.88
2067.07, 1315.27
2067.22, 1315.66
2067.37, 1316.05
2067.52, 1316.45
2067.73, 1317.15
2067.98, 1317.81
2068.23, 1318.47
2068.47, 1319.11
2068.7, 1319.74
2068.94, 1320.36
2069.16, 1320.97
2069.38, 1321.55
2069.59, 1322.12
2069.8, 1322.67
2070, 1323.19
2070.19, 1323.7
2070.37, 1324.19
2070.55, 1324.65
2070.72, 1325.1
2070.88, 1325.52
2071.03, 1325.93
2071.18, 1326.32
2071.32, 1326.69
2071.45, 1327.04
2071.58, 1327.38
2071.7, 1327.7
2071.82, 1328.02
2071.93, 1328.32
2072.04, 1328.61
2072.15, 1328.89
2072.26, 1329.17
2072.36, 1329.44
2072.46, 1329.71
2072.57, 1329.98
2072.67, 1330.25
2072.77, 1330.52
2072.88, 1330.8
2072.98, 1331.07
2073.09, 1331.36
2073.2, 1331.65
2073.31, 1331.94
2073.42, 1332.25
2073.54, 1332.56
2073.66, 1332.89
2073.79, 1333.22
2073.92, 1333.57
2074.05, 1333.92
2074.19, 1334.29
2074.33, 1334.66
2074.47, 1335.05
2074.62, 1335.43
2074.77, 1335.83
2074.92, 1336.23

waypoints
x, y
2062.13, 1302.35
2062.34, 1302.9
2062.54, 1303.42
2062.74, 1303.93
2062.92, 1304.41
2063.1, 1304.88
2063.27, 1305.32
2063.43, 1305.74
2063.59, 1306.15
2063.74, 1306.54
2063.88, 1306.9
2064.02, 1307.26
2064.15, 1307.6
2064.27, 1307.92
2064.39, 1308.23
2064.51, 1308.53
2064.62, 1308.82
2064.73, 1309.11
2064.84, 1309.38
2064.94, 1309.66
2065.05, 1309.93
2065.15, 1310.19
2065.25, 1310.46
2065.36, 1310.73
2065.46, 1311.01
2065.57, 1311.28
2065.68, 1311.56
2065.79, 1311.85
2065.9, 1312.15
2066.03, 1312.47
2066.14, 1312.79
2066.27, 1313.11
2066.39, 1313.44
2066.52, 1313.79
2066.65, 1314.14
2066.79, 1314.51
2066.93, 1314.88
2067.07, 1315.27
2067.22, 1315.66
2067.37, 1316.05
2067.52, 1316.45
2067.73, 1317.15
2067.98, 1317.81
2068.23, 1318.47
2068.47, 1319.11
2068.7, 1319.74
2068.94, 1320.36
2069.16, 1320.97
2069.38, 1321.55
2069.59, 1322.12
2069.8, 1322.67
2070, 1323.19
2070.19, 1323.7
2070.37, 1324.19
2070.55, 1324.65
2070.72, 1325.1
2070.88, 1325.52
2071.03, 1325.93
2071.18, 1326.32
2071.32, 1326.69
2071.45, 1327.04
2071.58, 1327.38
2071.7, 1327.7
2071.82, 1328.02
2071.93, 1328.32
2072.04, 1328.61
2072.15, 1328.89
2072.26, 1329.17
2072.36, 1329.44
2072.46, 1329.71
2072.57, 1329.98
2072.67, 1330.25
2072.77, 1330.52
2072.88, 1330.8
2072.98, 1331.07
2073.09, 1331.36
2073.2, 1331.65
2073.31, 1331.94
2073.42, 1332.25
2073.54, 1332.56
2073.66, 1332.89
2073.79, 1333.22
2073.92, 1333.57
2074.05, 1333.92
2074.19, 1334.29
2074.33, 1334.66
2074.47, 1335.05
2074.62, 1335.43
2074.77, 1335.83
2074.92, 1336.23

waypoints
x, y
2062.92, 1304.41
2063.1, 1304.88
2063.27, 1305.32
2063.43, 1305.74
2063.59, 1306.15
2063.74, 1306.54
2063.88, 1306.9
2064.02, 1307.26
2064.15, 1307.6
2064.27, 1307.92
2064.39, 1308.23
2064.51, 1308.53
2064.62, 1308.82
2064.73, 1309.11
2064.84, 1309.38
2064.94, 1309.66
2065.05, 1309.93
2065.15, 1310.19
2065.25, 1310.46
2065.36, 1310.73
2065.46, 1311.01
2065.57, 1311.28
2065.68, 1311.56
2065.79, 1311.85
2065.9, 1312.15
2066.03, 1312.47
2066.14, 1312.79
2066.27, 1313.11
2066.39, 1313.44
2066.52, 1313.79
2066.65, 1314.14
2066.79, 1314.51
2066.93, 1314.88
2067.07, 1315.27
2067.22, 1315.66
2067.37, 1316.05
2067.52, 1316.45
2067.73, 1317.15
2067.98, 1317.81
2068.23, 1318.47
2068.47, 1319.11
2068.7, 1319.74
2068.94, 1320.36
2069.16, 1320.97
2069.38, 1321.55
2069.59, 1322.12
2069.8, 1322.67
2070, 1323.19
2070.19, 1323.7
2070.37, 1324.19
2070.55, 1324.65
2070.72, 1325.1
2070.88, 1325.52
2071.03, 1325.93
2071.18, 1326.32
2071.32, 1326.69
2071.45, 1327.04
2071.58, 1327.38
2071.7, 1327.7
2071.82, 1328.02
2071.93, 1328.32
2072.04, 1328.61
2072.15, 1328.89
2072.26, 1329.17
2072.36, 1329.44
2072.46, 1329.71
2072.57, 1329.98
2072.67, 1330.25
2072.77, 1330.52
2072.88, 1330.8
2072.98, 1331.07
2073.09, 1331.36
2073.2, 1331.65
2073.31, 1331.94
2073.42, 1332.25
2073.54, 1332.56
2073.66, 1332.89
2073.79, 1333.22
2073.92, 1333.57
2074.05, 1333.92
2074.19, 1334.29
2074.33, 1334.66
2074.47, 1335.05
2074.62, 1335.43
2074.77, 1335.83
2074.92, 1336.23

waypoints
x, y
2063.43, 1305.74
2063.59, 1306.15
2063.74, 1306.54
2063.88, 1306.9
2064.02, 1307.26
2064.15, 1307.6
2064.27, 1307.92
2064.39, 1308.23
2064.51, 1308.53
2064.62, 1308.82
2064.73, 1309.11
2064.84, 1309.38
2064.94, 1309.66
2065.05, 1309.93
2065.15, 1310.19
2065.25, 1310.46
2065.36, 1310.73
2065.46, 1311.01
2065.57, 1311.28
2065.68, 1311.56
2065.79, 1311.85
2065.9, 1312.15
2066.03, 1312.47
2066.14, 1312.79
2066.27, 1313.11
2066.39, 1313.44
2066.52, 1313.79
2066.65, 1314.14
2066.79, 1314.51
2066.93, 1314.88
2067.07, 1315.27
2067.22, 1315.66
2067.37, 1316.05
2067.52, 1316.45
2067.73, 1317.15
2067.98, 1317.81
2068.23, 1318.47
2068.47, 1319.11
2068.7, 1319.74
2068.94, 1320.36
2069.16, 1320.97
2069.38, 1321.55
2069.59, 1322.12
2069.8, 1322.67
2070, 1323.19
2070.19, 1323.7
2070.37, 1324.19
2070.55, 1324.65
2070.72, 1325.1
2070.88, 1325.52
2071.03, 1325.93
2071.18, 1326.32
2071.32, 1326.69
2071.45, 1327.04
2071.58, 1327.38
2071.7, 1327.7
2071.82, 1328.02
2071.93, 1328.32
2072.04, 1328.61
2072.15, 1328.89
2072.26, 1329.17
2072.36, 1329.44
2072.46, 1329.71
2072.57, 1329.98
2072.67, 1330.25
2072.77, 1330.52
2072.88, 1330.8
2072.98, 1331.07
2073.09, 1331.36
2073.2, 1331.65
2073.31, 1331.94
2073.42, 1332.25
2073.54, 1332.56
2073.66, 1332.89
2073.79, 1333.22
2073.92, 1333.57
2074.05, 1333.92
2074.19, 1334.29
2074.33, 1334.66
2074.47, 1335.05
2074.62, 1335.43
2074.77, 1335.83
2074.92, 1336.23

waypoints
x, y
2064.02, 1307.26
2064.15, 1307.6
2064.27, 1307.92
2064.39, 1308.23
2064.51, 1308.53
2064.62, 1308.82
2064.73, 1309.11
2064.84, 1309.38
2064.94, 1309.66
2065.05, 1309.93
2065.15, 1310.19
2065.25, 1310.46
2065.36, 1310.73
2065.46, 1311.01
2065.57, 1311.28
2065.68, 1311.56
2065.79, 1311.85
2065.9, 1312.15
2066.03, 1312.47
2066.14, 1312.79
2066.27, 1313.11
2066.39, 1313.44
2066.52, 1313.79
2066.65, 1314.14
2066.79, 1314.51
2066.93, 1314.88
2067.07, 1315.27
2067.22, 1315.66
2067.37, 1316.05
2067.52, 1316.45
2067.73, 1317.15
2067.98, 1317.81
2068.23, 1318.47
2068.47, 1319.11
2068.7, 1319.74
2068.94, 1320.36
2069.16, 1320.97
2069.38, 1321.55
2069.59, 1322.12
2069.8, 1322.67
2070, 1323.19
2070.19, 1323.7
2070.37, 1324.19
2070.55, 1324.65
2070.72, 1325.1
2070.88, 1325.52
2071.03, 1325.93
2071.18, 1326.32
2071.32, 1326.69
2071.45, 1327.04
2071.58, 1327.38
2071.7, 1327.7
2071.82, 1328.02
2071.93, 1328.32
2072.04, 1328.61
2072.15, 1328.89
2072.26, 1329.17
2072.36, 1329.44
2072.46, 1329.71
2072.57, 1329.98
2072.67, 1330.25
2072.77, 1330.52
2072.88, 1330.8
2072.98, 1331.07
2073.09, 1331.36
2073.2, 1331.65
2073.31, 1331.94
2073.42, 1332.25
2073.54, 1332.56
2073.66, 1332.89
2073.79, 1333.22
2073.92, 1333.57
2074.05, 1333.92
2074.19, 1334.29
2074.33, 1334.66
2074.47, 1335.05
2074.62, 1335.43
2074.77, 1335.83
2074.92, 1336.23

waypoints
x, y
2064.39, 1308.23
2064.51, 1308.53
2064.62, 1308.82
2064.73, 1309.11
2064.84, 1309.38
2064.94, 1309.66
2065.05, 1309.93
2065.15, 1310.19
2065.25, 1310.46
2065.36, 1310.73
2065.46, 1311.01
2065.57, 1311.28
2065.68, 1311.56
2065.79, 1311.85
2065.9, 1312.15
2066.03, 1312.47
2066.14, 1312.79
2066.27, 1313.11
2066.39, 1313.44
2066.52, 1313.79
2066.65, 1314.14
2066.79, 1314.51
2066.93, 1314.88
2067.07, 1315.27
2067.22, 1315.66
2067.37, 1316.05
2067.52, 1316.45
2067.73, 1317.15
2067.98, 1317.81
2068.23, 1318.47
2068.47, 1319.11
2068.7, 1319.74
2068.94, 1320.36
2069.16, 1320.97
2069.38, 1321.55
2069.59, 1322.12
2069.8, 1322.67
2070, 1323.19
2070.19, 1323.7
2070.37, 1324.19
2070.55, 1324.65
2070.72, 1325.1
2070.88, 1325.52
2071.03, 1325.93
2071.18, 1326.32
2071.32, 1326.69
2071.45, 1327.04
2071.58, 1327.38
2071.7, 1327.7
2071.82, 1328.02
2071.93, 1328.32
2072.04, 1328.61
2072.15, 1328.89
2072.26, 1329.17
2072.36, 1329.44
2072.46, 1329.71
2072.57, 1329.98
2072.67, 1330.25
2072.77, 1330.52
2072.88, 1330.8
2072.98, 1331.07
2073.09, 1331.36
2073.2, 1331.65
2073.31, 1331.94
2073.42, 1332.25
2073.54, 1332.56
2073.66, 1332.89
2073.79, 1333.22
2073.92, 1333.57
2074.05, 1333.92
2074.19, 1334.29
2074.33, 1334.66
2074.47, 1335.05
2074.62, 1335.43
2074.77, 1335.83
2074.92, 1336.23

waypoints
x, y
2064.84, 1309.38
2064.94, 1309.66
2065.05, 1309.93
2065.15, 1310.19
2065.25, 1310.46
2065.36, 1310.73
2065.46, 1311.01
2065.57, 1311.28
2065.68, 1311.56
2065.79, 1311.85
2065.9, 1312.15
2066.03, 1312.47
2066.14, 1312.79
2066.27, 1313.11
2066.39, 1313.44
2066.52, 1313.79
2066.65, 1314.14
2066.79, 1314.51
2066.93, 1314.88
2067.07, 1315.27
2067.22, 1315.66
2067.37, 1316.05
2067.52, 1316.45
2067.73, 1317.15
2067.98, 1317.81
2068.23, 1318.47
2068.47, 1319.11
2068.7, 1319.74
2068.94, 1320.36
2069.16, 1320.97
2069.38, 1321.55
2069.59, 1322.12
2069.8, 1322.67
2070, 1323.19
2070.19, 1323.7
2070.37, 1324.19
2070.55, 1324.65
2070.72, 1325.1
2070.88, 1325.52
2071.03, 1325.93
2071.18, 1326.32
2071.32, 1326.69
2071.45, 1327.04
2071.58, 1327.38
2071.7, 1327.7
2071.82, 1328.02
2071.93, 1328.32
2072.04, 1328.61
2072.15, 1328.89
2072.26, 1329.17
2072.36, 1329.44
2072.46, 1329.71
2072.57, 1329.98
2072.67, 1330.25
2072.77, 1330.52
2072.88, 1330.8
2072.98, 1331.07
2073.09, 1331.36
2073.2, 1331.65
2073.31, 1331.94
2073.42, 1332.25
2073.54, 1332.56
2073.66, 1332.89
2073.79, 1333.22
2073.92, 1333.57
2074.05, 1333.92
2074.19, 1334.29
2074.33, 1334.66
2074.47, 1335.05
2074.62, 1335.43
2074.77, 1335.83
2074.92, 1336.23

waypoints
x, y
2065.25, 1310.46
2065.36, 1310.73
2065.46, 1311.01
2065.57, 1311.28
2065.68, 1311.56
2065.79, 1311.85
2065.9, 1312.15
2066.03, 1312.47
2066.14, 1312.79
2066.27, 1313.11
2066.39, 1313.44
2066.52, 1313.79
2066.65, 1314.14
2066.79, 1314.51
2066.93, 1314.88
2067.07, 1315.27
2067.22, 1315.66
2067.37, 1316.05
2067.52, 1316.45
2067.73, 1317.15
2067.98, 1317.81
2068.23, 1318.47
2068.47, 1319.11
2068.7, 1319.74
2068.94, 1320.36
2069.16, 1320.97
2069.38, 1321.55
2069.59, 1322.12
2069.8, 1322.67
2070, 1323.19
2070.19, 1323.7
2070.37, 1324.19
2070.55, 1324.65
2070.72, 1325.1
2070.88, 1325.52
2071.03, 1325.93
2071.18, 1326.32
2071.32, 1326.69
2071.45, 1327.04
2071.58, 1327.38
2071.7, 1327.7
2071.82, 1328.02
2071.93, 1328.32
2072.04, 1328.61
2072.15, 1328.89
2072.26, 1329.17
2072.36, 1329.44
2072.46, 1329.71
2072.57, 1329.98
2072.67, 1330.25
2072.77, 1330.52
2072.88, 1330.8
2072.98, 1331.07
2073.09, 1331.36
2073.2, 1331.65
2073.31, 1331.94
2073.42, 1332.25
2073.54, 1332.56
2073.66, 1332.89
2073.79, 1333.22
2073.92, 1333.57
2074.05, 1333.92
2074.19, 1334.29
2074.33, 1334.66
2074.47, 1335.05
2074.62, 1335.43
2074.77, 1335.83
2074.92, 1336.23

waypoints
x, y
2065.57, 1311.28
2065.68, 1311.56
2065.79, 1311.85
2065.9, 1312.15
2066.03, 1312.47
2066.14, 1312.79
2066.27, 1313.11
2066.39, 1313.44
2066.52, 1313.79
2066.65, 1314.14
2066.79, 1314.51
2066.93, 1314.88
2067.07, 1315.27
2067.22, 1315.66
2067.37, 1316.05
2067.52, 1316.45
2067.73, 1317.15
2067.98, 1317.81
2068.23, 1318.47
2068.47, 1319.11
2068.7, 1319.74
2068.94, 1320.36
2069.16, 1320.97
2069.38, 1321.55
2069.59, 1322.12
2069.8, 1322.67
2070, 1323.19
2070.19, 1323.7
2070.37, 1324.19
2070.55, 1324.65
2070.72, 1325.1
2070.88, 1325.52
2071.03, 1325.93
2071.18, 1326.32
2071.32, 1326.69
2071.45, 1327.04
2071.58, 1327.38
2071.7, 1327.7
2071.82, 1328.02
2071.93, 1328.32
2072.04, 1328.61
2072.15, 1328.89
2072.26, 1329.17
2072.36, 1329.44
2072.46, 1329.71
2072.57, 1329.98
2072.67, 1330.25
2072.77, 1330.52
2072.88, 1330.8
2072.98, 1331.07
2073.09, 1331.36
2073.2, 1331.65
2073.31, 1331.94
2073.42, 1332.25
2073.54, 1332.56
2073.66, 1332.89
2073.79, 1333.22
2073.92, 1333.57
2074.05, 1333.92
2074.19, 1334.29
2074.33, 1334.66
2074.47, 1335.05
2074.62, 1335.43
2074.77, 1335.83
2074.92, 1336.23

waypoints
x, y
2066.03, 1312.47
2066.14, 1312.79
2066.27, 1313.11
2066.39, 1313.44
2066.52, 1313.79
2066.65, 1314.14
2066.79, 1314.51
2066.93, 1314.88
2067.07, 1315.27
2067.22, 1315.66
2067.37, 1316.05
2067.52, 1316.45
2067.73, 1317.15
2067.98, 1317.81
2068.23, 1318.47
2068.47, 1319.11
2068.7, 1319.74
2068.94, 1320.36
2069.16, 1320.97
2069.38, 1321.55
2069.59, 1322.12
2069.8, 1322.67
2070, 1323.19
2070.19, 1323.7
2070.37, 1324.19
2070.55, 1324.65
2070.72, 1325.1
2070.88, 1325.52
2071.03, 1325.93
2071.18, 1326.32
2071.32, 1326.69
2071.45, 1327.04
2071.58, 1327.38
2071.7, 1327.7
2071.82, 1328.02
2071.93, 1328.32
2072.04, 1328.61
2072.15, 1328.89
2072.26, 1329.17
2072.36, 1329.44
2072.46, 1329.71
2072.57, 1329.98
2072.67, 1330.25
2072.77, 1330.52
2072.88, 1330.8
2072.98, 1331.07
2073.09, 1331.36
2073.2, 1331.65
2073.31, 1331.94
2073.42, 1332.25
2073.54, 1332.56
2073.66, 1332.89
2073.79, 1333.22
2073.92, 1333.57
2074.05, 1333.92
2074.19, 1334.29
2074.33, 1334.66
2074.47, 1335.05
2074.62, 1335.43
2074.77, 1335.83
2074.92, 1336.23

waypoints
x, y
2066.52, 1313.79
2066.65, 1314.14
2066.79, 1314.51
2066.93, 1314.88
2067.07, 1315.27
2067.22, 1315.66
2067.37, 1316.05
2067.52, 1316.45
2067.73, 1317.15
2067.98, 1317.81
2068.23, 1318.47
2068.47, 1319.11
2068.7, 1319.74
2068.94, 1320.36
2069.16, 1320.97
2069.38, 1321.55
2069.59, 1322.12
2069.8, 1322.67
2070, 1323.19
2070.19, 1323.7
2070.37, 1324.19
2070.55, 1324.65
2070.72, 1325.1
2070.88, 1325.52
2071.03, 1325.93
2071.18, 1326.32
2071.32, 1326.69
2071.45, 1327.04
2071.58, 1327.38
2071.7, 1327.7
2071.82, 1328.02
2071.93, 1328.32
2072.04, 1328.61
2072.15, 1328.89
2072.26, 1329.17
2072.36, 1329.44
2072.46, 1329.71
2072.57, 1329.98
2072.67, 1330.25
2072.77, 1330.52
2072.88, 1330.8
2072.98, 1331.07
2073.09, 1331.36
2073.2, 1331.65
2073.31, 1331.94
2073.42, 1332.25
2073.54, 1332.56
2073.66, 1332.89
2073.79, 1333.22
2073.92, 1333.57
2074.05, 1333.92
2074.19, 1334.29
2074.33, 1334.66
2074.47, 1335.05
2074.62, 1335.43
2074.77, 1335.83
2074.92, 1336.23

waypoints
x, y
2067.07, 1315.27
2067.22, 1315.66
2067.37, 1316.05
2067.52, 1316.45
2067.73, 1317.15
2067.98, 1317.81
2068.23, 1318.47
2068.47, 1319.11
2068.7, 1319.74
2068.94, 1320.36
2069.16, 1320.97
2069.38, 1321.55
2069.59, 1322.12
2069.8, 1322.67
2070, 1323.19
2070.19, 1323.7
2070.37, 1324.19
2070.55, 1324.65
2070.72, 1325.1
2070.88, 1325.52
2071.03, 1325.93
2071.18, 1326.32
2071.32, 1326.69
2071.45, 1327.04
2071.58, 1327.38
2071.7, 1327.7
2071.82, 1328.02
2071.93, 1328.32
2072.04, 1328.61
2072.15, 1328.89
2072.26, 1329.17
2072.36, 1329.44
2072.46, 1329.71
2072.57, 1329.98
2072.67, 1330.25
2072.77, 1330.52
2072.88, 1330.8
2072.98, 1331.07
2073.09, 1331.36
2073.2, 1331.65
2073.31, 1331.94
2073.42, 1332.25
2073.54, 1332.56
2073.66, 1332.89
2073.79, 1333.22
2073.92, 1333.57
2074.05, 1333.92
2074.19, 1334.29
2074.33, 1334.66
2074.47, 1335.05
2074.62, 1335.43
2074.77, 1335.83
2074.92, 1336.23

waypoints
x, y
2067.52, 1316.45
2067.73, 1317.15
2067.98, 1317.81
2068.23, 1318.47
2068.47, 1319.11
2068.7, 1319.74
2068.94, 1320.36
2069.16, 1320.97
2069.38, 1321.55
2069.59, 1322.12
2069.8, 1322.67
2070, 1323.19
2070.19, 1323.7
2070.37, 1324.19
2070.55, 1324.65
2070.72, 1325.1
2070.88, 1325.52
2071.03, 1325.93
2071.18, 1326.32
2071.32, 1326.69
2071.45, 1327.04
2071.58, 1327.38
2071.7, 1327.7
2071.82, 1328.02
2071.93, 1328.32
2072.04, 1328.61
2072.15, 1328.89
2072.26, 1329.17
2072.36, 1329.44
2072.46, 1329.71
2072.57, 1329.98
2072.67, 1330.25
2072.77, 1330.52
2072.88, 1330.8
2072.98, 1331.07
2073.09, 1331.36
2073.2, 1331.65
2073.31, 1331.94
2073.42, 1332.25
2073.54, 1332.56
2073.66, 1332.89
2073.79, 1333.22
2073.92, 1333.57
2074.05, 1333.92
2074.19, 1334.29
2074.33, 1334.66
2074.47, 1335.05
2074.62, 1335.43
2074.77, 1335.83
2074.92, 1336.23

waypoints
x, y
2068.47, 1319.11
2068.7, 1319.74
2068.94, 1320.36
2069.16, 1320.97
2069.38, 1321.55
2069.59, 1322.12
2069.8, 1322.67
2070, 1323.19
2070.19, 1323.7
2070.37, 1324.19
2070.55, 1324.65
2070.72, 1325.1
2070.88, 1325.52
2071.03, 1325.93
2071.18, 1326.32
2071.32, 1326.69
2071.45, 1327.04
2071.58, 1327.38
2071.7, 1327.7
2071.82, 1328.02
2071.93, 1328.32
2072.04, 1328.61
2072.15, 1328.89
2072.26, 1329.17
2072.36, 1329.44
2072.46, 1329.71
2072.57, 1329.98
2072.67, 1330.25
2072.77, 1330.52
2072.88, 1330.8
2072.98, 1331.07
2073.09, 1331.36
2073.2, 1331.65
2073.31, 1331.94
2073.42, 1332.25
2073.54, 1332.56
2073.66, 1332.89
2073.79, 1333.22
2073.92, 1333.57
2074.05, 1333.92
2074.19, 1334.29
2074.33, 1334.66
2074.47, 1335.05
2074.62, 1335.43
2074.77, 1335.83
2074.92, 1336.23
2075.16, 1336.89
2075.41, 1337.54
2075.65, 1338.18
2075.89, 1338.82
2076.12, 1339.44
2076.35, 1340.05
2076.57, 1340.65
2076.79, 1341.22
2077, 1341.79
2077.2, 1342.33
2077.39, 1342.85
2077.58, 1343.35
2077.76, 1343.84
2077.94, 1344.3
2078.12, 1344.86
2078.25, 1345.29
2078.38, 1345.71
2078.5, 1346.11
2078.62, 1346.49
2078.73, 1346.85
2078.84, 1347.2
2078.94, 1347.53
2079.04, 1347.86
2079.14, 1348.17
2079.23, 1348.47
2079.32, 1348.77
2079.41, 1349.06
2079.5, 1349.34
2079.59, 1349.62
2079.67, 1349.9
2079.76, 1350.18
2079.85, 1350.46
2079.94, 1350.75
2080.02, 1351.04
2080.12, 1351.33
2080.21, 1351.63
2080.3, 1351.94
2080.4, 1352.26
2080.5, 1352.58
2080.6, 1352.92
2080.71, 1353.26
2080.82, 1353.62
2080.93, 1353.98
2081.05, 1354.35
2081.16, 1354.74
2081.29, 1355.13
2081.41, 1355.53
2081.53, 1355.93
2081.66, 1356.34

waypoints
x, y
2069.38, 1321.55
2069.59, 1322.12
2069.8, 1322.67
2070, 1323.19
2070.19, 1323.7
2070.37, 1324.19
2070.55, 1324.65
2070.72, 1325.1
2070.88, 1325.52
2071.03, 1325.93
2071.18, 1326.32
2071.32, 1326.69
2071.45, 1327.04
2071.58, 1327.38
2071.7, 1327.7
2071.82, 1328.02
2071.93, 1328.32
2072.04, 1328.61
2072.15, 1328.89
2072.26, 1329.17
2072.36, 1329.44
2072.46, 1329.71
2072.57, 1329.98
2072.67, 1330.25
2072.77, 1330.52
2072.88, 1330.8
2072.98, 1331.07
2073.09, 1331.36
2073.2, 1331.65
2073.31, 1331.94
2073.42, 1332.25
2073.54, 1332.56
2073.66, 1332.89
2073.79, 1333.22
2073.92, 1333.57
2074.05, 1333.92
2074.19, 1334.29
2074.33, 1334.66
2074.47, 1335.05
2074.62, 1335.43
2074.77, 1335.83
2074.92, 1336.23
2075.16, 1336.89
2075.41, 1337.54
2075.65, 1338.18
2075.89, 1338.82
2076.12, 1339.44
2076.35, 1340.05
2076.57, 1340.65
2076.79, 1341.22
2077, 1341.79
2077.2, 1342.33
2077.39, 1342.85
2077.58, 1343.35
2077.76, 1343.84
2077.94, 1344.3
2078.12, 1344.86
2078.25, 1345.29
2078.38, 1345.71
2078.5, 1346.11
2078.62, 1346.48
2078.73, 1346.85
2078.84, 1347.2
2078.94, 1347.53
2079.04, 1347.86
2079.14, 1348.17
2079.23, 1348.47
2079.32, 1348.77
2079.41, 1349.06
2079.5, 1349.34
2079.59, 1349.62
2079.68, 1349.9
2079.76, 1350.18
2079.85, 1350.46
2079.94, 1350.75
2080.03, 1351.04
2080.11, 1351.33
2080.21, 1351.63
2080.3, 1351.94
2080.4, 1352.26
2080.5, 1352.58
2080.6, 1352.92
2080.71, 1353.26
2080.82, 1353.62
2080.93, 1353.98
2081.05, 1354.35
2081.16, 1354.74
2081.28, 1355.13
2081.41, 1355.53
2081.53, 1355.93
2081.66, 1356.34

waypoints
x, y
2070.19, 1323.7
2070.37, 1324.19
2070.55, 1324.65
2070.72, 1325.1
2070.88, 1325.52
2071.03, 1325.93
2071.18, 1326.32
2071.32, 1326.69
2071.45, 1327.04
2071.58, 1327.38
2071.7, 1327.7
2071.82, 1328.02
2071.93, 1328.32
2072.04, 1328.61
2072.15, 1328.89
2072.26, 1329.17
2072.36, 1329.44
2072.46, 1329.71
2072.57, 1329.98
2072.67, 1330.25
2072.77, 1330.52
2072.88, 1330.8
2072.98, 1331.07
2073.09, 1331.36
2073.2, 1331.65
2073.31, 1331.94
2073.42, 1332.25
2073.54, 1332.56
2073.66, 1332.89
2073.79, 1333.22
2073.92, 1333.57
2074.05, 1333.92
2074.19, 1334.29
2074.33, 1334.66
2074.47, 1335.05
2074.62, 1335.43
2074.77, 1335.83
2074.92, 1336.23
2075.16, 1336.89
2075.41, 1337.54
2075.65, 1338.18
2075.89, 1338.82
2076.12, 1339.44
2076.35, 1340.05
2076.57, 1340.65
2076.79, 1341.22
2077, 1341.79
2077.2, 1342.33
2077.39, 1342.85
2077.58, 1343.35
2077.76, 1343.84
2077.94, 1344.3
2078.12, 1344.86
2078.25, 1345.29
2078.38, 1345.71
2078.5, 1346.11
2078.62, 1346.48
2078.73, 1346.85
2078.84, 1347.2
2078.94, 1347.53
2079.04, 1347.86
2079.14, 1348.17
2079.23, 1348.47
2079.32, 1348.77
2079.41, 1349.06
2079.5, 1349.34
2079.59, 1349.62
2079.68, 1349.9
2079.76, 1350.18
2079.85, 1350.46
2079.94, 1350.75
2080.03, 1351.04
2080.11, 1351.33
2080.21, 1351.63
2080.3, 1351.94
2080.4, 1352.26
2080.5, 1352.58
2080.6, 1352.92
2080.71, 1353.26
2080.82, 1353.62
2080.93, 1353.98
2081.05, 1354.35
2081.16, 1354.74
2081.28, 1355.13
2081.41, 1355.53
2081.53, 1355.93
2081.66, 1356.34

waypoints
x, y
2070.88, 1325.52
2071.03, 1325.93
2071.18, 1326.32
2071.32, 1326.69
2071.45, 1327.04
2071.58, 1327.38
2071.7, 1327.7
2071.82, 1328.02
2071.93, 1328.32
2072.04, 1328.61
2072.15, 1328.89
2072.26, 1329.17
2072.36, 1329.44
2072.46, 1329.71
2072.57, 1329.98
2072.67, 1330.25
2072.77, 1330.52
2072.88, 1330.8
2072.98, 1331.07
2073.09, 1331.36
2073.2, 1331.65
2073.31, 1331.94
2073.42, 1332.25
2073.54, 1332.56
2073.66, 1332.89
2073.79, 1333.22
2073.92, 1333.57
2074.05, 1333.92
2074.19, 1334.29
2074.33, 1334.66
2074.47, 1335.05
2074.62, 1335.43
2074.77, 1335.83
2074.92, 1336.23
2075.16, 1336.89
2075.41, 1337.54
2075.65, 1338.18
2075.89, 1338.82
2076.12, 1339.44
2076.35, 1340.05
2076.57, 1340.65
2076.79, 1341.22
2077, 1341.79
2077.2, 1342.33
2077.39, 1342.85
2077.58, 1343.35
2077.76, 1343.84
2077.94, 1344.3
2078.12, 1344.86
2078.25, 1345.29
2078.38, 1345.71
2078.5, 1346.11
2078.62, 1346.48
2078.73, 1346.85
2078.84, 1347.2
2078.94, 1347.53
2079.04, 1347.86
2079.14, 1348.17
2079.23, 1348.47
2079.32, 1348.77
2079.41, 1349.06
2079.5, 1349.34
2079.59, 1349.62
2079.68, 1349.9
2079.76, 1350.18
2079.85, 1350.46
2079.94, 1350.75
2080.03, 1351.04
2080.11, 1351.33
2080.21, 1351.63
2080.3, 1351.94
2080.4, 1352.26
2080.5, 1352.58
2080.6, 1352.92
2080.71, 1353.26
2080.82, 1353.62
2080.93, 1353.98
2081.05, 1354.35
2081.16, 1354.74
2081.28, 1355.13
2081.41, 1355.53
2081.53, 1355.93
2081.66, 1356.34

waypoints
x, y
2071.32, 1326.69
2071.45, 1327.04
2071.58, 1327.38
2071.7, 1327.7
2071.82, 1328.02
2071.93, 1328.32
2072.04, 1328.61
2072.15, 1328.89
2072.26, 1329.17
2072.36, 1329.44
2072.46, 1329.71
2072.57, 1329.98
2072.67, 1330.25
2072.77, 1330.52
2072.88, 1330.8
2072.98, 1331.07
2073.09, 1331.36
2073.2, 1331.65
2073.31, 1331.94
2073.42, 1332.25
2073.54, 1332.56
2073.66, 1332.89
2073.79, 1333.22
2073.92, 1333.57
2074.05, 1333.92
2074.19, 1334.29
2074.33, 1334.66
2074.47, 1335.05
2074.62, 1335.43
2074.77, 1335.83
2074.92, 1336.23
2075.16, 1336.89
2075.41, 1337.54
2075.65, 1338.18
2075.89, 1338.82
2076.12, 1339.44
2076.35, 1340.05
2076.57, 1340.65
2076.79, 1341.22
2077, 1341.79
2077.2, 1342.33
2077.39, 1342.85
2077.58, 1343.35
2077.76, 1343.84
2077.94, 1344.3
2078.12, 1344.86
2078.25, 1345.29
2078.38, 1345.71
2078.5, 1346.11
2078.62, 1346.48
2078.73, 1346.85
2078.84, 1347.2
2078.94, 1347.53
2079.04, 1347.86
2079.14, 1348.17
2079.23, 1348.47
2079.32, 1348.77
2079.41, 1349.06
2079.5, 1349.34
2079.59, 1349.62
2079.68, 1349.9
2079.76, 1350.18
2079.85, 1350.46
2079.94, 1350.75
2080.03, 1351.04
2080.11, 1351.33
2080.21, 1351.63
2080.3, 1351.94
2080.4, 1352.26
2080.5, 1352.58
2080.6, 1352.92
2080.71, 1353.26
2080.82, 1353.62
2080.93, 1353.98
2081.05, 1354.35
2081.16, 1354.74
2081.28, 1355.13
2081.41, 1355.53
2081.53, 1355.93
2081.66, 1356.34

waypoints
x, y
2071.82, 1328.02
2071.93, 1328.32
2072.04, 1328.61
2072.15, 1328.89
2072.26, 1329.17
2072.36, 1329.44
2072.46, 1329.71
2072.57, 1329.98
2072.67, 1330.25
2072.77, 1330.52
2072.88, 1330.8
2072.98, 1331.07
2073.09, 1331.36
2073.2, 1331.65
2073.31, 1331.94
2073.42, 1332.25
2073.54, 1332.56
2073.66, 1332.89
2073.79, 1333.22
2073.92, 1333.57
2074.05, 1333.92
2074.19, 1334.29
2074.33, 1334.66
2074.47, 1335.05
2074.62, 1335.43
2074.77, 1335.83
2074.92, 1336.23
2075.16, 1336.89
2075.41, 1337.54
2075.65, 1338.18
2075.89, 1338.82
2076.12, 1339.44
2076.35, 1340.05
2076.57, 1340.65
2076.79, 1341.22
2077, 1341.79
2077.2, 1342.33
2077.39, 1342.85
2077.58, 1343.35
2077.76, 1343.84
2077.94, 1344.3
2078.12, 1344.86
2078.25, 1345.29
2078.38, 1345.71
2078.5, 1346.11
2078.62, 1346.48
2078.73, 1346.85
2078.84, 1347.2
2078.94, 1347.53
2079.04, 1347.86
2079.14, 1348.17
2079.23, 1348.47
2079.32, 1348.77
2079.41, 1349.06
2079.5, 1349.34
2079.59, 1349.62
2079.68, 1349.9
2079.76, 1350.18
2079.85, 1350.46
2079.94, 1350.75
2080.03, 1351.04
2080.11, 1351.33
2080.21, 1351.63
2080.3, 1351.94
2080.4, 1352.26
2080.5, 1352.58
2080.6, 1352.92
2080.71, 1353.26
2080.82, 1353.62
2080.93, 1353.98
2081.05, 1354.35
2081.16, 1354.74
2081.28, 1355.13
2081.41, 1355.53
2081.53, 1355.93
2081.66, 1356.34

waypoints
x, y
2072.26, 1329.17
2072.36, 1329.44
2072.46, 1329.71
2072.57, 1329.98
2072.67, 1330.25
2072.77, 1330.52
2072.88, 1330.8
2072.98, 1331.07
2073.09, 1331.36
2073.2, 1331.65
2073.31, 1331.94
2073.42, 1332.25
2073.54, 1332.56
2073.66, 1332.89
2073.79, 1333.22
2073.92, 1333.57
2074.05, 1333.92
2074.19, 1334.29
2074.33, 1334.66
2074.47, 1335.05
2074.62, 1335.43
2074.77, 1335.83
2074.92, 1336.23
2075.16, 1336.89
2075.41, 1337.54
2075.65, 1338.18
2075.89, 1338.82
2076.12, 1339.44
2076.35, 1340.05
2076.57, 1340.65
2076.79, 1341.22
2077, 1341.79
2077.2, 1342.33
2077.39, 1342.85
2077.58, 1343.35
2077.76, 1343.84
2077.94, 1344.3
2078.12, 1344.86
2078.25, 1345.29
2078.38, 1345.71
2078.5, 1346.11
2078.62, 1346.48
2078.73, 1346.85
2078.84, 1347.2
2078.94, 1347.53
2079.04, 1347.86
2079.14, 1348.17
2079.23, 1348.47
2079.32, 1348.77
2079.41, 1349.06
2079.5, 1349.34
2079.59, 1349.62
2079.68, 1349.9
2079.76, 1350.18
2079.85, 1350.46
2079.94, 1350.75
2080.03, 1351.04
2080.11, 1351.33
2080.21, 1351.63
2080.3, 1351.94
2080.4, 1352.26
2080.5, 1352.58
2080.6, 1352.92
2080.71, 1353.26
2080.82, 1353.62
2080.93, 1353.98
2081.05, 1354.35
2081.16, 1354.74
2081.28, 1355.13
2081.41, 1355.53
2081.53, 1355.93
2081.66, 1356.34

waypoints
x, y
2072.67, 1330.25
2072.77, 1330.52
2072.88, 1330.8
2072.98, 1331.07
2073.09, 1331.36
2073.2, 1331.65
2073.31, 1331.94
2073.42, 1332.25
2073.54, 1332.56
2073.66, 1332.89
2073.79, 1333.22
2073.92, 1333.57
2074.05, 1333.92
2074.19, 1334.29
2074.33, 1334.66
2074.47, 1335.05
2074.62, 1335.43
2074.77, 1335.83
2074.92, 1336.23
2075.16, 1336.89
2075.41, 1337.54
2075.65, 1338.18
2075.89, 1338.82
2076.12, 1339.44
2076.35, 1340.05
2076.57, 1340.65
2076.79, 1341.22
2077, 1341.79
2077.2, 1342.33
2077.39, 1342.85
2077.58, 1343.35
2077.76, 1343.84
2077.94, 1344.3
2078.12, 1344.86
2078.25, 1345.29
2078.38, 1345.71
2078.5, 1346.11
2078.62, 1346.48
2078.73, 1346.85
2078.84, 1347.2
2078.94, 1347.53
2079.04, 1347.86
2079.14, 1348.17
2079.23, 1348.47
2079.32, 1348.77
2079.41, 1349.06
2079.5, 1349.34
2079.59, 1349.62
2079.68, 1349.9
2079.76, 1350.18
2079.85, 1350.46
2079.94, 1350.75
2080.03, 1351.04
2080.11, 1351.33
2080.21, 1351.63
2080.3, 1351.94
2080.4, 1352.26
2080.5, 1352.58
2080.6, 1352.92
2080.71, 1353.26
2080.82, 1353.62
2080.93, 1353.98
2081.05, 1354.35
2081.16, 1354.74
2081.28, 1355.13
2081.41, 1355.53
2081.53, 1355.93
2081.66, 1356.34

waypoints
x, y
2073.2, 1331.65
2073.31, 1331.94
2073.42, 1332.25
2073.54, 1332.56
2073.66, 1332.89
2073.79, 1333.22
2073.92, 1333.57
2074.05, 1333.92
2074.19, 1334.29
2074.33, 1334.66
2074.47, 1335.05
2074.62, 1335.43
2074.77, 1335.83
2074.92, 1336.23
2075.16, 1336.89
2075.41, 1337.54
2075.65, 1338.18
2075.89, 1338.82
2076.12, 1339.44
2076.35, 1340.05
2076.57, 1340.65
2076.79, 1341.22
2077, 1341.79
2077.2, 1342.33
2077.39, 1342.85
2077.58, 1343.35
2077.76, 1343.84
2077.94, 1344.3
2078.12, 1344.86
2078.25, 1345.29
2078.38, 1345.71
2078.5, 1346.11
2078.62, 1346.48
2078.73, 1346.85
2078.84, 1347.2
2078.94, 1347.53
2079.04, 1347.86
2079.14, 1348.17
2079.23, 1348.47
2079.32, 1348.77
2079.41, 1349.06
2079.5, 1349.34
2079.59, 1349.62
2079.68, 1349.9
2079.76, 1350.18
2079.85, 1350.46
2079.94, 1350.75
2080.03, 1351.04
2080.11, 1351.33
2080.21, 1351.63
2080.3, 1351.94
2080.4, 1352.26
2080.5, 1352.58
2080.6, 1352.92
2080.71, 1353.26
2080.82, 1353.62
2080.93, 1353.98
2081.05, 1354.35
2081.16, 1354.74
2081.28, 1355.13
2081.41, 1355.53
2081.53, 1355.93
2081.66, 1356.34

waypoints
x, y
2073.66, 1332.89
2073.79, 1333.22
2073.92, 1333.57
2074.05, 1333.92
2074.19, 1334.29
2074.33, 1334.66
2074.47, 1335.05
2074.62, 1335.43
2074.77, 1335.83
2074.92, 1336.23
2075.16, 1336.89
2075.41, 1337.54
2075.65, 1338.18
2075.89, 1338.82
2076.12, 1339.44
2076.35, 1340.05
2076.57, 1340.65
2076.79, 1341.22
2077, 1341.79
2077.2, 1342.33
2077.39, 1342.85
2077.58, 1343.35
2077.76, 1343.84
2077.94, 1344.3
2078.12, 1344.86
2078.25, 1345.29
2078.38, 1345.71
2078.5, 1346.11
2078.62, 1346.48
2078.73, 1346.85
2078.84, 1347.2
2078.94, 1347.53
2079.04, 1347.86
2079.14, 1348.17
2079.23, 1348.47
2079.32, 1348.77
2079.41, 1349.06
2079.5, 1349.34
2079.59, 1349.62
2079.68, 1349.9
2079.76, 1350.18
2079.85, 1350.46
2079.94, 1350.75
2080.03, 1351.04
2080.11, 1351.33
2080.21, 1351.63
2080.3, 1351.94
2080.4, 1352.26
2080.5, 1352.58
2080.6, 1352.92
2080.71, 1353.26
2080.82, 1353.62
2080.93, 1353.98
2081.05, 1354.35
2081.16, 1354.74
2081.28, 1355.13
2081.41, 1355.53
2081.53, 1355.93
2081.66, 1356.34

waypoints
x, y
2074.19, 1334.29
2074.33, 1334.66
2074.47, 1335.05
2074.62, 1335.43
2074.77, 1335.83
2074.92, 1336.23
2075.16, 1336.89
2075.41, 1337.54
2075.65, 1338.18
2075.89, 1338.82
2076.12, 1339.44
2076.35, 1340.05
2076.57, 1340.65
2076.79, 1341.22
2077, 1341.79
2077.2, 1342.33
2077.39, 1342.85
2077.58, 1343.35
2077.76, 1343.84
2077.94, 1344.3
2078.12, 1344.86
2078.25, 1345.29
2078.38, 1345.71
2078.5, 1346.11
2078.62, 1346.48
2078.73, 1346.85
2078.84, 1347.2
2078.94, 1347.53
2079.04, 1347.86
2079.14, 1348.17
2079.23, 1348.47
2079.32, 1348.77
2079.41, 1349.06
2079.5, 1349.34
2079.59, 1349.62
2079.68, 1349.9
2079.76, 1350.18
2079.85, 1350.46
2079.94, 1350.75
2080.03, 1351.04
2080.11, 1351.33
2080.21, 1351.63
2080.3, 1351.94
2080.4, 1352.26
2080.5, 1352.58
2080.6, 1352.92
2080.71, 1353.26
2080.82, 1353.62
2080.93, 1353.98
2081.05, 1354.35
2081.16, 1354.74
2081.28, 1355.13
2081.41, 1355.53
2081.53, 1355.93
2081.66, 1356.34

waypoints
x, y
2074.62, 1335.43
2074.77, 1335.83
2074.92, 1336.23
2075.16, 1336.89
2075.41, 1337.54
2075.65, 1338.18
2075.89, 1338.82
2076.12, 1339.44
2076.35, 1340.05
2076.57, 1340.65
2076.79, 1341.22
2077, 1341.79
2077.2, 1342.33
2077.39, 1342.85
2077.58, 1343.35
2077.76, 1343.84
2077.94, 1344.3
2078.12, 1344.86
2078.25, 1345.29
2078.38, 1345.71
2078.5, 1346.11
2078.62, 1346.48
2078.73, 1346.85
2078.84, 1347.2
2078.94, 1347.53
2079.04, 1347.86
2079.14, 1348.17
2079.23, 1348.47
2079.32, 1348.77
2079.41, 1349.06
2079.5, 1349.34
2079.59, 1349.62
2079.68, 1349.9
2079.76, 1350.18
2079.85, 1350.46
2079.94, 1350.75
2080.03, 1351.04
2080.11, 1351.33
2080.21, 1351.63
2080.3, 1351.94
2080.4, 1352.26
2080.5, 1352.58
2080.6, 1352.92
2080.71, 1353.26
2080.82, 1353.62
2080.93, 1353.98
2081.05, 1354.35
2081.16, 1354.74
2081.28, 1355.13
2081.41, 1355.53
2081.53, 1355.93
2081.66, 1356.34

waypoints
x, y
2075.41, 1337.54
2075.65, 1338.18
2075.89, 1338.82
2076.12, 1339.44
2076.35, 1340.05
2076.57, 1340.65
2076.79, 1341.22
2077, 1341.79
2077.2, 1342.33
2077.39, 1342.85
2077.58, 1343.35
2077.76, 1343.84
2077.94, 1344.3
2078.12, 1344.86
2078.25, 1345.29
2078.38, 1345.71
2078.5, 1346.11
2078.62, 1346.48
2078.73, 1346.85
2078.84, 1347.2
2078.94, 1347.53
2079.04, 1347.86
2079.14, 1348.17
2079.23, 1348.47
2079.32, 1348.77
2079.41, 1349.06
2079.5, 1349.34
2079.59, 1349.62
2079.68, 1349.9
2079.76, 1350.18
2079.85, 1350.46
2079.94, 1350.75
2080.03, 1351.04
2080.11, 1351.33
2080.21, 1351.63
2080.3, 1351.94
2080.4, 1352.26
2080.5, 1352.58
2080.6, 1352.92
2080.71, 1353.26
2080.82, 1353.62
2080.93, 1353.98
2081.05, 1354.35
2081.16, 1354.74
2081.28, 1355.13
2081.41, 1355.53
2081.53, 1355.93
2081.66, 1356.34
2081.86, 1357.01
2082.07, 1357.67
2082.27, 1358.33
2082.47, 1358.98
2082.67, 1359.62
2082.86, 1360.24
2083.05, 1360.84
2083.23, 1361.43
2083.4, 1362.01
2083.57, 1362.56
2083.74, 1363.09
2083.9, 1363.61
2084.05, 1364.1
2084.19, 1364.57
2084.33, 1365.02
2084.47, 1365.46
2084.6, 1365.87
2084.72, 1366.27
2084.83, 1366.65
2084.95, 1367.01
2085.05, 1367.36
2085.16, 1367.7
2085.26, 1368.02
2085.35, 1368.33
2085.45, 1368.63
2085.54, 1368.93
2085.63, 1369.22
2085.71, 1369.5
2085.8, 1369.79
2085.89, 1370.07
2085.97, 1370.35
2086.06, 1370.63
2086.15, 1370.91
2086.24, 1371.2
2086.33, 1371.5
2086.42, 1371.8
2086.52, 1372.1
2086.61, 1372.42
2086.72, 1372.77
2086.82, 1373.11
2086.92, 1373.46
2087.02, 1373.81
2087.13, 1374.18
2087.24, 1374.55
2087.35, 1374.94
2087.47, 1375.33
2087.58, 1375.73
2087.7, 1376.14
2087.82, 1376.55

waypoints
x, y
2076.35, 1340.05
2076.57, 1340.65
2076.79, 1341.22
2077, 1341.79
2077.2, 1342.33
2077.39, 1342.85
2077.58, 1343.35
2077.76, 1343.84
2077.94, 1344.3
2078.12, 1344.86
2078.25, 1345.29
2078.38, 1345.71
2078.5, 1346.11
2078.62, 1346.48
2078.73, 1346.85
2078.84, 1347.2
2078.94, 1347.53
2079.04, 1347.86
2079.14, 1348.17
2079.23, 1348.47
2079.32, 1348.77
2079.41, 1349.06
2079.5, 1349.34
2079.59, 1349.62
2079.68, 1349.9
2079.76, 1350.18
2079.85, 1350.46
2079.94, 1350.75
2080.03, 1351.04
2080.11, 1351.33
2080.21, 1351.63
2080.3, 1351.94
2080.4, 1352.26
2080.5, 1352.58
2080.6, 1352.92
2080.71, 1353.26
2080.82, 1353.62
2080.93, 1353.98
2081.05, 1354.35
2081.16, 1354.74
2081.28, 1355.13
2081.41, 1355.53
2081.53, 1355.93
2081.66, 1356.34
2081.86, 1357.01
2082.07, 1357.67
2082.27, 1358.33
2082.47, 1358.98
2082.67, 1359.62
2082.86, 1360.24
2083.05, 1360.85
2083.23, 1361.43
2083.4, 1362.01
2083.57, 1362.56
2083.74, 1363.09
2083.9, 1363.61
2084.05, 1364.1
2084.2, 1364.57
2084.33, 1365.02
2084.47, 1365.46
2084.59, 1365.87
2084.72, 1366.27
2084.83, 1366.65
2084.95, 1367.01
2085.05, 1367.36
2085.16, 1367.69
2085.26, 1368.02
2085.35, 1368.33
2085.45, 1368.63
2085.54, 1368.93
2085.63, 1369.22
2085.72, 1369.5
2085.8, 1369.79
2085.89, 1370.07
2085.97, 1370.35
2086.06, 1370.63
2086.15, 1370.91
2086.24, 1371.2
2086.33, 1371.49
2086.42, 1371.8
2086.52, 1372.1
2086.61, 1372.42
2086.72, 1372.77
2086.82, 1373.11
2086.92, 1373.46
2087.02, 1373.81
2087.13, 1374.18
2087.24, 1374.55
2087.35, 1374.94
2087.47, 1375.33
2087.58, 1375.73
2087.7, 1376.14
2087.82, 1376.55

waypoints
x, y
2077, 1341.79
2077.2, 1342.33
2077.39, 1342.85
2077.58, 1343.35
2077.76, 1343.84
2077.94, 1344.3
2078.12, 1344.86
2078.25, 1345.29
2078.38, 1345.71
2078.5, 1346.11
2078.62, 1346.48
2078.73, 1346.85
2078.84, 1347.2
2078.94, 1347.53
2079.04, 1347.86
2079.14, 1348.17
2079.23, 1348.47
2079.32, 1348.77
2079.41, 1349.06
2079.5, 1349.34
2079.59, 1349.62
2079.68, 1349.9
2079.76, 1350.18
2079.85, 1350.46
2079.94, 1350.75
2080.03, 1351.04
2080.11, 1351.33
2080.21, 1351.63
2080.3, 1351.94
2080.4, 1352.26
2080.5, 1352.58
2080.6, 1352.92
2080.71, 1353.26
2080.82, 1353.62
2080.93, 1353.98
2081.05, 1354.35
2081.16, 1354.74
2081.28, 1355.13
2081.41, 1355.53
2081.53, 1355.93
2081.66, 1356.34
2081.86, 1357.01
2082.07, 1357.67
2082.27, 1358.33
2082.47, 1358.98
2082.67, 1359.62
2082.86, 1360.24
2083.05, 1360.85
2083.23, 1361.43
2083.4, 1362.01
2083.57, 1362.56
2083.74, 1363.09
2083.9, 1363.61
2084.05, 1364.1
2084.2, 1364.57
2084.33, 1365.02
2084.47, 1365.46
2084.59, 1365.87
2084.72, 1366.27
2084.83, 1366.65
2084.95, 1367.01
2085.05, 1367.36
2085.16, 1367.69
2085.26, 1368.02
2085.35, 1368.33
2085.45, 1368.63
2085.54, 1368.93
2085.63, 1369.22
2085.72, 1369.5
2085.8, 1369.79
2085.89, 1370.07
2085.97, 1370.35
2086.06, 1370.63
2086.15, 1370.91
2086.24, 1371.2
2086.33, 1371.49
2086.42, 1371.8
2086.52, 1372.1
2086.61, 1372.42
2086.72, 1372.77
2086.82, 1373.11
2086.92, 1373.46
2087.02, 1373.81
2087.13, 1374.18
2087.24, 1374.55
2087.35, 1374.94
2087.47, 1375.33
2087.58, 1375.73
2087.7, 1376.14
2087.82, 1376.55

waypoints
x, y
2077.76, 1343.84
2077.94, 1344.3
2078.12, 1344.86
2078.25, 1345.29
2078.38, 1345.71
2078.5, 1346.11
2078.62, 1346.48
2078.73, 1346.85
2078.84, 1347.2
2078.94, 1347.53
2079.04, 1347.86
2079.14, 1348.17
2079.23, 1348.47
2079.32, 1348.77
2079.41, 1349.06
2079.5, 1349.34
2079.59, 1349.62
2079.68, 1349.9
2079.76, 1350.18
2079.85, 1350.46
2079.94, 1350.75
2080.03, 1351.04
2080.11, 1351.33
2080.21, 1351.63
2080.3, 1351.94
2080.4, 1352.26
2080.5, 1352.58
2080.6, 1352.92
2080.71, 1353.26
2080.82, 1353.62
2080.93, 1353.98
2081.05, 1354.35
2081.16, 1354.74
2081.28, 1355.13
2081.41, 1355.53
2081.53, 1355.93
2081.66, 1356.34
2081.86, 1357.01
2082.07, 1357.67
2082.27, 1358.33
2082.47, 1358.98
2082.67, 1359.62
2082.86, 1360.24
2083.05, 1360.85
2083.23, 1361.43
2083.4, 1362.01
2083.57, 1362.56
2083.74, 1363.09
2083.9, 1363.61
2084.05, 1364.1
2084.2, 1364.57
2084.33, 1365.02
2084.47, 1365.46
2084.59, 1365.87
2084.72, 1366.27
2084.83, 1366.65
2084.95, 1367.01
2085.05, 1367.36
2085.16, 1367.69
2085.26, 1368.02
2085.35, 1368.33
2085.45, 1368.63
2085.54, 1368.93
2085.63, 1369.22
2085.72, 1369.5
2085.8, 1369.79
2085.89, 1370.07
2085.97, 1370.35
2086.06, 1370.63
2086.15, 1370.91
2086.24, 1371.2
2086.33, 1371.49
2086.42, 1371.8
2086.52, 1372.1
2086.61, 1372.42
2086.72, 1372.77
2086.82, 1373.11
2086.92, 1373.46
2087.02, 1373.81
2087.13, 1374.18
2087.24, 1374.55
2087.35, 1374.94
2087.47, 1375.33
2087.58, 1375.73
2087.7, 1376.14
2087.82, 1376.55

waypoints
x, y
2078.38, 1345.71
2078.5, 1346.11
2078.62, 1346.48
2078.73, 1346.85
2078.84, 1347.2
2078.94, 1347.53
2079.04, 1347.86
2079.14, 1348.17
2079.23, 1348.47
2079.32, 1348.77
2079.41, 1349.06
2079.5, 1349.34
2079.59, 1349.62
2079.68, 1349.9
2079.76, 1350.18
2079.85, 1350.46
2079.94, 1350.75
2080.03, 1351.04
2080.11, 1351.33
2080.21, 1351.63
2080.3, 1351.94
2080.4, 1352.26
2080.5, 1352.58
2080.6, 1352.92
2080.71, 1353.26
2080.82, 1353.62
2080.93, 1353.98
2081.05, 1354.35
2081.16, 1354.74
2081.28, 1355.13
2081.41, 1355.53
2081.53, 1355.93
2081.66, 1356.34
2081.86, 1357.01
2082.07, 1357.67
2082.27, 1358.33
2082.47, 1358.98
2082.67, 1359.62
2082.86, 1360.24
2083.05, 1360.85
2083.23, 1361.43
2083.4, 1362.01
2083.57, 1362.56
2083.74, 1363.09
2083.9, 1363.61
2084.05, 1364.1
2084.2, 1364.57
2084.33, 1365.02
2084.47, 1365.46
2084.59, 1365.87
2084.72, 1366.27
2084.83, 1366.65
2084.95, 1367.01
2085.05, 1367.36
2085.16, 1367.69
2085.26, 1368.02
2085.35, 1368.33
2085.45, 1368.63
2085.54, 1368.93
2085.63, 1369.22
2085.72, 1369.5
2085.8, 1369.79
2085.89, 1370.07
2085.97, 1370.35
2086.06, 1370.63
2086.15, 1370.91
2086.24, 1371.2
2086.33, 1371.49
2086.42, 1371.8
2086.52, 1372.1
2086.61, 1372.42
2086.72, 1372.77
2086.82, 1373.11
2086.92, 1373.46
2087.02, 1373.81
2087.13, 1374.18
2087.24, 1374.55
2087.35, 1374.94
2087.47, 1375.33
2087.58, 1375.73
2087.7, 1376.14
2087.82, 1376.55

waypoints
x, y
2078.73, 1346.85
2078.84, 1347.2
2078.94, 1347.53
2079.04, 1347.86
2079.14, 1348.17
2079.23, 1348.47
2079.32, 1348.77
2079.41, 1349.06
2079.5, 1349.34
2079.59, 1349.62
2079.68, 1349.9
2079.76, 1350.18
2079.85, 1350.46
2079.94, 1350.75
2080.03, 1351.04
2080.11, 1351.33
2080.21, 1351.63
2080.3, 1351.94
2080.4, 1352.26
2080.5, 1352.58
2080.6, 1352.92
2080.71, 1353.26
2080.82, 1353.62
2080.93, 1353.98
2081.05, 1354.35
2081.16, 1354.74
2081.28, 1355.13
2081.41, 1355.53
2081.53, 1355.93
2081.66, 1356.34
2081.86, 1357.01
2082.07, 1357.67
2082.27, 1358.33
2082.47, 1358.98
2082.67, 1359.62
2082.86, 1360.24
2083.05, 1360.85
2083.23, 1361.43
2083.4, 1362.01
2083.57, 1362.56
2083.74, 1363.09
2083.9, 1363.61
2084.05, 1364.1
2084.2, 1364.57
2084.33, 1365.02
2084.47, 1365.46
2084.59, 1365.87
2084.72, 1366.27
2084.83, 1366.65
2084.95, 1367.01
2085.05, 1367.36
2085.16, 1367.69
2085.26, 1368.02
2085.35, 1368.33
2085.45, 1368.63
2085.54, 1368.93
2085.63, 1369.22
2085.72, 1369.5
2085.8, 1369.79
2085.89, 1370.07
2085.97, 1370.35
2086.06, 1370.63
2086.15, 1370.91
2086.24, 1371.2
2086.33, 1371.49
2086.42, 1371.8
2086.52, 1372.1
2086.61, 1372.42
2086.72, 1372.77
2086.82, 1373.11
2086.92, 1373.46
2087.02, 1373.81
2087.13, 1374.18
2087.24, 1374.55
2087.35, 1374.94
2087.47, 1375.33
2087.58, 1375.73
2087.7, 1376.14
2087.82, 1376.55

waypoints
x, y
2079.14, 1348.17
2079.23, 1348.47
2079.32, 1348.77
2079.41, 1349.06
2079.5, 1349.34
2079.59, 1349.62
2079.68, 1349.9
2079.76, 1350.18
2079.85, 1350.46
2079.94, 1350.75
2080.03, 1351.04
2080.11, 1351.33
2080.21, 1351.63
2080.3, 1351.94
2080.4, 1352.26
2080.5, 1352.58
2080.6, 1352.92
2080.71, 1353.26
2080.82, 1353.62
2080.93, 1353.98
2081.05, 1354.35
2081.16, 1354.74
2081.28, 1355.13
2081.41, 1355.53
2081.53, 1355.93
2081.66, 1356.34
2081.86, 1357.01
2082.07, 1357.67
2082.27, 1358.33
2082.47, 1358.98
2082.67, 1359.62
2082.86, 1360.24
2083.05, 1360.85
2083.23, 1361.43
2083.4, 1362.01
2083.57, 1362.56
2083.74, 1363.09
2083.9, 1363.61
2084.05, 1364.1
2084.2, 1364.57
2084.33, 1365.02
2084.47, 1365.46
2084.59, 1365.87
2084.72, 1366.27
2084.83, 1366.65
2084.95, 1367.01
2085.05, 1367.36
2085.16, 1367.69
2085.26, 1368.02
2085.35, 1368.33
2085.45, 1368.63
2085.54, 1368.93
2085.63, 1369.22
2085.72, 1369.5
2085.8, 1369.79
2085.89, 1370.07
2085.97, 1370.35
2086.06, 1370.63
2086.15, 1370.91
2086.24, 1371.2
2086.33, 1371.49
2086.42, 1371.8
2086.52, 1372.1
2086.61, 1372.42
2086.72, 1372.77
2086.82, 1373.11
2086.92, 1373.46
2087.02, 1373.81
2087.13, 1374.18
2087.24, 1374.55
2087.35, 1374.94
2087.47, 1375.33
2087.58, 1375.73
2087.7, 1376.14
2087.82, 1376.55

waypoints
x, y
2079.5, 1349.34
2079.59, 1349.62
2079.68, 1349.9
2079.76, 1350.18
2079.85, 1350.46
2079.94, 1350.75
2080.03, 1351.04
2080.11, 1351.33
2080.21, 1351.63
2080.3, 1351.94
2080.4, 1352.26
2080.5, 1352.58
2080.6, 1352.92
2080.71, 1353.26
2080.82, 1353.62
2080.93, 1353.98
2081.05, 1354.35
2081.16, 1354.74
2081.28, 1355.13
2081.41, 1355.53
2081.53, 1355.93
2081.66, 1356.34
2081.86, 1357.01
2082.07, 1357.67
2082.27, 1358.33
2082.47, 1358.98
2082.67, 1359.62
2082.86, 1360.24
2083.05, 1360.85
2083.23, 1361.43
2083.4, 1362.01
2083.57, 1362.56
2083.74, 1363.09
2083.9, 1363.61
2084.05, 1364.1
2084.2, 1364.57
2084.33, 1365.02
2084.47, 1365.46
2084.59, 1365.87
2084.72, 1366.27
2084.83, 1366.65
2084.95, 1367.01
2085.05, 1367.36
2085.16, 1367.69
2085.26, 1368.02
2085.35, 1368.33
2085.45, 1368.63
2085.54, 1368.93
2085.63, 1369.22
2085.72, 1369.5
2085.8, 1369.79
2085.89, 1370.07
2085.97, 1370.35
2086.06, 1370.63
2086.15, 1370.91
2086.24, 1371.2
2086.33, 1371.49
2086.42, 1371.8
2086.52, 1372.1
2086.61, 1372.42
2086.72, 1372.77
2086.82, 1373.11
2086.92, 1373.46
2087.02, 1373.81
2087.13, 1374.18
2087.24, 1374.55
2087.35, 1374.94
2087.47, 1375.33
2087.58, 1375.73
2087.7, 1376.14
2087.82, 1376.55

waypoints
x, y
2079.76, 1350.18
2079.85, 1350.46
2079.94, 1350.75
2080.03, 1351.04
2080.11, 1351.33
2080.21, 1351.63
2080.3, 1351.94
2080.4, 1352.26
2080.5, 1352.58
2080.6, 1352.92
2080.71, 1353.26
2080.82, 1353.62
2080.93, 1353.98
2081.05, 1354.35
2081.16, 1354.74
2081.28, 1355.13
2081.41, 1355.53
2081.53, 1355.93
2081.66, 1356.34
2081.86, 1357.01
2082.07, 1357.67
2082.27, 1358.33
2082.47, 1358.98
2082.67, 1359.62
2082.86, 1360.24
2083.05, 1360.85
2083.23, 1361.43
2083.4, 1362.01
2083.57, 1362.56
2083.74, 1363.09
2083.9, 1363.61
2084.05, 1364.1
2084.2, 1364.57
2084.33, 1365.02
2084.47, 1365.46
2084.59, 1365.87
2084.72, 1366.27
2084.83, 1366.65
2084.95, 1367.01
2085.05, 1367.36
2085.16, 1367.69
2085.26, 1368.02
2085.35, 1368.33
2085.45, 1368.63
2085.54, 1368.93
2085.63, 1369.22
2085.72, 1369.5
2085.8, 1369.79
2085.89, 1370.07
2085.97, 1370.35
2086.06, 1370.63
2086.15, 1370.91
2086.24, 1371.2
2086.33, 1371.49
2086.42, 1371.8
2086.52, 1372.1
2086.61, 1372.42
2086.72, 1372.77
2086.82, 1373.11
2086.92, 1373.46
2087.02, 1373.81
2087.13, 1374.18
2087.24, 1374.55
2087.35, 1374.94
2087.47, 1375.33
2087.58, 1375.73
2087.7, 1376.14
2087.82, 1376.55

waypoints
x, y
2080.03, 1351.04
2080.11, 1351.33
2080.21, 1351.63
2080.3, 1351.94
2080.4, 1352.26
2080.5, 1352.58
2080.6, 1352.92
2080.71, 1353.26
2080.82, 1353.62
2080.93, 1353.98
2081.05, 1354.35
2081.16, 1354.74
2081.28, 1355.13
2081.41, 1355.53
2081.53, 1355.93
2081.66, 1356.34
2081.86, 1357.01
2082.07, 1357.67
2082.27, 1358.33
2082.47, 1358.98
2082.67, 1359.62
2082.86, 1360.24
2083.05, 1360.85
2083.23, 1361.43
2083.4, 1362.01
2083.57, 1362.56
2083.74, 1363.09
2083.9, 1363.61
2084.05, 1364.1
2084.2, 1364.57
2084.33, 1365.02
2084.47, 1365.46
2084.59, 1365.87
2084.72, 1366.27
2084.83, 1366.65
2084.95, 1367.01
2085.05, 1367.36
2085.16, 1367.69
2085.26, 1368.02
2085.35, 1368.33
2085.45, 1368.63
2085.54, 1368.93
2085.63, 1369.22
2085.72, 1369.5
2085.8, 1369.79
2085.89, 1370.07
2085.97, 1370.35
2086.06, 1370.63
2086.15, 1370.91
2086.24, 1371.2
2086.33, 1371.49
2086.42, 1371.8
2086.52, 1372.1
2086.61, 1372.42
2086.72, 1372.77
2086.82, 1373.11
2086.92, 1373.46
2087.02, 1373.81
2087.13, 1374.18
2087.24, 1374.55
2087.35, 1374.94
2087.47, 1375.33
2087.58, 1375.73
2087.7, 1376.14
2087.82, 1376.55

waypoints
x, y
2080.4, 1352.26
2080.5, 1352.58
2080.6, 1352.92
2080.71, 1353.26
2080.82, 1353.62
2080.93, 1353.98
2081.05, 1354.35
2081.16, 1354.74
2081.28, 1355.13
2081.41, 1355.53
2081.53, 1355.93
2081.66, 1356.34
2081.86, 1357.01
2082.07, 1357.67
2082.27, 1358.33
2082.47, 1358.98
2082.67, 1359.62
2082.86, 1360.24
2083.05, 1360.85
2083.23, 1361.43
2083.4, 1362.01
2083.57, 1362.56
2083.74, 1363.09
2083.9, 1363.61
2084.05, 1364.1
2084.2, 1364.57
2084.33, 1365.02
2084.47, 1365.46
2084.59, 1365.87
2084.72, 1366.27
2084.83, 1366.65
2084.95, 1367.01
2085.05, 1367.36
2085.16, 1367.69
2085.26, 1368.02
2085.35, 1368.33
2085.45, 1368.63
2085.54, 1368.93
2085.63, 1369.22
2085.72, 1369.5
2085.8, 1369.79
2085.89, 1370.07
2085.97, 1370.35
2086.06, 1370.63
2086.15, 1370.91
2086.24, 1371.2
2086.33, 1371.49
2086.42, 1371.8
2086.52, 1372.1
2086.61, 1372.42
2086.72, 1372.77
2086.82, 1373.11
2086.92, 1373.46
2087.02, 1373.81
2087.13, 1374.18
2087.24, 1374.55
2087.35, 1374.94
2087.47, 1375.33
2087.58, 1375.73
2087.7, 1376.14
2087.82, 1376.55

waypoints
x, y
2080.82, 1353.62
2080.93, 1353.98
2081.05, 1354.35
2081.16, 1354.74
2081.28, 1355.13
2081.41, 1355.53
2081.53, 1355.93
2081.66, 1356.34
2081.86, 1357.01
2082.07, 1357.67
2082.27, 1358.33
2082.47, 1358.98
2082.67, 1359.62
2082.86, 1360.24
2083.05, 1360.85
2083.23, 1361.43
2083.4, 1362.01
2083.57, 1362.56
2083.74, 1363.09
2083.9, 1363.61
2084.05, 1364.1
2084.2, 1364.57
2084.33, 1365.02
2084.47, 1365.46
2084.59, 1365.87
2084.72, 1366.27
2084.83, 1366.65
2084.95, 1367.01
2085.05, 1367.36
2085.16, 1367.69
2085.26, 1368.02
2085.35, 1368.33
2085.45, 1368.63
2085.54, 1368.93
2085.63, 1369.22
2085.72, 1369.5
2085.8, 1369.79
2085.89, 1370.07
2085.97, 1370.35
2086.06, 1370.63
2086.15, 1370.91
2086.24, 1371.2
2086.33, 1371.49
2086.42, 1371.8
2086.52, 1372.1
2086.61, 1372.42
2086.72, 1372.77
2086.82, 1373.11
2086.92, 1373.46
2087.02, 1373.81
2087.13, 1374.18
2087.24, 1374.55
2087.35, 1374.94
2087.47, 1375.33
2087.58, 1375.73
2087.7, 1376.14
2087.82, 1376.55

waypoints
x, y
2081.16, 1354.74
2081.28, 1355.13
2081.41, 1355.53
2081.53, 1355.93
2081.66, 1356.34
2081.86, 1357.01
2082.07, 1357.67
2082.27, 1358.33
2082.47, 1358.98
2082.67, 1359.62
2082.86, 1360.24
2083.05, 1360.85
2083.23, 1361.43
2083.4, 1362.01
2083.57, 1362.56
2083.74, 1363.09
2083.9, 1363.61
2084.05, 1364.1
2084.2, 1364.57
2084.33, 1365.02
2084.47, 1365.46
2084.59, 1365.87
2084.72, 1366.27
2084.83, 1366.65
2084.95, 1367.01
2085.05, 1367.36
2085.16, 1367.69
2085.26, 1368.02
2085.35, 1368.33
2085.45, 1368.63
2085.54, 1368.93
2085.63, 1369.22
2085.72, 1369.5
2085.8, 1369.79
2085.89, 1370.07
2085.97, 1370.35
2086.06, 1370.63
2086.15, 1370.91
2086.24, 1371.2
2086.33, 1371.49
2086.42, 1371.8
2086.52, 1372.1
2086.61, 1372.42
2086.72, 1372.77
2086.82, 1373.11
2086.92, 1373.46
2087.02, 1373.81
2087.13, 1374.18
2087.24, 1374.55
2087.35, 1374.94
2087.47, 1375.33
2087.58, 1375.73
2087.7, 1376.14
2087.82, 1376.55

waypoints
x, y
2081.66, 1356.34
2081.86, 1357.01
2082.07, 1357.67
2082.27, 1358.33
2082.47, 1358.98
2082.67, 1359.62
2082.86, 1360.24
2083.05, 1360.85
2083.23, 1361.43
2083.4, 1362.01
2083.57, 1362.56
2083.74, 1363.09
2083.9, 1363.61
2084.05, 1364.1
2084.2, 1364.57
2084.33, 1365.02
2084.47, 1365.46
2084.59, 1365.87
2084.72, 1366.27
2084.83, 1366.65
2084.95, 1367.01
2085.05, 1367.36
2085.16, 1367.69
2085.26, 1368.02
2085.35, 1368.33
2085.45, 1368.63
2085.54, 1368.93
2085.63, 1369.22
2085.72, 1369.5
2085.8, 1369.79
2085.89, 1370.07
2085.97, 1370.35
2086.06, 1370.63
2086.15, 1370.91
2086.24, 1371.2
2086.33, 1371.49
2086.42, 1371.8
2086.52, 1372.1
2086.61, 1372.42
2086.72, 1372.77
2086.82, 1373.11
2086.92, 1373.46
2087.02, 1373.81
2087.13, 1374.18
2087.24, 1374.55
2087.35, 1374.94
2087.47, 1375.33
2087.58, 1375.73
2087.7, 1376.14
2087.82, 1376.55

waypoints
x, y
2082.47, 1358.98
2082.67, 1359.62
2082.86, 1360.24
2083.05, 1360.85
2083.23, 1361.43
2083.4, 1362.01
2083.57, 1362.56
2083.74, 1363.09
2083.9, 1363.61
2084.05, 1364.1
2084.2, 1364.57
2084.33, 1365.02
2084.47, 1365.46
2084.59, 1365.87
2084.72, 1366.27
2084.83, 1366.65
2084.95, 1367.01
2085.05, 1367.36
2085.16, 1367.69
2085.26, 1368.02
2085.35, 1368.33
2085.45, 1368.63
2085.54, 1368.93
2085.63, 1369.22
2085.72, 1369.5
2085.8, 1369.79
2085.89, 1370.07
2085.97, 1370.35
2086.06, 1370.63
2086.15, 1370.91
2086.24, 1371.2
2086.33, 1371.49
2086.42, 1371.8
2086.52, 1372.1
2086.61, 1372.42
2086.72, 1372.77
2086.82, 1373.11
2086.92, 1373.46
2087.02, 1373.81
2087.13, 1374.18
2087.24, 1374.55
2087.35, 1374.94
2087.47, 1375.33
2087.58, 1375.73
2087.7, 1376.14
2087.82, 1376.55
2087.96, 1377.25
2088.16, 1377.91
2088.34, 1378.56
2088.53, 1379.2
2088.72, 1379.83
2088.9, 1380.45
2089.07, 1381.05
2089.24, 1381.63
2089.41, 1382.2
2089.57, 1382.75
2089.73, 1383.28
2089.88, 1383.79
2090.02, 1384.28
2090.16, 1384.75
2090.29, 1385.2
2090.42, 1385.64
2090.54, 1386.05
2090.66, 1386.45
2090.78, 1386.84
2090.89, 1387.2
2090.99, 1387.55
2091.09, 1387.89
2091.19, 1388.22
2091.28, 1388.54
2091.38, 1388.85
2091.47, 1389.15
2091.56, 1389.45
2091.64, 1389.74
2091.73, 1390.02
2091.81, 1390.31
2091.9, 1390.6
2091.99, 1390.89
2092.07, 1391.18
2092.16, 1391.47
2092.25, 1391.77
2092.34, 1392.08
2092.43, 1392.39
2092.53, 1392.71
2092.63, 1393.04
2092.73, 1393.38
2092.83, 1393.73
2092.94, 1394.09
2093.04, 1394.46
2093.15, 1394.83
2093.27, 1395.22
2093.38, 1395.61
2093.5, 1396.02
2093.62, 1396.42
2093.74, 1396.83

waypoints
x, y
2083.23, 1361.43
2083.4, 1362.01
2083.57, 1362.56
2083.74, 1363.09
2083.9, 1363.61
2084.05, 1364.1
2084.2, 1364.57
2084.33, 1365.02
2084.47, 1365.46
2084.59, 1365.87
2084.72, 1366.27
2084.83, 1366.65
2084.95, 1367.01
2085.05, 1367.36
2085.16, 1367.69
2085.26, 1368.02
2085.35, 1368.33
2085.45, 1368.63
2085.54, 1368.93
2085.63, 1369.22
2085.72, 1369.5
2085.8, 1369.79
2085.89, 1370.07
2085.97, 1370.35
2086.06, 1370.63
2086.15, 1370.91
2086.24, 1371.2
2086.33, 1371.49
2086.42, 1371.8
2086.52, 1372.1
2086.61, 1372.42
2086.72, 1372.77
2086.82, 1373.11
2086.92, 1373.46
2087.02, 1373.81
2087.13, 1374.18
2087.24, 1374.55
2087.35, 1374.94
2087.47, 1375.33
2087.58, 1375.73
2087.7, 1376.14
2087.82, 1376.55
2087.96, 1377.26
2088.16, 1377.91
2088.34, 1378.56
2088.53, 1379.2
2088.72, 1379.83
2088.9, 1380.45
2089.07, 1381.05
2089.24, 1381.63
2089.41, 1382.2
2089.57, 1382.75
2089.72, 1383.28
2089.88, 1383.79
2090.02, 1384.28
2090.16, 1384.75
2090.29, 1385.2
2090.42, 1385.64
2090.54, 1386.05
2090.66, 1386.45
2090.78, 1386.84
2090.89, 1387.2
2090.99, 1387.56
2091.09, 1387.89
2091.19, 1388.22
2091.28, 1388.54
2091.38, 1388.85
2091.47, 1389.15
2091.56, 1389.44
2091.64, 1389.74
2091.73, 1390.02
2091.82, 1390.31
2091.9, 1390.6
2091.99, 1390.89
2092.07, 1391.18
2092.16, 1391.47
2092.25, 1391.77
2092.34, 1392.08
2092.43, 1392.39
2092.53, 1392.71
2092.63, 1393.04
2092.73, 1393.38
2092.83, 1393.73
2092.93, 1394.09
2093.04, 1394.46
2093.15, 1394.83
2093.27, 1395.22
2093.38, 1395.62
2093.5, 1396.02
2093.62, 1396.42
2093.74, 1396.83

waypoints
x, y
2083.9, 1363.61
2084.05, 1364.1
2084.2, 1364.57
2084.33, 1365.02
2084.47, 1365.46
2084.59, 1365.87
2084.72, 1366.27
2084.83, 1366.65
2084.95, 1367.01
2085.05, 1367.36
2085.16, 1367.69
2085.26, 1368.02
2085.35, 1368.33
2085.45, 1368.63
2085.54, 1368.93
2085.63, 1369.22
2085.72, 1369.5
2085.8, 1369.79
2085.89, 1370.07
2085.97, 1370.35
2086.06, 1370.63
2086.15, 1370.91
2086.24, 1371.2
2086.33, 1371.49
2086.42, 1371.8
2086.52, 1372.1
2086.61, 1372.42
2086.72, 1372.77
2086.82, 1373.11
2086.92, 1373.46
2087.02, 1373.81
2087.13, 1374.18
2087.24, 1374.55
2087.35, 1374.94
2087.47, 1375.33
2087.58, 1375.73
2087.7, 1376.14
2087.82, 1376.55
2087.96, 1377.26
2088.16, 1377.91
2088.34, 1378.56
2088.53, 1379.2
2088.72, 1379.83
2088.9, 1380.45
2089.07, 1381.05
2089.24, 1381.63
2089.41, 1382.2
2089.57, 1382.75
2089.72, 1383.28
2089.88, 1383.79
2090.02, 1384.28
2090.16, 1384.75
2090.29, 1385.2
2090.42, 1385.64
2090.54, 1386.05
2090.66, 1386.45
2090.78, 1386.84
2090.89, 1387.2
2090.99, 1387.56
2091.09, 1387.89
2091.19, 1388.22
2091.28, 1388.54
2091.38, 1388.85
2091.47, 1389.15
2091.56, 1389.44
2091.64, 1389.74
2091.73, 1390.02
2091.82, 1390.31
2091.9, 1390.6
2091.99, 1390.89
2092.07, 1391.18
2092.16, 1391.47
2092.25, 1391.77
2092.34, 1392.08
2092.43, 1392.39
2092.53, 1392.71
2092.63, 1393.04
2092.73, 1393.38
2092.83, 1393.73
2092.93, 1394.09
2093.04, 1394.46
2093.15, 1394.83
2093.27, 1395.22
2093.38, 1395.62
2093.5, 1396.02
2093.62, 1396.42
2093.74, 1396.83

waypoints
x, y
2084.33, 1365.02
2084.47, 1365.46
2084.59, 1365.87
2084.72, 1366.27
2084.83, 1366.65
2084.95, 1367.01
2085.05, 1367.36
2085.16, 1367.69
2085.26, 1368.02
2085.35, 1368.33
2085.45, 1368.63
2085.54, 1368.93
2085.63, 1369.22
2085.72, 1369.5
2085.8, 1369.79
2085.89, 1370.07
2085.97, 1370.35
2086.06, 1370.63
2086.15, 1370.91
2086.24, 1371.2
2086.33, 1371.49
2086.42, 1371.8
2086.52, 1372.1
2086.61, 1372.42
2086.72, 1372.77
2086.82, 1373.11
2086.92, 1373.46
2087.02, 1373.81
2087.13, 1374.18
2087.24, 1374.55
2087.35, 1374.94
2087.47, 1375.33
2087.58, 1375.73
2087.7, 1376.14
2087.82, 1376.55
2087.96, 1377.26
2088.16, 1377.91
2088.34, 1378.56
2088.53, 1379.2
2088.72, 1379.83
2088.9, 1380.45
2089.07, 1381.05
2089.24, 1381.63
2089.41, 1382.2
2089.57, 1382.75
2089.72, 1383.28
2089.88, 1383.79
2090.02, 1384.28
2090.16, 1384.75
2090.29, 1385.2
2090.42, 1385.64
2090.54, 1386.05
2090.66, 1386.45
2090.78, 1386.84
2090.89, 1387.2
2090.99, 1387.56
2091.09, 1387.89
2091.19, 1388.22
2091.28, 1388.54
2091.38, 1388.85
2091.47, 1389.15
2091.56, 1389.44
2091.64, 1389.74
2091.73, 1390.02
2091.82, 1390.31
2091.9, 1390.6
2091.99, 1390.89
2092.07, 1391.18
2092.16, 1391.47
2092.25, 1391.77
2092.34, 1392.08
2092.43, 1392.39
2092.53, 1392.71
2092.63, 1393.04
2092.73, 1393.38
2092.83, 1393.73
2092.93, 1394.09
2093.04, 1394.46
2093.15, 1394.83
2093.27, 1395.22
2093.38, 1395.62
2093.5, 1396.02
2093.62, 1396.42
2093.74, 1396.83

waypoints
x, y
2084.83, 1366.65
2084.95, 1367.01
2085.05, 1367.36
2085.16, 1367.69
2085.26, 1368.02
2085.35, 1368.33
2085.45, 1368.63
2085.54, 1368.93
2085.63, 1369.22
2085.72, 1369.5
2085.8, 1369.79
2085.89, 1370.07
2085.97, 1370.35
2086.06, 1370.63
2086.15, 1370.91
2086.24, 1371.2
2086.33, 1371.49
2086.42, 1371.8
2086.52, 1372.1
2086.61, 1372.42
2086.72, 1372.77
2086.82, 1373.11
2086.92, 1373.46
2087.02, 1373.81
2087.13, 1374.18
2087.24, 1374.55
2087.35, 1374.94
2087.47, 1375.33
2087.58, 1375.73
2087.7, 1376.14
2087.82, 1376.55
2087.96, 1377.26
2088.16, 1377.91
2088.34, 1378.56
2088.53, 1379.2
2088.72, 1379.83
2088.9, 1380.45
2089.07, 1381.05
2089.24, 1381.63
2089.41, 1382.2
2089.57, 1382.75
2089.72, 1383.28
2089.88, 1383.79
2090.02, 1384.28
2090.16, 1384.75
2090.29, 1385.2
2090.42, 1385.64
2090.54, 1386.05
2090.66, 1386.45
2090.78, 1386.84
2090.89, 1387.2
2090.99, 1387.56
2091.09, 1387.89
2091.19, 1388.22
2091.28, 1388.54
2091.38, 1388.85
2091.47, 1389.15
2091.56, 1389.44
2091.64, 1389.74
2091.73, 1390.02
2091.82, 1390.31
2091.9, 1390.6
2091.99, 1390.89
2092.07, 1391.18
2092.16, 1391.47
2092.25, 1391.77
2092.34, 1392.08
2092.43, 1392.39
2092.53, 1392.71
2092.63, 1393.04
2092.73, 1393.38
2092.83, 1393.73
2092.93, 1394.09
2093.04, 1394.46
2093.15, 1394.83
2093.27, 1395.22
2093.38, 1395.62
2093.5, 1396.02
2093.62, 1396.42
2093.74, 1396.83

waypoints
x, y
2085.26, 1368.02
2085.35, 1368.33
2085.45, 1368.63
2085.54, 1368.93
2085.63, 1369.22
2085.72, 1369.5
2085.8, 1369.79
2085.89, 1370.07
2085.97, 1370.35
2086.06, 1370.63
2086.15, 1370.91
2086.24, 1371.2
2086.33, 1371.49
2086.42, 1371.8
2086.52, 1372.1
2086.61, 1372.42
2086.72, 1372.77
2086.82, 1373.11
2086.92, 1373.46
2087.02, 1373.81
2087.13, 1374.18
2087.24, 1374.55
2087.35, 1374.94
2087.47, 1375.33
2087.58, 1375.73
2087.7, 1376.14
2087.82, 1376.55
2087.96, 1377.26
2088.16, 1377.91
2088.34, 1378.56
2088.53, 1379.2
2088.72, 1379.83
2088.9, 1380.45
2089.07, 1381.05
2089.24, 1381.63
2089.41, 1382.2
2089.57, 1382.75
2089.72, 1383.28
2089.88, 1383.79
2090.02, 1384.28
2090.16, 1384.75
2090.29, 1385.2
2090.42, 1385.64
2090.54, 1386.05
2090.66, 1386.45
2090.78, 1386.84
2090.89, 1387.2
2090.99, 1387.56
2091.09, 1387.89
2091.19, 1388.22
2091.28, 1388.54
2091.38, 1388.85
2091.47, 1389.15
2091.56, 1389.44
2091.64, 1389.74
2091.73, 1390.02
2091.82, 1390.31
2091.9, 1390.6
2091.99, 1390.89
2092.07, 1391.18
2092.16, 1391.47
2092.25, 1391.77
2092.34, 1392.08
2092.43, 1392.39
2092.53, 1392.71
2092.63, 1393.04
2092.73, 1393.38
2092.83, 1393.73
2092.93, 1394.09
2093.04, 1394.46
2093.15, 1394.83
2093.27, 1395.22
2093.38, 1395.62
2093.5, 1396.02
2093.62, 1396.42
2093.74, 1396.83

waypoints
x, y
2085.54, 1368.93
2085.63, 1369.22
2085.72, 1369.5
2085.8, 1369.79
2085.89, 1370.07
2085.97, 1370.35
2086.06, 1370.63
2086.15, 1370.91
2086.24, 1371.2
2086.33, 1371.49
2086.42, 1371.8
2086.52, 1372.1
2086.61, 1372.42
2086.72, 1372.77
2086.82, 1373.11
2086.92, 1373.46
2087.02, 1373.81
2087.13, 1374.18
2087.24, 1374.55
2087.35, 1374.94
2087.47, 1375.33
2087.58, 1375.73
2087.7, 1376.14
2087.82, 1376.55
2087.96, 1377.26
2088.16, 1377.91
2088.34, 1378.56
2088.53, 1379.2
2088.72, 1379.83
2088.9, 1380.45
2089.07, 1381.05
2089.24, 1381.63
2089.41, 1382.2
2089.57, 1382.75
2089.72, 1383.28
2089.88, 1383.79
2090.02, 1384.28
2090.16, 1384.75
2090.29, 1385.2
2090.42, 1385.64
2090.54, 1386.05
2090.66, 1386.45
2090.78, 1386.84
2090.89, 1387.2
2090.99, 1387.56
2091.09, 1387.89
2091.19, 1388.22
2091.28, 1388.54
2091.38, 1388.85
2091.47, 1389.15
2091.56, 1389.44
2091.64, 1389.74
2091.73, 1390.02
2091.82, 1390.31
2091.9, 1390.6
2091.99, 1390.89
2092.07, 1391.18
2092.16, 1391.47
2092.25, 1391.77
2092.34, 1392.08
2092.43, 1392.39
2092.53, 1392.71
2092.63, 1393.04
2092.73, 1393.38
2092.83, 1393.73
2092.93, 1394.09
2093.04, 1394.46
2093.15, 1394.83
2093.27, 1395.22
2093.38, 1395.62
2093.5, 1396.02
2093.62, 1396.42
2093.74, 1396.83

waypoints
x, y
2085.89, 1370.07
2085.97, 1370.35
2086.06, 1370.63
2086.15, 1370.91
2086.24, 1371.2
2086.33, 1371.49
2086.42, 1371.8
2086.52, 1372.1
2086.61, 1372.42
2086.72, 1372.77
2086.82, 1373.11
2086.92, 1373.46
2087.02, 1373.81
2087.13, 1374.18
2087.24, 1374.55
2087.35, 1374.94
2087.47, 1375.33
2087.58, 1375.73
2087.7, 1376.14
2087.82, 1376.55
2087.96, 1377.26
2088.16, 1377.91
2088.34, 1378.56
2088.53, 1379.2
2088.72, 1379.83
2088.9, 1380.45
2089.07, 1381.05
2089.24, 1381.63
2089.41, 1382.2
2089.57, 1382.75
2089.72, 1383.28
2089.88, 1383.79
2090.02, 1384.28
2090.16, 1384.75
2090.29, 1385.2
2090.42, 1385.64
2090.54, 1386.05
2090.66, 1386.45
2090.78, 1386.84
2090.89, 1387.2
2090.99, 1387.56
2091.09, 1387.89
2091.19, 1388.22
2091.28, 1388.54
2091.38, 1388.85
2091.47, 1389.15
2091.56, 1389.44
2091.64, 1389.74
2091.73, 1390.02
2091.82, 1390.31
2091.9, 1390.6
2091.99, 1390.89
2092.07, 1391.18
2092.16, 1391.47
2092.25, 1391.77
2092.34, 1392.08
2092.43, 1392.39
2092.53, 1392.71
2092.63, 1393.04
2092.73, 1393.38
2092.83, 1393.73
2092.93, 1394.09
2093.04, 1394.46
2093.15, 1394.83
2093.27, 1395.22
2093.38, 1395.62
2093.5, 1396.02
2093.62, 1396.42
2093.74, 1396.83

waypoints
x, y
2086.24, 1371.2
2086.33, 1371.49
2086.42, 1371.8
2086.52, 1372.1
2086.61, 1372.42
2086.72, 1372.77
2086.82, 1373.11
2086.92, 1373.46
2087.02, 1373.81
2087.13, 1374.18
2087.24, 1374.55
2087.35, 1374.94
2087.47, 1375.33
2087.58, 1375.73
2087.7, 1376.14
2087.82, 1376.55
2087.96, 1377.26
2088.16, 1377.91
2088.34, 1378.56
2088.53, 1379.2
2088.72, 1379.83
2088.9, 1380.45
2089.07, 1381.05
2089.24, 1381.63
2089.41, 1382.2
2089.57, 1382.75
2089.72, 1383.28
2089.88, 1383.79
2090.02, 1384.28
2090.16, 1384.75
2090.29, 1385.2
2090.42, 1385.64
2090.54, 1386.05
2090.66, 1386.45
2090.78, 1386.84
2090.89, 1387.2
2090.99, 1387.56
2091.09, 1387.89
2091.19, 1388.22
2091.28, 1388.54
2091.38, 1388.85
2091.47, 1389.15
2091.56, 1389.44
2091.64, 1389.74
2091.73, 1390.02
2091.82, 1390.31
2091.9, 1390.6
2091.99, 1390.89
2092.07, 1391.18
2092.16, 1391.47
2092.25, 1391.77
2092.34, 1392.08
2092.43, 1392.39
2092.53, 1392.71
2092.63, 1393.04
2092.73, 1393.38
2092.83, 1393.73
2092.93, 1394.09
2093.04, 1394.46
2093.15, 1394.83
2093.27, 1395.22
2093.38, 1395.62
2093.5, 1396.02
2093.62, 1396.42
2093.74, 1396.83

waypoints
x, y
2086.52, 1372.1
2086.61, 1372.42
2086.72, 1372.77
2086.82, 1373.11
2086.92, 1373.46
2087.02, 1373.81
2087.13, 1374.18
2087.24, 1374.55
2087.35, 1374.94
2087.47, 1375.33
2087.58, 1375.73
2087.7, 1376.14
2087.82, 1376.55
2087.96, 1377.26
2088.16, 1377.91
2088.34, 1378.56
2088.53, 1379.2
2088.72, 1379.83
2088.9, 1380.45
2089.07, 1381.05
2089.24, 1381.63
2089.41, 1382.2
2089.57, 1382.75
2089.72, 1383.28
2089.88, 1383.79
2090.02, 1384.28
2090.16, 1384.75
2090.29, 1385.2
2090.42, 1385.64
2090.54, 1386.05
2090.66, 1386.45
2090.78, 1386.84
2090.89, 1387.2
2090.99, 1387.56
2091.09, 1387.89
2091.19, 1388.22
2091.28, 1388.54
2091.38, 1388.85
2091.47, 1389.15
2091.56, 1389.44
2091.64, 1389.74
2091.73, 1390.02
2091.82, 1390.31
2091.9, 1390.6
2091.99, 1390.89
2092.07, 1391.18
2092.16, 1391.47
2092.25, 1391.77
2092.34, 1392.08
2092.43, 1392.39
2092.53, 1392.71
2092.63, 1393.04
2092.73, 1393.38
2092.83, 1393.73
2092.93, 1394.09
2093.04, 1394.46
2093.15, 1394.83
2093.27, 1395.22
2093.38, 1395.62
2093.5, 1396.02
2093.62, 1396.42
2093.74, 1396.83

waypoints
x, y
2086.92, 1373.46
2087.02, 1373.81
2087.13, 1374.18
2087.24, 1374.55
2087.35, 1374.94
2087.47, 1375.33
2087.58, 1375.73
2087.7, 1376.14
2087.82, 1376.55
2087.96, 1377.26
2088.16, 1377.91
2088.34, 1378.56
2088.53, 1379.2
2088.72, 1379.83
2088.9, 1380.45
2089.07, 1381.05
2089.24, 1381.63
2089.41, 1382.2
2089.57, 1382.75
2089.72, 1383.28
2089.88, 1383.79
2090.02, 1384.28
2090.16, 1384.75
2090.29, 1385.2
2090.42, 1385.64
2090.54, 1386.05
2090.66, 1386.45
2090.78, 1386.84
2090.89, 1387.2
2090.99, 1387.56
2091.09, 1387.89
2091.19, 1388.22
2091.28, 1388.54
2091.38, 1388.85
2091.47, 1389.15
2091.56, 1389.44
2091.64, 1389.74
2091.73, 1390.02
2091.82, 1390.31
2091.9, 1390.6
2091.99, 1390.89
2092.07, 1391.18
2092.16, 1391.47
2092.25, 1391.77
2092.34, 1392.08
2092.43, 1392.39
2092.53, 1392.71
2092.63, 1393.04
2092.73, 1393.38
2092.83, 1393.73
2092.93, 1394.09
2093.04, 1394.46
2093.15, 1394.83
2093.27, 1395.22
2093.38, 1395.62
2093.5, 1396.02
2093.62, 1396.42
2093.74, 1396.83

waypoints
x, y
2087.24, 1374.55
2087.35, 1374.94
2087.47, 1375.33
2087.58, 1375.73
2087.7, 1376.14
2087.82, 1376.55
2087.96, 1377.26
2088.16, 1377.91
2088.34, 1378.56
2088.53, 1379.2
2088.72, 1379.83
2088.9, 1380.45
2089.07, 1381.05
2089.24, 1381.63
2089.41, 1382.2
2089.57, 1382.75
2089.72, 1383.28
2089.88, 1383.79
2090.02, 1384.28
2090.16, 1384.75
2090.29, 1385.2
2090.42, 1385.64
2090.54, 1386.05
2090.66, 1386.45
2090.78, 1386.84
2090.89, 1387.2
2090.99, 1387.56
2091.09, 1387.89
2091.19, 1388.22
2091.28, 1388.54
2091.38, 1388.85
2091.47, 1389.15
2091.56, 1389.44
2091.64, 1389.74
2091.73, 1390.02
2091.82, 1390.31
2091.9, 1390.6
2091.99, 1390.89
2092.07, 1391.18
2092.16, 1391.47
2092.25, 1391.77
2092.34, 1392.08
2092.43, 1392.39
2092.53, 1392.71
2092.63, 1393.04
2092.73, 1393.38
2092.83, 1393.73
2092.93, 1394.09
2093.04, 1394.46
2093.15, 1394.83
2093.27, 1395.22
2093.38, 1395.62
2093.5, 1396.02
2093.62, 1396.42
2093.74, 1396.83

waypoints
x, y
2087.7, 1376.14
2087.82, 1376.55
2087.96, 1377.26
2088.16, 1377.91
2088.34, 1378.56
2088.53, 1379.2
2088.72, 1379.83
2088.9, 1380.45
2089.07, 1381.05
2089.24, 1381.63
2089.41, 1382.2
2089.57, 1382.75
2089.72, 1383.28
2089.88, 1383.79
2090.02, 1384.28
2090.16, 1384.75
2090.29, 1385.2
2090.42, 1385.64
2090.54, 1386.05
2090.66, 1386.45
2090.78, 1386.84
2090.89, 1387.2
2090.99, 1387.56
2091.09, 1387.89
2091.19, 1388.22
2091.28, 1388.54
2091.38, 1388.85
2091.47, 1389.15
2091.56, 1389.44
2091.64, 1389.74
2091.73, 1390.02
2091.82, 1390.31
2091.9, 1390.6
2091.99, 1390.89
2092.07, 1391.18
2092.16, 1391.47
2092.25, 1391.77
2092.34, 1392.08
2092.43, 1392.39
2092.53, 1392.71
2092.63, 1393.04
2092.73, 1393.38
2092.83, 1393.73
2092.93, 1394.09
2093.04, 1394.46
2093.15, 1394.83
2093.27, 1395.22
2093.38, 1395.62
2093.5, 1396.02
2093.62, 1396.42
2093.74, 1396.83

waypoints
x, y
2088.16, 1377.91
2088.34, 1378.56
2088.53, 1379.2
2088.72, 1379.83
2088.9, 1380.45
2089.07, 1381.05
2089.24, 1381.63
2089.41, 1382.2
2089.57, 1382.75
2089.72, 1383.28
2089.88, 1383.79
2090.02, 1384.28
2090.16, 1384.75
2090.29, 1385.2
2090.42, 1385.64
2090.54, 1386.05
2090.66, 1386.45
2090.78, 1386.84
2090.89, 1387.2
2090.99, 1387.56
2091.09, 1387.89
2091.19, 1388.22
2091.28, 1388.54
2091.38, 1388.85
2091.47, 1389.15
2091.56, 1389.44
2091.64, 1389.74
2091.73, 1390.02
2091.82, 1390.31
2091.9, 1390.6
2091.99, 1390.89
2092.07, 1391.18
2092.16, 1391.47
2092.25, 1391.77
2092.34, 1392.08
2092.43, 1392.39
2092.53, 1392.71
2092.63, 1393.04
2092.73, 1393.38
2092.83, 1393.73
2092.93, 1394.09
2093.04, 1394.46
2093.15, 1394.83
2093.27, 1395.22
2093.38, 1395.62
2093.5, 1396.02
2093.62, 1396.42
2093.74, 1396.83
2093.94, 1397.52
2094.14, 1398.21
2094.34, 1398.89
2094.53, 1399.56
2094.72, 1400.21
2094.91, 1400.85
2095.09, 1401.48
2095.27, 1402.11
2095.44, 1402.7
2095.59, 1403.27
2095.74, 1403.82
2095.89, 1404.34
2096.03, 1404.84
2096.16, 1405.33
2096.29, 1405.79
2096.41, 1406.22
2096.52, 1406.64
2096.63, 1407.04
2096.74, 1407.42
2096.84, 1407.79
2096.93, 1408.13
2097.03, 1408.47
2097.11, 1408.78
2097.2, 1409.09
2097.28, 1409.39
2097.36, 1409.68
2097.44, 1409.96
2097.52, 1410.24
2097.59, 1410.52
2097.67, 1410.79
2097.74, 1411.06
2097.82, 1411.34
2097.89, 1411.61
2097.97, 1411.9
2098.05, 1412.18
2098.13, 1412.48
2098.22, 1412.78
2098.3, 1413.09
2098.39, 1413.41
2098.48, 1413.75
2098.58, 1414.09
2098.67, 1414.44
2098.77, 1414.81
2098.88, 1415.18
2098.98, 1415.57
2099.09, 1415.96
2099.2, 1416.36
2099.32, 1416.77
2099.43, 1417.18

waypoints
x, y
2088.9, 1380.45
2089.07, 1381.05
2089.24, 1381.63
2089.41, 1382.2
2089.57, 1382.75
2089.72, 1383.28
2089.88, 1383.79
2090.02, 1384.28
2090.16, 1384.75
2090.29, 1385.2
2090.42, 1385.64
2090.54, 1386.05
2090.66, 1386.45
2090.78, 1386.84
2090.89, 1387.2
2090.99, 1387.56
2091.09, 1387.89
2091.19, 1388.22
2091.28, 1388.54
2091.38, 1388.85
2091.47, 1389.15
2091.56, 1389.44
2091.64, 1389.74
2091.73, 1390.02
2091.82, 1390.31
2091.9, 1390.6
2091.99, 1390.89
2092.07, 1391.18
2092.16, 1391.47
2092.25, 1391.77
2092.34, 1392.08
2092.43, 1392.39
2092.53, 1392.71
2092.63, 1393.04
2092.73, 1393.38
2092.83, 1393.73
2092.93, 1394.09
2093.04, 1394.46
2093.15, 1394.83
2093.27, 1395.22
2093.38, 1395.62
2093.5, 1396.02
2093.62, 1396.42
2093.74, 1396.83
2093.94, 1397.52
2094.14, 1398.21
2094.34, 1398.89
2094.53, 1399.56
2094.72, 1400.21
2094.91, 1400.85
2095.09, 1401.48
2095.27, 1402.11
2095.44, 1402.7
2095.59, 1403.27
2095.74, 1403.82
2095.89, 1404.34
2096.03, 1404.84
2096.16, 1405.33
2096.29, 1405.79
2096.41, 1406.22
2096.52, 1406.64
2096.63, 1407.04
2096.74, 1407.42
2096.84, 1407.79
2096.93, 1408.13
2097.03, 1408.46
2097.11, 1408.79
2097.2, 1409.09
2097.28, 1409.39
2097.36, 1409.68
2097.44, 1409.96
2097.51, 1410.24
2097.59, 1410.52
2097.67, 1410.79
2097.74, 1411.06
2097.82, 1411.34
2097.89, 1411.61
2097.97, 1411.89
2098.05, 1412.18
2098.13, 1412.48
2098.22, 1412.78
2098.3, 1413.09
2098.39, 1413.41
2098.48, 1413.75
2098.58, 1414.09
2098.67, 1414.44
2098.77, 1414.81
2098.88, 1415.18
2098.98, 1415.57
2099.09, 1415.96
2099.2, 1416.36
2099.32, 1416.77
2099.43, 1417.18

waypoints
x, y
2089.57, 1382.75
2089.72, 1383.28
2089.88, 1383.79
2090.02, 1384.28
2090.16, 1384.75
2090.29, 1385.2
2090.42, 1385.64
2090.54, 1386.05
2090.66, 1386.45
2090.78, 1386.84
2090.89, 1387.2
2090.99, 1387.56
2091.09, 1387.89
2091.19, 1388.22
2091.28, 1388.54
2091.38, 1388.85
2091.47, 1389.15
2091.56, 1389.44
2091.64, 1389.74
2091.73, 1390.02
2091.82, 1390.31
2091.9, 1390.6
2091.99, 1390.89
2092.07, 1391.18
2092.16, 1391.47
2092.25, 1391.77
2092.34, 1392.08
2092.43, 1392.39
2092.53, 1392.71
2092.63, 1393.04
2092.73, 1393.38
2092.83, 1393.73
2092.93, 1394.09
2093.04, 1394.46
2093.15, 1394.83
2093.27, 1395.22
2093.38, 1395.62
2093.5, 1396.02
2093.62, 1396.42
2093.74, 1396.83
2093.94, 1397.52
2094.14, 1398.21
2094.34, 1398.89
2094.53, 1399.56
2094.72, 1400.21
2094.91, 1400.85
2095.09, 1401.48
2095.27, 1402.11
2095.44, 1402.7
2095.59, 1403.27
2095.74, 1403.82
2095.89, 1404.34
2096.03, 1404.84
2096.16, 1405.33
2096.29, 1405.79
2096.41, 1406.22
2096.52, 1406.64
2096.63, 1407.04
2096.74, 1407.42
2096.84, 1407.79
2096.93, 1408.13
2097.03, 1408.46
2097.11, 1408.79
2097.2, 1409.09
2097.28, 1409.39
2097.36, 1409.68
2097.44, 1409.96
2097.51, 1410.24
2097.59, 1410.52
2097.67, 1410.79
2097.74, 1411.06
2097.82, 1411.34
2097.89, 1411.61
2097.97, 1411.89
2098.05, 1412.18
2098.13, 1412.48
2098.22, 1412.78
2098.3, 1413.09
2098.39, 1413.41
2098.48, 1413.75
2098.58, 1414.09
2098.67, 1414.44
2098.77, 1414.81
2098.88, 1415.18
2098.98, 1415.57
2099.09, 1415.96
2099.2, 1416.36
2099.32, 1416.77
2099.43, 1417.18

waypoints
x, y
2090.02, 1384.28
2090.16, 1384.75
2090.29, 1385.2
2090.42, 1385.64
2090.54, 1386.05
2090.66, 1386.45
2090.78, 1386.84
2090.89, 1387.2
2090.99, 1387.56
2091.09, 1387.89
2091.19, 1388.22
2091.28, 1388.54
2091.38, 1388.85
2091.47, 1389.15
2091.56, 1389.44
2091.64, 1389.74
2091.73, 1390.02
2091.82, 1390.31
2091.9, 1390.6
2091.99, 1390.89
2092.07, 1391.18
2092.16, 1391.47
2092.25, 1391.77
2092.34, 1392.08
2092.43, 1392.39
2092.53, 1392.71
2092.63, 1393.04
2092.73, 1393.38
2092.83, 1393.73
2092.93, 1394.09
2093.04, 1394.46
2093.15, 1394.83
2093.27, 1395.22
2093.38, 1395.62
2093.5, 1396.02
2093.62, 1396.42
2093.74, 1396.83
2093.94, 1397.52
2094.14, 1398.21
2094.34, 1398.89
2094.53, 1399.56
2094.72, 1400.21
2094.91, 1400.85
2095.09, 1401.48
2095.27, 1402.11
2095.44, 1402.7
2095.59, 1403.27
2095.74, 1403.82
2095.89, 1404.34
2096.03, 1404.84
2096.16, 1405.33
2096.29, 1405.79
2096.41, 1406.22
2096.52, 1406.64
2096.63, 1407.04
2096.74, 1407.42
2096.84, 1407.79
2096.93, 1408.13
2097.03, 1408.46
2097.11, 1408.79
2097.2, 1409.09
2097.28, 1409.39
2097.36, 1409.68
2097.44, 1409.96
2097.51, 1410.24
2097.59, 1410.52
2097.67, 1410.79
2097.74, 1411.06
2097.82, 1411.34
2097.89, 1411.61
2097.97, 1411.89
2098.05, 1412.18
2098.13, 1412.48
2098.22, 1412.78
2098.3, 1413.09
2098.39, 1413.41
2098.48, 1413.75
2098.58, 1414.09
2098.67, 1414.44
2098.77, 1414.81
2098.88, 1415.18
2098.98, 1415.57
2099.09, 1415.96
2099.2, 1416.36
2099.32, 1416.77
2099.43, 1417.18

waypoints
x, y
2090.54, 1386.05
2090.66, 1386.45
2090.78, 1386.84
2090.89, 1387.2
2090.99, 1387.56
2091.09, 1387.89
2091.19, 1388.22
2091.28, 1388.54
2091.38, 1388.85
2091.47, 1389.15
2091.56, 1389.44
2091.64, 1389.74
2091.73, 1390.02
2091.82, 1390.31
2091.9, 1390.6
2091.99, 1390.89
2092.07, 1391.18
2092.16, 1391.47
2092.25, 1391.77
2092.34, 1392.08
2092.43, 1392.39
2092.53, 1392.71
2092.63, 1393.04
2092.73, 1393.38
2092.83, 1393.73
2092.93, 1394.09
2093.04, 1394.46
2093.15, 1394.83
2093.27, 1395.22
2093.38, 1395.62
2093.5, 1396.02
2093.62, 1396.42
2093.74, 1396.83
2093.94, 1397.52
2094.14, 1398.21
2094.34, 1398.89
2094.53, 1399.56
2094.72, 1400.21
2094.91, 1400.85
2095.09, 1401.48
2095.27, 1402.11
2095.44, 1402.7
2095.59, 1403.27
2095.74, 1403.82
2095.89, 1404.34
2096.03, 1404.84
2096.16, 1405.33
2096.29, 1405.79
2096.41, 1406.22
2096.52, 1406.64
2096.63, 1407.04
2096.74, 1407.42
2096.84, 1407.79
2096.93, 1408.13
2097.03, 1408.46
2097.11, 1408.79
2097.2, 1409.09
2097.28, 1409.39
2097.36, 1409.68
2097.44, 1409.96
2097.51, 1410.24
2097.59, 1410.52
2097.67, 1410.79
2097.74, 1411.06
2097.82, 1411.34
2097.89, 1411.61
2097.97, 1411.89
2098.05, 1412.18
2098.13, 1412.48
2098.22, 1412.78
2098.3, 1413.09
2098.39, 1413.41
2098.48, 1413.75
2098.58, 1414.09
2098.67, 1414.44
2098.77, 1414.81
2098.88, 1415.18
2098.98, 1415.57
2099.09, 1415.96
2099.2, 1416.36
2099.32, 1416.77
2099.43, 1417.18

waypoints
x, y
2090.89, 1387.2
2090.99, 1387.56
2091.09, 1387.89
2091.19, 1388.22
2091.28, 1388.54
2091.38, 1388.85
2091.47, 1389.15
2091.56, 1389.44
2091.64, 1389.74
2091.73, 1390.02
2091.82, 1390.31
2091.9, 1390.6
2091.99, 1390.89
2092.07, 1391.18
2092.16, 1391.47
2092.25, 1391.77
2092.34, 1392.08
2092.43, 1392.39
2092.53, 1392.71
2092.63, 1393.04
2092.73, 1393.38
2092.83, 1393.73
2092.93, 1394.09
2093.04, 1394.46
2093.15, 1394.83
2093.27, 1395.22
2093.38, 1395.62
2093.5, 1396.02
2093.62, 1396.42
2093.74, 1396.83
2093.94, 1397.52
2094.14, 1398.21
2094.34, 1398.89
2094.53, 1399.56
2094.72, 1400.21
2094.91, 1400.85
2095.09, 1401.48
2095.27, 1402.11
2095.44, 1402.7
2095.59, 1403.27
2095.74, 1403.82
2095.89, 1404.34
2096.03, 1404.84
2096.16, 1405.33
2096.29, 1405.79
2096.41, 1406.22
2096.52, 1406.64
2096.63, 1407.04
2096.74, 1407.42
2096.84, 1407.79
2096.93, 1408.13
2097.03, 1408.46
2097.11, 1408.79
2097.2, 1409.09
2097.28, 1409.39
2097.36, 1409.68
2097.44, 1409.96
2097.51, 1410.24
2097.59, 1410.52
2097.67, 1410.79
2097.74, 1411.06
2097.82, 1411.34
2097.89, 1411.61
2097.97, 1411.89
2098.05, 1412.18
2098.13, 1412.48
2098.22, 1412.78
2098.3, 1413.09
2098.39, 1413.41
2098.48, 1413.75
2098.58, 1414.09
2098.67, 1414.44
2098.77, 1414.81
2098.88, 1415.18
2098.98, 1415.57
2099.09, 1415.96
2099.2, 1416.36
2099.32, 1416.77
2099.43, 1417.18

waypoints
x, y
2091.28, 1388.54
2091.38, 1388.85
2091.47, 1389.15
2091.56, 1389.44
2091.64, 1389.74
2091.73, 1390.02
2091.82, 1390.31
2091.9, 1390.6
2091.99, 1390.89
2092.07, 1391.18
2092.16, 1391.47
2092.25, 1391.77
2092.34, 1392.08
2092.43, 1392.39
2092.53, 1392.71
2092.63, 1393.04
2092.73, 1393.38
2092.83, 1393.73
2092.93, 1394.09
2093.04, 1394.46
2093.15, 1394.83
2093.27, 1395.22
2093.38, 1395.62
2093.5, 1396.02
2093.62, 1396.42
2093.74, 1396.83
2093.94, 1397.52
2094.14, 1398.21
2094.34, 1398.89
2094.53, 1399.56
2094.72, 1400.21
2094.91, 1400.85
2095.09, 1401.48
2095.27, 1402.11
2095.44, 1402.7
2095.59, 1403.27
2095.74, 1403.82
2095.89, 1404.34
2096.03, 1404.84
2096.16, 1405.33
2096.29, 1405.79
2096.41, 1406.22
2096.52, 1406.64
2096.63, 1407.04
2096.74, 1407.42
2096.84, 1407.79
2096.93, 1408.13
2097.03, 1408.46
2097.11, 1408.79
2097.2, 1409.09
2097.28, 1409.39
2097.36, 1409.68
2097.44, 1409.96
2097.51, 1410.24
2097.59, 1410.52
2097.67, 1410.79
2097.74, 1411.06
2097.82, 1411.34
2097.89, 1411.61
2097.97, 1411.89
2098.05, 1412.18
2098.13, 1412.48
2098.22, 1412.78
2098.3, 1413.09
2098.39, 1413.41
2098.48, 1413.75
2098.58, 1414.09
2098.67, 1414.44
2098.77, 1414.81
2098.88, 1415.18
2098.98, 1415.57
2099.09, 1415.96
2099.2, 1416.36
2099.32, 1416.77
2099.43, 1417.18

waypoints
x, y
2091.64, 1389.74
2091.73, 1390.02
2091.82, 1390.31
2091.9, 1390.6
2091.99, 1390.89
2092.07, 1391.18
2092.16, 1391.47
2092.25, 1391.77
2092.34, 1392.08
2092.43, 1392.39
2092.53, 1392.71
2092.63, 1393.04
2092.73, 1393.38
2092.83, 1393.73
2092.93, 1394.09
2093.04, 1394.46
2093.15, 1394.83
2093.27, 1395.22
2093.38, 1395.62
2093.5, 1396.02
2093.62, 1396.42
2093.74, 1396.83
2093.94, 1397.52
2094.14, 1398.21
2094.34, 1398.89
2094.53, 1399.56
2094.72, 1400.21
2094.91, 1400.85
2095.09, 1401.48
2095.27, 1402.11
2095.44, 1402.7
2095.59, 1403.27
2095.74, 1403.82
2095.89, 1404.34
2096.03, 1404.84
2096.16, 1405.33
2096.29, 1405.79
2096.41, 1406.22
2096.52, 1406.64
2096.63, 1407.04
2096.74, 1407.42
2096.84, 1407.79
2096.93, 1408.13
2097.03, 1408.46
2097.11, 1408.79
2097.2, 1409.09
2097.28, 1409.39
2097.36, 1409.68
2097.44, 1409.96
2097.51, 1410.24
2097.59, 1410.52
2097.67, 1410.79
2097.74, 1411.06
2097.82, 1411.34
2097.89, 1411.61
2097.97, 1411.89
2098.05, 1412.18
2098.13, 1412.48
2098.22, 1412.78
2098.3, 1413.09
2098.39, 1413.41
2098.48, 1413.75
2098.58, 1414.09
2098.67, 1414.44
2098.77, 1414.81
2098.88, 1415.18
2098.98, 1415.57
2099.09, 1415.96
2099.2, 1416.36
2099.32, 1416.77
2099.43, 1417.18

waypoints
x, y
2091.9, 1390.6
2091.99, 1390.89
2092.07, 1391.18
2092.16, 1391.47
2092.25, 1391.77
2092.34, 1392.08
2092.43, 1392.39
2092.53, 1392.71
2092.63, 1393.04
2092.73, 1393.38
2092.83, 1393.73
2092.93, 1394.09
2093.04, 1394.46
2093.15, 1394.83
2093.27, 1395.22
2093.38, 1395.62
2093.5, 1396.02
2093.62, 1396.42
2093.74, 1396.83
2093.94, 1397.52
2094.14, 1398.21
2094.34, 1398.89
2094.53, 1399.56
2094.72, 1400.21
2094.91, 1400.85
2095.09, 1401.48
2095.27, 1402.11
2095.44, 1402.7
2095.59, 1403.27
2095.74, 1403.82
2095.89, 1404.34
2096.03, 1404.84
2096.16, 1405.33
2096.29, 1405.79
2096.41, 1406.22
2096.52, 1406.64
2096.63, 1407.04
2096.74, 1407.42
2096.84, 1407.79
2096.93, 1408.13
2097.03, 1408.46
2097.11, 1408.79
2097.2, 1409.09
2097.28, 1409.39
2097.36, 1409.68
2097.44, 1409.96
2097.51, 1410.24
2097.59, 1410.52
2097.67, 1410.79
2097.74, 1411.06
2097.82, 1411.34
2097.89, 1411.61
2097.97, 1411.89
2098.05, 1412.18
2098.13, 1412.48
2098.22, 1412.78
2098.3, 1413.09
2098.39, 1413.41
2098.48, 1413.75
2098.58, 1414.09
2098.67, 1414.44
2098.77, 1414.81
2098.88, 1415.18
2098.98, 1415.57
2099.09, 1415.96
2099.2, 1416.36
2099.32, 1416.77
2099.43, 1417.18

waypoints
x, y
2092.25, 1391.77
2092.34, 1392.08
2092.43, 1392.39
2092.53, 1392.71
2092.63, 1393.04
2092.73, 1393.38
2092.83, 1393.73
2092.93, 1394.09
2093.04, 1394.46
2093.15, 1394.83
2093.27, 1395.22
2093.38, 1395.62
2093.5, 1396.02
2093.62, 1396.42
2093.74, 1396.83
2093.94, 1397.52
2094.14, 1398.21
2094.34, 1398.89
2094.53, 1399.56
2094.72, 1400.21
2094.91, 1400.85
2095.09, 1401.48
2095.27, 1402.11
2095.44, 1402.7
2095.59, 1403.27
2095.74, 1403.82
2095.89, 1404.34
2096.03, 1404.84
2096.16, 1405.33
2096.29, 1405.79
2096.41, 1406.22
2096.52, 1406.64
2096.63, 1407.04
2096.74, 1407.42
2096.84, 1407.79
2096.93, 1408.13
2097.03, 1408.46
2097.11, 1408.79
2097.2, 1409.09
2097.28, 1409.39
2097.36, 1409.68
2097.44, 1409.96
2097.51, 1410.24
2097.59, 1410.52
2097.67, 1410.79
2097.74, 1411.06
2097.82, 1411.34
2097.89, 1411.61
2097.97, 1411.89
2098.05, 1412.18
2098.13, 1412.48
2098.22, 1412.78
2098.3, 1413.09
2098.39, 1413.41
2098.48, 1413.75
2098.58, 1414.09
2098.67, 1414.44
2098.77, 1414.81
2098.88, 1415.18
2098.98, 1415.57
2099.09, 1415.96
2099.2, 1416.36
2099.32, 1416.77
2099.43, 1417.18

waypoints
x, y
2092.53, 1392.71
2092.63, 1393.04
2092.73, 1393.38
2092.83, 1393.73
2092.93, 1394.09
2093.04, 1394.46
2093.15, 1394.83
2093.27, 1395.22
2093.38, 1395.62
2093.5, 1396.02
2093.62, 1396.42
2093.74, 1396.83
2093.94, 1397.52
2094.14, 1398.21
2094.34, 1398.89
2094.53, 1399.56
2094.72, 1400.21
2094.91, 1400.85
2095.09, 1401.48
2095.27, 1402.11
2095.44, 1402.7
2095.59, 1403.27
2095.74, 1403.82
2095.89, 1404.34
2096.03, 1404.84
2096.16, 1405.33
2096.29, 1405.79
2096.41, 1406.22
2096.52, 1406.64
2096.63, 1407.04
2096.74, 1407.42
2096.84, 1407.79
2096.93, 1408.13
2097.03, 1408.46
2097.11, 1408.79
2097.2, 1409.09
2097.28, 1409.39
2097.36, 1409.68
2097.44, 1409.96
2097.51, 1410.24
2097.59, 1410.52
2097.67, 1410.79
2097.74, 1411.06
2097.82, 1411.34
2097.89, 1411.61
2097.97, 1411.89
2098.05, 1412.18
2098.13, 1412.48
2098.22, 1412.78
2098.3, 1413.09
2098.39, 1413.41
2098.48, 1413.75
2098.58, 1414.09
2098.67, 1414.44
2098.77, 1414.81
2098.88, 1415.18
2098.98, 1415.57
2099.09, 1415.96
2099.2, 1416.36
2099.32, 1416.77
2099.43, 1417.18

waypoints
x, y
2092.93, 1394.09
2093.04, 1394.46
2093.15, 1394.83
2093.27, 1395.22
2093.38, 1395.62
2093.5, 1396.02
2093.62, 1396.42
2093.74, 1396.83
2093.94, 1397.52
2094.14, 1398.21
2094.34, 1398.89
2094.53, 1399.56
2094.72, 1400.21
2094.91, 1400.85
2095.09, 1401.48
2095.27, 1402.11
2095.44, 1402.7
2095.59, 1403.27
2095.74, 1403.82
2095.89, 1404.34
2096.03, 1404.84
2096.16, 1405.33
2096.29, 1405.79
2096.41, 1406.22
2096.52, 1406.64
2096.63, 1407.04
2096.74, 1407.42
2096.84, 1407.79
2096.93, 1408.13
2097.03, 1408.46
2097.11, 1408.79
2097.2, 1409.09
2097.28, 1409.39
2097.36, 1409.68
2097.44, 1409.96
2097.51, 1410.24
2097.59, 1410.52
2097.67, 1410.79
2097.74, 1411.06
2097.82, 1411.34
2097.89, 1411.61
2097.97, 1411.89
2098.05, 1412.18
2098.13, 1412.48
2098.22, 1412.78
2098.3, 1413.09
2098.39, 1413.41
2098.48, 1413.75
2098.58, 1414.09
2098.67, 1414.44
2098.77, 1414.81
2098.88, 1415.18
2098.98, 1415.57
2099.09, 1415.96
2099.2, 1416.36
2099.32, 1416.77
2099.43, 1417.18

waypoints
x, y
2093.27, 1395.22
2093.38, 1395.62
2093.5, 1396.02
2093.62, 1396.42
2093.74, 1396.83
2093.94, 1397.52
2094.14, 1398.21
2094.34, 1398.89
2094.53, 1399.56
2094.72, 1400.21
2094.91, 1400.85
2095.09, 1401.48
2095.27, 1402.11
2095.44, 1402.7
2095.59, 1403.27
2095.74, 1403.82
2095.89, 1404.34
2096.03, 1404.84
2096.16, 1405.33
2096.29, 1405.79
2096.41, 1406.22
2096.52, 1406.64
2096.63, 1407.04
2096.74, 1407.42
2096.84, 1407.79
2096.93, 1408.13
2097.03, 1408.46
2097.11, 1408.79
2097.2, 1409.09
2097.28, 1409.39
2097.36, 1409.68
2097.44, 1409.96
2097.51, 1410.24
2097.59, 1410.52
2097.67, 1410.79
2097.74, 1411.06
2097.82, 1411.34
2097.89, 1411.61
2097.97, 1411.89
2098.05, 1412.18
2098.13, 1412.48
2098.22, 1412.78
2098.3, 1413.09
2098.39, 1413.41
2098.48, 1413.75
2098.58, 1414.09
2098.67, 1414.44
2098.77, 1414.81
2098.88, 1415.18
2098.98, 1415.57
2099.09, 1415.96
2099.2, 1416.36
2099.32, 1416.77
2099.43, 1417.18

waypoints
x, y
2093.74, 1396.83
2093.94, 1397.52
2094.14, 1398.21
2094.34, 1398.89
2094.53, 1399.56
2094.72, 1400.21
2094.91, 1400.85
2095.09, 1401.48
2095.27, 1402.11
2095.44, 1402.7
2095.59, 1403.27
2095.74, 1403.82
2095.89, 1404.34
2096.03, 1404.84
2096.16, 1405.33
2096.29, 1405.79
2096.41, 1406.22
2096.52, 1406.64
2096.63, 1407.04
2096.74, 1407.42
2096.84, 1407.79
2096.93, 1408.13
2097.03, 1408.46
2097.11, 1408.79
2097.2, 1409.09
2097.28, 1409.39
2097.36, 1409.68
2097.44, 1409.96
2097.51, 1410.24
2097.59, 1410.52
2097.67, 1410.79
2097.74, 1411.06
2097.82, 1411.34
2097.89, 1411.61
2097.97, 1411.89
2098.05, 1412.18
2098.13, 1412.48
2098.22, 1412.78
2098.3, 1413.09
2098.39, 1413.41
2098.48, 1413.75
2098.58, 1414.09
2098.67, 1414.44
2098.77, 1414.81
2098.88, 1415.18
2098.98, 1415.57
2099.09, 1415.96
2099.2, 1416.36
2099.32, 1416.77
2099.43, 1417.18

waypoints
x, y
2094.53, 1399.56
2094.72, 1400.21
2094.91, 1400.85
2095.09, 1401.48
2095.27, 1402.11
2095.44, 1402.7
2095.59, 1403.27
2095.74, 1403.82
2095.89, 1404.34
2096.03, 1404.84
2096.16, 1405.33
2096.29, 1405.79
2096.41, 1406.22
2096.52, 1406.64
2096.63, 1407.04
2096.74, 1407.42
2096.84, 1407.79
2096.93, 1408.13
2097.03, 1408.46
2097.11, 1408.79
2097.2, 1409.09
2097.28, 1409.39
2097.36, 1409.68
2097.44, 1409.96
2097.51, 1410.24
2097.59, 1410.52
2097.67, 1410.79
2097.74, 1411.06
2097.82, 1411.34
2097.89, 1411.61
2097.97, 1411.89
2098.05, 1412.18
2098.13, 1412.48
2098.22, 1412.78
2098.3, 1413.09
2098.39, 1413.41
2098.48, 1413.75
2098.58, 1414.09
2098.67, 1414.44
2098.77, 1414.81
2098.88, 1415.18
2098.98, 1415.57
2099.09, 1415.96
2099.2, 1416.36
2099.32, 1416.77
2099.43, 1417.18
2099.62, 1417.86
2099.8, 1418.54
2099.99, 1419.21
2100.17, 1419.87
2100.35, 1420.52
2100.52, 1421.15
2100.7, 1421.77
2100.86, 1422.37
2101.02, 1422.95
2101.18, 1423.52
2101.33, 1424.06
2101.47, 1424.58
2101.61, 1425.08
2101.74, 1425.56
2101.86, 1426.01
2101.99, 1426.45
2102.1, 1426.87
2102.21, 1427.27
2102.32, 1427.65
2102.42, 1428.02
2102.51, 1428.37
2102.61, 1428.7
2102.7, 1429.03
2102.78, 1429.34
2102.86, 1429.64
2102.95, 1429.94
2103.03, 1430.22
2103.1, 1430.51
2103.18, 1430.79
2103.26, 1431.07
2103.33, 1431.35
2103.41, 1431.63
2103.49, 1431.91
2103.57, 1432.2
2103.65, 1432.49
2103.77, 1433.02
2103.82, 1433.33
2103.87, 1433.66
2103.92, 1433.99
2103.97, 1434.34
2104.03, 1434.69
2104.08, 1435.06
2104.14, 1435.43
2104.2, 1435.82
2104.26, 1436.21
2104.32, 1436.62
2104.38, 1437.03
2104.45, 1437.45
2104.51, 1437.87

waypoints
x, y
2095.09, 1401.48
2095.27, 1402.11
2095.44, 1402.7
2095.59, 1403.27
2095.74, 1403.82
2095.89, 1404.34
2096.03, 1404.84
2096.16, 1405.33
2096.29, 1405.79
2096.41, 1406.22
2096.52, 1406.64
2096.63, 1407.04
2096.74, 1407.42
2096.84, 1407.79
2096.93, 1408.13
2097.03, 1408.46
2097.11, 1408.79
2097.2, 1409.09
2097.28, 1409.39
2097.36, 1409.68
2097.44, 1409.96
2097.51, 1410.24
2097.59, 1410.52
2097.67, 1410.79
2097.74, 1411.06
2097.82, 1411.34
2097.89, 1411.61
2097.97, 1411.89
2098.05, 1412.18
2098.13, 1412.48
2098.22, 1412.78
2098.3, 1413.09
2098.39, 1413.41
2098.48, 1413.75
2098.58, 1414.09
2098.67, 1414.44
2098.77, 1414.81
2098.88, 1415.18
2098.98, 1415.57
2099.09, 1415.96
2099.2, 1416.36
2099.32, 1416.77
2099.43, 1417.18
2099.62, 1417.86
2099.8, 1418.54
2099.99, 1419.21
2100.17, 1419.87
2100.35, 1420.52
2100.53, 1421.15
2100.7, 1421.77
2100.86, 1422.37
2101.02, 1422.95
2101.18, 1423.52
2101.32, 1424.06
2101.47, 1424.58
2101.61, 1425.08
2101.74, 1425.56
2101.86, 1426.01
2101.99, 1426.45
2102.1, 1426.87
2102.21, 1427.27
2102.32, 1427.65
2102.42, 1428.02
2102.51, 1428.37
2102.61, 1428.7
2102.7, 1429.03
2102.78, 1429.34
2102.86, 1429.64
2102.95, 1429.93
2103.03, 1430.22
2103.1, 1430.51
2103.18, 1430.79
2103.26, 1431.07
2103.34, 1431.35
2103.41, 1431.62
2103.49, 1431.91
2103.57, 1432.2
2103.65, 1432.49
2103.77, 1433.02
2103.82, 1433.34
2103.87, 1433.66
2103.92, 1433.99
2103.97, 1434.34
2104.03, 1434.69
2104.08, 1435.06
2104.14, 1435.43
2104.2, 1435.82
2104.26, 1436.21
2104.32, 1436.62
2104.39, 1437.03
2104.45, 1437.45
2104.51, 1437.87

waypoints
x, y
2095.74, 1403.82
2095.89, 1404.34
2096.03, 1404.84
2096.16, 1405.33
2096.29, 1405.79
2096.41, 1406.22
2096.52, 1406.64
2096.63, 1407.04
2096.74, 1407.42
2096.84, 1407.79
2096.93, 1408.13
2097.03, 1408.46
2097.11, 1408.79
2097.2, 1409.09
2097.28, 1409.39
2097.36, 1409.68
2097.44, 1409.96
2097.51, 1410.24
2097.59, 1410.52
2097.67, 1410.79
2097.74, 1411.06
2097.82, 1411.34
2097.89, 1411.61
2097.97, 1411.89
2098.05, 1412.18
2098.13, 1412.48
2098.22, 1412.78
2098.3, 1413.09
2098.39, 1413.41
2098.48, 1413.75
2098.58, 1414.09
2098.67, 1414.44
2098.77, 1414.81
2098.88, 1415.18
2098.98, 1415.57
2099.09, 1415.96
2099.2, 1416.36
2099.32, 1416.77
2099.43, 1417.18
2099.62, 1417.86
2099.8, 1418.54
2099.99, 1419.21
2100.17, 1419.87
2100.35, 1420.52
2100.53, 1421.15
2100.7, 1421.77
2100.86, 1422.37
2101.02, 1422.95
2101.18, 1423.52
2101.32, 1424.06
2101.47, 1424.58
2101.61, 1425.08
2101.74, 1425.56
2101.86, 1426.01
2101.99, 1426.45
2102.1, 1426.87
2102.21, 1427.27
2102.32, 1427.65
2102.42, 1428.02
2102.51, 1428.37
2102.61, 1428.7
2102.7, 1429.03
2102.78, 1429.34
2102.86, 1429.64
2102.95, 1429.93
2103.03, 1430.22
2103.1, 1430.51
2103.18, 1430.79
2103.26, 1431.07
2103.34, 1431.35
2103.41, 1431.62
2103.49, 1431.91
2103.57, 1432.2
2103.65, 1432.49
2103.77, 1433.02
2103.82, 1433.34
2103.87, 1433.66
2103.92, 1433.99
2103.97, 1434.34
2104.03, 1434.69
2104.08, 1435.06
2104.14, 1435.43
2104.2, 1435.82
2104.26, 1436.21
2104.32, 1436.62
2104.39, 1437.03
2104.45, 1437.45
2104.51, 1437.87

waypoints
x, y
2096.16, 1405.33
2096.29, 1405.79
2096.41, 1406.22
2096.52, 1406.64
2096.63, 1407.04
2096.74, 1407.42
2096.84, 1407.79
2096.93, 1408.13
2097.03, 1408.46
2097.11, 1408.79
2097.2, 1409.09
2097.28, 1409.39
2097.36, 1409.68
2097.44, 1409.96
2097.51, 1410.24
2097.59, 1410.52
2097.67, 1410.79
2097.74, 1411.06
2097.82, 1411.34
2097.89, 1411.61
2097.97, 1411.89
2098.05, 1412.18
2098.13, 1412.48
2098.22, 1412.78
2098.3, 1413.09
2098.39, 1413.41
2098.48, 1413.75
2098.58, 1414.09
2098.67, 1414.44
2098.77, 1414.81
2098.88, 1415.18
2098.98, 1415.57
2099.09, 1415.96
2099.2, 1416.36
2099.32, 1416.77
2099.43, 1417.18
2099.62, 1417.86
2099.8, 1418.54
2099.99, 1419.21
2100.17, 1419.87
2100.35, 1420.52
2100.53, 1421.15
2100.7, 1421.77
2100.86, 1422.37
2101.02, 1422.95
2101.18, 1423.52
2101.32, 1424.06
2101.47, 1424.58
2101.61, 1425.08
2101.74, 1425.56
2101.86, 1426.01
2101.99, 1426.45
2102.1, 1426.87
2102.21, 1427.27
2102.32, 1427.65
2102.42, 1428.02
2102.51, 1428.37
2102.61, 1428.7
2102.7, 1429.03
2102.78, 1429.34
2102.86, 1429.64
2102.95, 1429.93
2103.03, 1430.22
2103.1, 1430.51
2103.18, 1430.79
2103.26, 1431.07
2103.34, 1431.35
2103.41, 1431.62
2103.49, 1431.91
2103.57, 1432.2
2103.65, 1432.49
2103.77, 1433.02
2103.82, 1433.34
2103.87, 1433.66
2103.92, 1433.99
2103.97, 1434.34
2104.03, 1434.69
2104.08, 1435.06
2104.14, 1435.43
2104.2, 1435.82
2104.26, 1436.21
2104.32, 1436.62
2104.39, 1437.03
2104.45, 1437.45
2104.51, 1437.87

waypoints
x, y
2096.63, 1407.04
2096.74, 1407.42
2096.84, 1407.79
2096.93, 1408.13
2097.03, 1408.46
2097.11, 1408.79
2097.2, 1409.09
2097.28, 1409.39
2097.36, 1409.68
2097.44, 1409.96
2097.51, 1410.24
2097.59, 1410.52
2097.67, 1410.79
2097.74, 1411.06
2097.82, 1411.34
2097.89, 1411.61
2097.97, 1411.89
2098.05, 1412.18
2098.13, 1412.48
2098.22, 1412.78
2098.3, 1413.09
2098.39, 1413.41
2098.48, 1413.75
2098.58, 1414.09
2098.67, 1414.44
2098.77, 1414.81
2098.88, 1415.18
2098.98, 1415.57
2099.09, 1415.96
2099.2, 1416.36
2099.32, 1416.77
2099.43, 1417.18
2099.62, 1417.86
2099.8, 1418.54
2099.99, 1419.21
2100.17, 1419.87
2100.35, 1420.52
2100.53, 1421.15
2100.7, 1421.77
2100.86, 1422.37
2101.02, 1422.95
2101.18, 1423.52
2101.32, 1424.06
2101.47, 1424.58
2101.61, 1425.08
2101.74, 1425.56
2101.86, 1426.01
2101.99, 1426.45
2102.1, 1426.87
2102.21, 1427.27
2102.32, 1427.65
2102.42, 1428.02
2102.51, 1428.37
2102.61, 1428.7
2102.7, 1429.03
2102.78, 1429.34
2102.86, 1429.64
2102.95, 1429.93
2103.03, 1430.22
2103.1, 1430.51
2103.18, 1430.79
2103.26, 1431.07
2103.34, 1431.35
2103.41, 1431.62
2103.49, 1431.91
2103.57, 1432.2
2103.65, 1432.49
2103.77, 1433.02
2103.82, 1433.34
2103.87, 1433.66
2103.92, 1433.99
2103.97, 1434.34
2104.03, 1434.69
2104.08, 1435.06
2104.14, 1435.43
2104.2, 1435.82
2104.26, 1436.21
2104.32, 1436.62
2104.39, 1437.03
2104.45, 1437.45
2104.51, 1437.87

waypoints
x, y
2096.93, 1408.13
2097.03, 1408.46
2097.11, 1408.79
2097.2, 1409.09
2097.28, 1409.39
2097.36, 1409.68
2097.44, 1409.96
2097.51, 1410.24
2097.59, 1410.52
2097.67, 1410.79
2097.74, 1411.06
2097.82, 1411.34
2097.89, 1411.61
2097.97, 1411.89
2098.05, 1412.18
2098.13, 1412.48
2098.22, 1412.78
2098.3, 1413.09
2098.39, 1413.41
2098.48, 1413.75
2098.58, 1414.09
2098.67, 1414.44
2098.77, 1414.81
2098.88, 1415.18
2098.98, 1415.57
2099.09, 1415.96
2099.2, 1416.36
2099.32, 1416.77
2099.43, 1417.18
2099.62, 1417.86
2099.8, 1418.54
2099.99, 1419.21
2100.17, 1419.87
2100.35, 1420.52
2100.53, 1421.15
2100.7, 1421.77
2100.86, 1422.37
2101.02, 1422.95
2101.18, 1423.52
2101.32, 1424.06
2101.47, 1424.58
2101.61, 1425.08
2101.74, 1425.56
2101.86, 1426.01
2101.99, 1426.45
2102.1, 1426.87
2102.21, 1427.27
2102.32, 1427.65
2102.42, 1428.02
2102.51, 1428.37
2102.61, 1428.7
2102.7, 1429.03
2102.78, 1429.34
2102.86, 1429.64
2102.95, 1429.93
2103.03, 1430.22
2103.1, 1430.51
2103.18, 1430.79
2103.26, 1431.07
2103.34, 1431.35
2103.41, 1431.62
2103.49, 1431.91
2103.57, 1432.2
2103.65, 1432.49
2103.77, 1433.02
2103.82, 1433.34
2103.87, 1433.66
2103.92, 1433.99
2103.97, 1434.34
2104.03, 1434.69
2104.08, 1435.06
2104.14, 1435.43
2104.2, 1435.82
2104.26, 1436.21
2104.32, 1436.62
2104.39, 1437.03
2104.45, 1437.45
2104.51, 1437.87

waypoints
x, y
2097.28, 1409.39
2097.36, 1409.68
2097.44, 1409.96
2097.51, 1410.24
2097.59, 1410.52
2097.67, 1410.79
2097.74, 1411.06
2097.82, 1411.34
2097.89, 1411.61
2097.97, 1411.89
2098.05, 1412.18
2098.13, 1412.48
2098.22, 1412.78
2098.3, 1413.09
2098.39, 1413.41
2098.48, 1413.75
2098.58, 1414.09
2098.67, 1414.44
2098.77, 1414.81
2098.88, 1415.18
2098.98, 1415.57
2099.09, 1415.96
2099.2, 1416.36
2099.32, 1416.77
2099.43, 1417.18
2099.62, 1417.86
2099.8, 1418.54
2099.99, 1419.21
2100.17, 1419.87
2100.35, 1420.52
2100.53, 1421.15
2100.7, 1421.77
2100.86, 1422.37
2101.02, 1422.95
2101.18, 1423.52
2101.32, 1424.06
2101.47, 1424.58
2101.61, 1425.08
2101.74, 1425.56
2101.86, 1426.01
2101.99, 1426.45
2102.1, 1426.87
2102.21, 1427.27
2102.32, 1427.65
2102.42, 1428.02
2102.51, 1428.37
2102.61, 1428.7
2102.7, 1429.03
2102.78, 1429.34
2102.86, 1429.64
2102.95, 1429.93
2103.03, 1430.22
2103.1, 1430.51
2103.18, 1430.79
2103.26, 1431.07
2103.34, 1431.35
2103.41, 1431.62
2103.49, 1431.91
2103.57, 1432.2
2103.65, 1432.49
2103.77, 1433.02
2103.82, 1433.34
2103.87, 1433.66
2103.92, 1433.99
2103.97, 1434.34
2104.03, 1434.69
2104.08, 1435.06
2104.14, 1435.43
2104.2, 1435.82
2104.26, 1436.21
2104.32, 1436.62
2104.39, 1437.03
2104.45, 1437.45
2104.51, 1437.87

waypoints
x, y
2097.59, 1410.52
2097.67, 1410.79
2097.74, 1411.06
2097.82, 1411.34
2097.89, 1411.61
2097.97, 1411.89
2098.05, 1412.18
2098.13, 1412.48
2098.22, 1412.78
2098.3, 1413.09
2098.39, 1413.41
2098.48, 1413.75
2098.58, 1414.09
2098.67, 1414.44
2098.77, 1414.81
2098.88, 1415.18
2098.98, 1415.57
2099.09, 1415.96
2099.2, 1416.36
2099.32, 1416.77
2099.43, 1417.18
2099.62, 1417.86
2099.8, 1418.54
2099.99, 1419.21
2100.17, 1419.87
2100.35, 1420.52
2100.53, 1421.15
2100.7, 1421.77
2100.86, 1422.37
2101.02, 1422.95
2101.18, 1423.52
2101.32, 1424.06
2101.47, 1424.58
2101.61, 1425.08
2101.74, 1425.56
2101.86, 1426.01
2101.99, 1426.45
2102.1, 1426.87
2102.21, 1427.27
2102.32, 1427.65
2102.42, 1428.02
2102.51, 1428.37
2102.61, 1428.7
2102.7, 1429.03
2102.78, 1429.34
2102.86, 1429.64
2102.95, 1429.93
2103.03, 1430.22
2103.1, 1430.51
2103.18, 1430.79
2103.26, 1431.07
2103.34, 1431.35
2103.41, 1431.62
2103.49, 1431.91
2103.57, 1432.2
2103.65, 1432.49
2103.77, 1433.02
2103.82, 1433.34
2103.87, 1433.66
2103.92, 1433.99
2103.97, 1434.34
2104.03, 1434.69
2104.08, 1435.06
2104.14, 1435.43
2104.2, 1435.82
2104.26, 1436.21
2104.32, 1436.62
2104.39, 1437.03
2104.45, 1437.45
2104.51, 1437.87

waypoints
x, y
2097.89, 1411.61
2097.97, 1411.89
2098.05, 1412.18
2098.13, 1412.48
2098.22, 1412.78
2098.3, 1413.09
2098.39, 1413.41
2098.48, 1413.75
2098.58, 1414.09
2098.67, 1414.44
2098.77, 1414.81
2098.88, 1415.18
2098.98, 1415.57
2099.09, 1415.96
2099.2, 1416.36
2099.32, 1416.77
2099.43, 1417.18
2099.62, 1417.86
2099.8, 1418.54
2099.99, 1419.21
2100.17, 1419.87
2100.35, 1420.52
2100.53, 1421.15
2100.7, 1421.77
2100.86, 1422.37
2101.02, 1422.95
2101.18, 1423.52
2101.32, 1424.06
2101.47, 1424.58
2101.61, 1425.08
2101.74, 1425.56
2101.86, 1426.01
2101.99, 1426.45
2102.1, 1426.87
2102.21, 1427.27
2102.32, 1427.65
2102.42, 1428.02
2102.51, 1428.37
2102.61, 1428.7
2102.7, 1429.03
2102.78, 1429.34
2102.86, 1429.64
2102.95, 1429.93
2103.03, 1430.22
2103.1, 1430.51
2103.18, 1430.79
2103.26, 1431.07
2103.34, 1431.35
2103.41, 1431.62
2103.49, 1431.91
2103.57, 1432.2
2103.65, 1432.49
2103.77, 1433.02
2103.82, 1433.34
2103.87, 1433.66
2103.92, 1433.99
2103.97, 1434.34
2104.03, 1434.69
2104.08, 1435.06
2104.14, 1435.43
2104.2, 1435.82
2104.26, 1436.21
2104.32, 1436.62
2104.39, 1437.03
2104.45, 1437.45
2104.51, 1437.87

waypoints
x, y
2098.22, 1412.78
2098.3, 1413.09
2098.39, 1413.41
2098.48, 1413.75
2098.58, 1414.09
2098.67, 1414.44
2098.77, 1414.81
2098.88, 1415.18
2098.98, 1415.57
2099.09, 1415.96
2099.2, 1416.36
2099.32, 1416.77
2099.43, 1417.18
2099.62, 1417.86
2099.8, 1418.54
2099.99, 1419.21
2100.17, 1419.87
2100.35, 1420.52
2100.53, 1421.15
2100.7, 1421.77
2100.86, 1422.37
2101.02, 1422.95
2101.18, 1423.52
2101.32, 1424.06
2101.47, 1424.58
2101.61, 1425.08
2101.74, 1425.56
2101.86, 1426.01
2101.99, 1426.45
2102.1, 1426.87
2102.21, 1427.27
2102.32, 1427.65
2102.42, 1428.02
2102.51, 1428.37
2102.61, 1428.7
2102.7, 1429.03
2102.78, 1429.34
2102.86, 1429.64
2102.95, 1429.93
2103.03, 1430.22
2103.1, 1430.51
2103.18, 1430.79
2103.26, 1431.07
2103.34, 1431.35
2103.41, 1431.62
2103.49, 1431.91
2103.57, 1432.2
2103.65, 1432.49
2103.77, 1433.02
2103.82, 1433.34
2103.87, 1433.66
2103.92, 1433.99
2103.97, 1434.34
2104.03, 1434.69
2104.08, 1435.06
2104.14, 1435.43
2104.2, 1435.82
2104.26, 1436.21
2104.32, 1436.62
2104.39, 1437.03
2104.45, 1437.45
2104.51, 1437.87

waypoints
x, y
2098.58, 1414.09
2098.67, 1414.44
2098.77, 1414.81
2098.88, 1415.18
2098.98, 1415.57
2099.09, 1415.96
2099.2, 1416.36
2099.32, 1416.77
2099.43, 1417.18
2099.62, 1417.86
2099.8, 1418.54
2099.99, 1419.21
2100.17, 1419.87
2100.35, 1420.52
2100.53, 1421.15
2100.7, 1421.77
2100.86, 1422.37
2101.02, 1422.95
2101.18, 1423.52
2101.32, 1424.06
2101.47, 1424.58
2101.61, 1425.08
2101.74, 1425.56
2101.86, 1426.01
2101.99, 1426.45
2102.1, 1426.87
2102.21, 1427.27
2102.32, 1427.65
2102.42, 1428.02
2102.51, 1428.37
2102.61, 1428.7
2102.7, 1429.03
2102.78, 1429.34
2102.86, 1429.64
2102.95, 1429.93
2103.03, 1430.22
2103.1, 1430.51
2103.18, 1430.79
2103.26, 1431.07
2103.34, 1431.35
2103.41, 1431.62
2103.49, 1431.91
2103.57, 1432.2
2103.65, 1432.49
2103.77, 1433.02
2103.82, 1433.34
2103.87, 1433.66
2103.92, 1433.99
2103.97, 1434.34
2104.03, 1434.69
2104.08, 1435.06
2104.14, 1435.43
2104.2, 1435.82
2104.26, 1436.21
2104.32, 1436.62
2104.39, 1437.03
2104.45, 1437.45
2104.51, 1437.87

waypoints
x, y
2098.98, 1415.57
2099.09, 1415.96
2099.2, 1416.36
2099.32, 1416.77
2099.43, 1417.18
2099.62, 1417.86
2099.8, 1418.54
2099.99, 1419.21
2100.17, 1419.87
2100.35, 1420.52
2100.53, 1421.15
2100.7, 1421.77
2100.86, 1422.37
2101.02, 1422.95
2101.18, 1423.52
2101.32, 1424.06
2101.47, 1424.58
2101.61, 1425.08
2101.74, 1425.56
2101.86, 1426.01
2101.99, 1426.45
2102.1, 1426.87
2102.21, 1427.27
2102.32, 1427.65
2102.42, 1428.02
2102.51, 1428.37
2102.61, 1428.7
2102.7, 1429.03
2102.78, 1429.34
2102.86, 1429.64
2102.95, 1429.93
2103.03, 1430.22
2103.1, 1430.51
2103.18, 1430.79
2103.26, 1431.07
2103.34, 1431.35
2103.41, 1431.62
2103.49, 1431.91
2103.57, 1432.2
2103.65, 1432.49
2103.77, 1433.02
2103.82, 1433.34
2103.87, 1433.66
2103.92, 1433.99
2103.97, 1434.34
2104.03, 1434.69
2104.08, 1435.06
2104.14, 1435.43
2104.2, 1435.82
2104.26, 1436.21
2104.32, 1436.62
2104.39, 1437.03
2104.45, 1437.45
2104.51, 1437.87

waypoints
x, y
2099.43, 1417.18
2099.62, 1417.86
2099.8, 1418.54
2099.99, 1419.21
2100.17, 1419.87
2100.35, 1420.52
2100.53, 1421.15
2100.7, 1421.77
2100.86, 1422.37
2101.02, 1422.95
2101.18, 1423.52
2101.32, 1424.06
2101.47, 1424.58
2101.61, 1425.08
2101.74, 1425.56
2101.86, 1426.01
2101.99, 1426.45
2102.1, 1426.87
2102.21, 1427.27
2102.32, 1427.65
2102.42, 1428.02
2102.51, 1428.37
2102.61, 1428.7
2102.7, 1429.03
2102.78, 1429.34
2102.86, 1429.64
2102.95, 1429.93
2103.03, 1430.22
2103.1, 1430.51
2103.18, 1430.79
2103.26, 1431.07
2103.34, 1431.35
2103.41, 1431.62
2103.49, 1431.91
2103.57, 1432.2
2103.65, 1432.49
2103.77, 1433.02
2103.82, 1433.34
2103.87, 1433.66
2103.92, 1433.99
2103.97, 1434.34
2104.03, 1434.69
2104.08, 1435.06
2104.14, 1435.43
2104.2, 1435.82
2104.26, 1436.21
2104.32, 1436.62
2104.39, 1437.03
2104.45, 1437.45
2104.51, 1437.87

waypoints
x, y
2100.17, 1419.87
2100.35, 1420.52
2100.53, 1421.15
2100.7, 1421.77
2100.86, 1422.37
2101.02, 1422.95
2101.18, 1423.52
2101.32, 1424.06
2101.47, 1424.58
2101.61, 1425.08
2101.74, 1425.56
2101.86, 1426.01
2101.99, 1426.45
2102.1, 1426.87
2102.21, 1427.27
2102.32, 1427.65
2102.42, 1428.02
2102.51, 1428.37
2102.61, 1428.7
2102.7, 1429.03
2102.78, 1429.34
2102.86, 1429.64
2102.95, 1429.93
2103.03, 1430.22
2103.1, 1430.51
2103.18, 1430.79
2103.26, 1431.07
2103.34, 1431.35
2103.41, 1431.62
2103.49, 1431.91
2103.57, 1432.2
2103.65, 1432.49
2103.77, 1433.02
2103.82, 1433.34
2103.87, 1433.66
2103.92, 1433.99
2103.97, 1434.34
2104.03, 1434.69
2104.08, 1435.06
2104.14, 1435.43
2104.2, 1435.82
2104.26, 1436.21
2104.32, 1436.62
2104.39, 1437.03
2104.45, 1437.45
2104.51, 1437.87
2104.62, 1438.56
2104.72, 1439.24
2104.83, 1439.92
2104.93, 1440.58
2105.03, 1441.24
2105.13, 1441.88
2105.22, 1442.5
2105.32, 1443.11
2105.41, 1443.7
2105.49, 1444.27
2105.58, 1444.82
2105.66, 1445.35
2105.74, 1445.85
2105.81, 1446.34
2105.88, 1446.81
2105.95, 1447.26
2106.02, 1447.69
2106.08, 1448.1
2106.14, 1448.49
2106.2, 1448.87
2106.26, 1449.23
2106.31, 1449.58
2106.36, 1449.91
2106.41, 1450.24
2106.46, 1450.55
2106.51, 1450.86
2106.55, 1451.16
2106.6, 1451.46
2106.64, 1451.75
2106.69, 1452.04
2106.73, 1452.34
2106.78, 1452.63
2106.82, 1452.92
2106.87, 1453.23
2106.92, 1453.53
2106.96, 1453.84
2107.01, 1454.16
2107.06, 1454.49
2107.11, 1454.83
2107.17, 1455.18
2107.22, 1455.54
2107.28, 1455.9
2107.34, 1456.28
2107.4, 1456.67
2107.46, 1457.06
2107.52, 1457.47
2107.58, 1457.88
2107.65, 1458.3
2107.71, 1458.72

waypoints
x, y
2100.86, 1422.37
2101.02, 1422.95
2101.18, 1423.52
2101.32, 1424.06
2101.47, 1424.58
2101.61, 1425.08
2101.74, 1425.56
2101.86, 1426.01
2101.99, 1426.45
2102.1, 1426.87
2102.21, 1427.27
2102.32, 1427.65
2102.42, 1428.02
2102.51, 1428.37
2102.61, 1428.7
2102.7, 1429.03
2102.78, 1429.34
2102.86, 1429.64
2102.95, 1429.93
2103.03, 1430.22
2103.1, 1430.51
2103.18, 1430.79
2103.26, 1431.07
2103.34, 1431.35
2103.41, 1431.62
2103.49, 1431.91
2103.57, 1432.2
2103.65, 1432.49
2103.77, 1433.02
2103.82, 1433.34
2103.87, 1433.66
2103.92, 1433.99
2103.97, 1434.34
2104.03, 1434.69
2104.08, 1435.06
2104.14, 1435.43
2104.2, 1435.82
2104.26, 1436.21
2104.32, 1436.62
2104.39, 1437.03
2104.45, 1437.45
2104.51, 1437.87
2104.62, 1438.56
2104.72, 1439.24
2104.83, 1439.91
2104.93, 1440.58
2105.03, 1441.24
2105.13, 1441.88
2105.22, 1442.5
2105.32, 1443.11
2105.41, 1443.7
2105.49, 1444.27
2105.58, 1444.82
2105.66, 1445.35
2105.74, 1445.85
2105.81, 1446.34
2105.88, 1446.81
2105.95, 1447.26
2106.02, 1447.69
2106.08, 1448.1
2106.14, 1448.49
2106.2, 1448.87
2106.26, 1449.23
2106.31, 1449.58
2106.36, 1449.91
2106.41, 1450.24
2106.46, 1450.55
2106.51, 1450.86
2106.55, 1451.16
2106.6, 1451.46
2106.64, 1451.75
2106.69, 1452.04
2106.73, 1452.34
2106.78, 1452.63
2106.82, 1452.92
2106.87, 1453.22
2106.91, 1453.53
2106.96, 1453.84
2107.01, 1454.16
2107.06, 1454.49
2107.11, 1454.83
2107.17, 1455.18
2107.22, 1455.54
2107.28, 1455.9
2107.34, 1456.28
2107.4, 1456.67
2107.46, 1457.07
2107.52, 1457.47
2107.58, 1457.88
2107.65, 1458.3
2107.71, 1458.72

waypoints
x, y
2101.32, 1424.06
2101.47, 1424.58
2101.61, 1425.08
2101.74, 1425.56
2101.86, 1426.01
2101.99, 1426.45
2102.1, 1426.87
2102.21, 1427.27
2102.32, 1427.65
2102.42, 1428.02
2102.51, 1428.37
2102.61, 1428.7
2102.7, 1429.03
2102.78, 1429.34
2102.86, 1429.64
2102.95, 1429.93
2103.03, 1430.22
2103.1, 1430.51
2103.18, 1430.79
2103.26, 1431.07
2103.34, 1431.35
2103.41, 1431.62
2103.49, 1431.91
2103.57, 1432.2
2103.65, 1432.49
2103.77, 1433.02
2103.82, 1433.34
2103.87, 1433.66
2103.92, 1433.99
2103.97, 1434.34
2104.03, 1434.69
2104.08, 1435.06
2104.14, 1435.43
2104.2, 1435.82
2104.26, 1436.21
2104.32, 1436.62
2104.39, 1437.03
2104.45, 1437.45
2104.51, 1437.87
2104.62, 1438.56
2104.72, 1439.24
2104.83, 1439.91
2104.93, 1440.58
2105.03, 1441.24
2105.13, 1441.88
2105.22, 1442.5
2105.32, 1443.11
2105.41, 1443.7
2105.49, 1444.27
2105.58, 1444.82
2105.66, 1445.35
2105.74, 1445.85
2105.81, 1446.34
2105.88, 1446.81
2105.95, 1447.26
2106.02, 1447.69
2106.08, 1448.1
2106.14, 1448.49
2106.2, 1448.87
2106.26, 1449.23
2106.31, 1449.58
2106.36, 1449.91
2106.41, 1450.24
2106.46, 1450.55
2106.51, 1450.86
2106.55, 1451.16
2106.6, 1451.46
2106.64, 1451.75
2106.69, 1452.04
2106.73, 1452.34
2106.78, 1452.63
2106.82, 1452.92
2106.87, 1453.22
2106.91, 1453.53
2106.96, 1453.84
2107.01, 1454.16
2107.06, 1454.49
2107.11, 1454.83
2107.17, 1455.18
2107.22, 1455.54
2107.28, 1455.9
2107.34, 1456.28
2107.4, 1456.67
2107.46, 1457.07
2107.52, 1457.47
2107.58, 1457.88
2107.65, 1458.3
2107.71, 1458.72

waypoints
x, y
2101.99, 1426.45
2102.1, 1426.87
2102.21, 1427.27
2102.32, 1427.65
2102.42, 1428.02
2102.51, 1428.37
2102.61, 1428.7
2102.7, 1429.03
2102.78, 1429.34
2102.86, 1429.64
2102.95, 1429.93
2103.03, 1430.22
2103.1, 1430.51
2103.18, 1430.79
2103.26, 1431.07
2103.34, 1431.35
2103.41, 1431.62
2103.49, 1431.91
2103.57, 1432.2
2103.65, 1432.49
2103.77, 1433.02
2103.82, 1433.34
2103.87, 1433.66
2103.92, 1433.99
2103.97, 1434.34
2104.03, 1434.69
2104.08, 1435.06
2104.14, 1435.43
2104.2, 1435.82
2104.26, 1436.21
2104.32, 1436.62
2104.39, 1437.03
2104.45, 1437.45
2104.51, 1437.87
2104.62, 1438.56
2104.72, 1439.24
2104.83, 1439.91
2104.93, 1440.58
2105.03, 1441.24
2105.13, 1441.88
2105.22, 1442.5
2105.32, 1443.11
2105.41, 1443.7
2105.49, 1444.27
2105.58, 1444.82
2105.66, 1445.35
2105.74, 1445.85
2105.81, 1446.34
2105.88, 1446.81
2105.95, 1447.26
2106.02, 1447.69
2106.08, 1448.1
2106.14, 1448.49
2106.2, 1448.87
2106.26, 1449.23
2106.31, 1449.58
2106.36, 1449.91
2106.41, 1450.24
2106.46, 1450.55
2106.51, 1450.86
2106.55, 1451.16
2106.6, 1451.46
2106.64, 1451.75
2106.69, 1452.04
2106.73, 1452.34
2106.78, 1452.63
2106.82, 1452.92
2106.87, 1453.22
2106.91, 1453.53
2106.96, 1453.84
2107.01, 1454.16
2107.06, 1454.49
2107.11, 1454.83
2107.17, 1455.18
2107.22, 1455.54
2107.28, 1455.9
2107.34, 1456.28
2107.4, 1456.67
2107.46, 1457.07
2107.52, 1457.47
2107.58, 1457.88
2107.65, 1458.3
2107.71, 1458.72

waypoints
x, y
2102.42, 1428.02
2102.51, 1428.37
2102.61, 1428.7
2102.7, 1429.03
2102.78, 1429.34
2102.86, 1429.64
2102.95, 1429.93
2103.03, 1430.22
2103.1, 1430.51
2103.18, 1430.79
2103.26, 1431.07
2103.34, 1431.35
2103.41, 1431.62
2103.49, 1431.91
2103.57, 1432.2
2103.65, 1432.49
2103.77, 1433.02
2103.82, 1433.34
2103.87, 1433.66
2103.92, 1433.99
2103.97, 1434.34
2104.03, 1434.69
2104.08, 1435.06
2104.14, 1435.43
2104.2, 1435.82
2104.26, 1436.21
2104.32, 1436.62
2104.39, 1437.03
2104.45, 1437.45
2104.51, 1437.87
2104.62, 1438.56
2104.72, 1439.24
2104.83, 1439.91
2104.93, 1440.58
2105.03, 1441.24
2105.13, 1441.88
2105.22, 1442.5
2105.32, 1443.11
2105.41, 1443.7
2105.49, 1444.27
2105.58, 1444.82
2105.66, 1445.35
2105.74, 1445.85
2105.81, 1446.34
2105.88, 1446.81
2105.95, 1447.26
2106.02, 1447.69
2106.08, 1448.1
2106.14, 1448.49
2106.2, 1448.87
2106.26, 1449.23
2106.31, 1449.58
2106.36, 1449.91
2106.41, 1450.24
2106.46, 1450.55
2106.51, 1450.86
2106.55, 1451.16
2106.6, 1451.46
2106.64, 1451.75
2106.69, 1452.04
2106.73, 1452.34
2106.78, 1452.63
2106.82, 1452.92
2106.87, 1453.22
2106.91, 1453.53
2106.96, 1453.84
2107.01, 1454.16
2107.06, 1454.49
2107.11, 1454.83
2107.17, 1455.18
2107.22, 1455.54
2107.28, 1455.9
2107.34, 1456.28
2107.4, 1456.67
2107.46, 1457.07
2107.52, 1457.47
2107.58, 1457.88
2107.65, 1458.3
2107.71, 1458.72

waypoints
x, y
2102.78, 1429.34
2102.86, 1429.64
2102.95, 1429.93
2103.03, 1430.22
2103.1, 1430.51
2103.18, 1430.79
2103.26, 1431.07
2103.34, 1431.35
2103.41, 1431.62
2103.49, 1431.91
2103.57, 1432.2
2103.65, 1432.49
2103.77, 1433.02
2103.82, 1433.34
2103.87, 1433.66
2103.92, 1433.99
2103.97, 1434.34
2104.03, 1434.69
2104.08, 1435.06
2104.14, 1435.43
2104.2, 1435.82
2104.26, 1436.21
2104.32, 1436.62
2104.39, 1437.03
2104.45, 1437.45
2104.51, 1437.87
2104.62, 1438.56
2104.72, 1439.24
2104.83, 1439.91
2104.93, 1440.58
2105.03, 1441.24
2105.13, 1441.88
2105.22, 1442.5
2105.32, 1443.11
2105.41, 1443.7
2105.49, 1444.27
2105.58, 1444.82
2105.66, 1445.35
2105.74, 1445.85
2105.81, 1446.34
2105.88, 1446.81
2105.95, 1447.26
2106.02, 1447.69
2106.08, 1448.1
2106.14, 1448.49
2106.2, 1448.87
2106.26, 1449.23
2106.31, 1449.58
2106.36, 1449.91
2106.41, 1450.24
2106.46, 1450.55
2106.51, 1450.86
2106.55, 1451.16
2106.6, 1451.46
2106.64, 1451.75
2106.69, 1452.04
2106.73, 1452.34
2106.78, 1452.63
2106.82, 1452.92
2106.87, 1453.22
2106.91, 1453.53
2106.96, 1453.84
2107.01, 1454.16
2107.06, 1454.49
2107.11, 1454.83
2107.17, 1455.18
2107.22, 1455.54
2107.28, 1455.9
2107.34, 1456.28
2107.4, 1456.67
2107.46, 1457.07
2107.52, 1457.47
2107.58, 1457.88
2107.65, 1458.3
2107.71, 1458.72

waypoints
x, y
2103.1, 1430.51
2103.18, 1430.79
2103.26, 1431.07
2103.34, 1431.35
2103.41, 1431.62
2103.49, 1431.91
2103.57, 1432.2
2103.65, 1432.49
2103.77, 1433.02
2103.82, 1433.34
2103.87, 1433.66
2103.92, 1433.99
2103.97, 1434.34
2104.03, 1434.69
2104.08, 1435.06
2104.14, 1435.43
2104.2, 1435.82
2104.26, 1436.21
2104.32, 1436.62
2104.39, 1437.03
2104.45, 1437.45
2104.51, 1437.87
2104.62, 1438.56
2104.72, 1439.24
2104.83, 1439.91
2104.93, 1440.58
2105.03, 1441.24
2105.13, 1441.88
2105.22, 1442.5
2105.32, 1443.11
2105.41, 1443.7
2105.49, 1444.27
2105.58, 1444.82
2105.66, 1445.35
2105.74, 1445.85
2105.81, 1446.34
2105.88, 1446.81
2105.95, 1447.26
2106.02, 1447.69
2106.08, 1448.1
2106.14, 1448.49
2106.2, 1448.87
2106.26, 1449.23
2106.31, 1449.58
2106.36, 1449.91
2106.41, 1450.24
2106.46, 1450.55
2106.51, 1450.86
2106.55, 1451.16
2106.6, 1451.46
2106.64, 1451.75
2106.69, 1452.04
2106.73, 1452.34
2106.78, 1452.63
2106.82, 1452.92
2106.87, 1453.22
2106.91, 1453.53
2106.96, 1453.84
2107.01, 1454.16
2107.06, 1454.49
2107.11, 1454.83
2107.17, 1455.18
2107.22, 1455.54
2107.28, 1455.9
2107.34, 1456.28
2107.4, 1456.67
2107.46, 1457.07
2107.52, 1457.47
2107.58, 1457.88
2107.65, 1458.3
2107.71, 1458.72

waypoints
x, y
2103.41, 1431.62
2103.49, 1431.91
2103.57, 1432.2
2103.65, 1432.49
2103.77, 1433.02
2103.82, 1433.34
2103.87, 1433.66
2103.92, 1433.99
2103.97, 1434.34
2104.03, 1434.69
2104.08, 1435.06
2104.14, 1435.43
2104.2, 1435.82
2104.26, 1436.21
2104.32, 1436.62
2104.39, 1437.03
2104.45, 1437.45
2104.51, 1437.87
2104.62, 1438.56
2104.72, 1439.24
2104.83, 1439.91
2104.93, 1440.58
2105.03, 1441.24
2105.13, 1441.88
2105.22, 1442.5
2105.32, 1443.11
2105.41, 1443.7
2105.49, 1444.27
2105.58, 1444.82
2105.66, 1445.35
2105.74, 1445.85
2105.81, 1446.34
2105.88, 1446.81
2105.95, 1447.26
2106.02, 1447.69
2106.08, 1448.1
2106.14, 1448.49
2106.2, 1448.87
2106.26, 1449.23
2106.31, 1449.58
2106.36, 1449.91
2106.41, 1450.24
2106.46, 1450.55
2106.51, 1450.86
2106.55, 1451.16
2106.6, 1451.46
2106.64, 1451.75
2106.69, 1452.04
2106.73, 1452.34
2106.78, 1452.63
2106.82, 1452.92
2106.87, 1453.22
2106.91, 1453.53
2106.96, 1453.84
2107.01, 1454.16
2107.06, 1454.49
2107.11, 1454.83
2107.17, 1455.18
2107.22, 1455.54
2107.28, 1455.9
2107.34, 1456.28
2107.4, 1456.67
2107.46, 1457.07
2107.52, 1457.47
2107.58, 1457.88
2107.65, 1458.3
2107.71, 1458.72

waypoints
x, y
2103.77, 1433.02
2103.82, 1433.34
2103.87, 1433.66
2103.92, 1433.99
2103.97, 1434.34
2104.03, 1434.69
2104.08, 1435.06
2104.14, 1435.43
2104.2, 1435.82
2104.26, 1436.21
2104.32, 1436.62
2104.39, 1437.03
2104.45, 1437.45
2104.51, 1437.87
2104.62, 1438.56
2104.72, 1439.24
2104.83, 1439.91
2104.93, 1440.58
2105.03, 1441.24
2105.13, 1441.88
2105.22, 1442.5
2105.32, 1443.11
2105.41, 1443.7
2105.49, 1444.27
2105.58, 1444.82
2105.66, 1445.35
2105.74, 1445.85
2105.81, 1446.34
2105.88, 1446.81
2105.95, 1447.26
2106.02, 1447.69
2106.08, 1448.1
2106.14, 1448.49
2106.2, 1448.87
2106.26, 1449.23
2106.31, 1449.58
2106.36, 1449.91
2106.41, 1450.24
2106.46, 1450.55
2106.51, 1450.86
2106.55, 1451.16
2106.6, 1451.46
2106.64, 1451.75
2106.69, 1452.04
2106.73, 1452.34
2106.78, 1452.63
2106.82, 1452.92
2106.87, 1453.22
2106.91, 1453.53
2106.96, 1453.84
2107.01, 1454.16
2107.06, 1454.49
2107.11, 1454.83
2107.17, 1455.18
2107.22, 1455.54
2107.28, 1455.9
2107.34, 1456.28
2107.4, 1456.67
2107.46, 1457.07
2107.52, 1457.47
2107.58, 1457.88
2107.65, 1458.3
2107.71, 1458.72

waypoints
x, y
2103.97, 1434.34
2104.03, 1434.69
2104.08, 1435.06
2104.14, 1435.43
2104.2, 1435.82
2104.26, 1436.21
2104.32, 1436.62
2104.39, 1437.03
2104.45, 1437.45
2104.51, 1437.87
2104.62, 1438.56
2104.72, 1439.24
2104.83, 1439.91
2104.93, 1440.58
2105.03, 1441.24
2105.13, 1441.88
2105.22, 1442.5
2105.32, 1443.11
2105.41, 1443.7
2105.49, 1444.27
2105.58, 1444.82
2105.66, 1445.35
2105.74, 1445.85
2105.81, 1446.34
2105.88, 1446.81
2105.95, 1447.26
2106.02, 1447.69
2106.08, 1448.1
2106.14, 1448.49
2106.2, 1448.87
2106.26, 1449.23
2106.31, 1449.58
2106.36, 1449.91
2106.41, 1450.24
2106.46, 1450.55
2106.51, 1450.86
2106.55, 1451.16
2106.6, 1451.46
2106.64, 1451.75
2106.69, 1452.04
2106.73, 1452.34
2106.78, 1452.63
2106.82, 1452.92
2106.87, 1453.22
2106.91, 1453.53
2106.96, 1453.84
2107.01, 1454.16
2107.06, 1454.49
2107.11, 1454.83
2107.17, 1455.18
2107.22, 1455.54
2107.28, 1455.9
2107.34, 1456.28
2107.4, 1456.67
2107.46, 1457.07
2107.52, 1457.47
2107.58, 1457.88
2107.65, 1458.3
2107.71, 1458.72

waypoints
x, y
2104.2, 1435.82
2104.26, 1436.21
2104.32, 1436.62
2104.39, 1437.03
2104.45, 1437.45
2104.51, 1437.87
2104.62, 1438.56
2104.72, 1439.24
2104.83, 1439.91
2104.93, 1440.58
2105.03, 1441.24
2105.13, 1441.88
2105.22, 1442.5
2105.32, 1443.11
2105.41, 1443.7
2105.49, 1444.27
2105.58, 1444.82
2105.66, 1445.35
2105.74, 1445.85
2105.81, 1446.34
2105.88, 1446.81
2105.95, 1447.26
2106.02, 1447.69
2106.08, 1448.1
2106.14, 1448.49
2106.2, 1448.87
2106.26, 1449.23
2106.31, 1449.58
2106.36, 1449.91
2106.41, 1450.24
2106.46, 1450.55
2106.51, 1450.86
2106.55, 1451.16
2106.6, 1451.46
2106.64, 1451.75
2106.69, 1452.04
2106.73, 1452.34
2106.78, 1452.63
2106.82, 1452.92
2106.87, 1453.22
2106.91, 1453.53
2106.96, 1453.84
2107.01, 1454.16
2107.06, 1454.49
2107.11, 1454.83
2107.17, 1455.18
2107.22, 1455.54
2107.28, 1455.9
2107.34, 1456.28
2107.4, 1456.67
2107.46, 1457.07
2107.52, 1457.47
2107.58, 1457.88
2107.65, 1458.3
2107.71, 1458.72

waypoints
x, y
2104.45, 1437.45
2104.51, 1437.87
2104.62, 1438.56
2104.72, 1439.24
2104.83, 1439.91
2104.93, 1440.58
2105.03, 1441.24
2105.13, 1441.88
2105.22, 1442.5
2105.32, 1443.11
2105.41, 1443.7
2105.49, 1444.27
2105.58, 1444.82
2105.66, 1445.35
2105.74, 1445.85
2105.81, 1446.34
2105.88, 1446.81
2105.95, 1447.26
2106.02, 1447.69
2106.08, 1448.1
2106.14, 1448.49
2106.2, 1448.87
2106.26, 1449.23
2106.31, 1449.58
2106.36, 1449.91
2106.41, 1450.24
2106.46, 1450.55
2106.51, 1450.86
2106.55, 1451.16
2106.6, 1451.46
2106.64, 1451.75
2106.69, 1452.04
2106.73, 1452.34
2106.78, 1452.63
2106.82, 1452.92
2106.87, 1453.22
2106.91, 1453.53
2106.96, 1453.84
2107.01, 1454.16
2107.06, 1454.49
2107.11, 1454.83
2107.17, 1455.18
2107.22, 1455.54
2107.28, 1455.9
2107.34, 1456.28
2107.4, 1456.67
2107.46, 1457.07
2107.52, 1457.47
2107.58, 1457.88
2107.65, 1458.3
2107.71, 1458.72

waypoints
x, y
2104.72, 1439.24
2104.83, 1439.91
2104.93, 1440.58
2105.03, 1441.24
2105.13, 1441.88
2105.22, 1442.5
2105.32, 1443.11
2105.41, 1443.7
2105.49, 1444.27
2105.58, 1444.82
2105.66, 1445.35
2105.74, 1445.85
2105.81, 1446.34
2105.88, 1446.81
2105.95, 1447.26
2106.02, 1447.69
2106.08, 1448.1
2106.14, 1448.49
2106.2, 1448.87
2106.26, 1449.23
2106.31, 1449.58
2106.36, 1449.91
2106.41, 1450.24
2106.46, 1450.55
2106.51, 1450.86
2106.55, 1451.16
2106.6, 1451.46
2106.64, 1451.75
2106.69, 1452.04
2106.73, 1452.34
2106.78, 1452.63
2106.82, 1452.92
2106.87, 1453.22
2106.91, 1453.53
2106.96, 1453.84
2107.01, 1454.16
2107.06, 1454.49
2107.11, 1454.83
2107.17, 1455.18
2107.22, 1455.54
2107.28, 1455.9
2107.34, 1456.28
2107.4, 1456.67
2107.46, 1457.07
2107.52, 1457.47
2107.58, 1457.88
2107.65, 1458.3
2107.71, 1458.72
2107.82, 1459.41
2107.92, 1460.09
2108.02, 1460.77
2108.13, 1461.43
2108.23, 1462.09
2108.33, 1462.73
2108.42, 1463.35
2108.51, 1463.96
2108.6, 1464.54
2108.69, 1465.11
2108.78, 1465.66
2108.86, 1466.19
2108.94, 1466.74
2109, 1467.23
2109.06, 1467.7
2109.12, 1468.14
2109.18, 1468.57
2109.24, 1468.99
2109.29, 1469.38
2109.34, 1469.76
2109.39, 1470.12
2109.43, 1470.47
2109.48, 1470.81
2109.52, 1471.13
2109.57, 1471.45
2109.61, 1471.76
2109.65, 1472.06
2109.69, 1472.36
2109.73, 1472.66
2109.76, 1472.95
2109.8, 1473.24
2109.84, 1473.54
2109.88, 1473.83
2109.92, 1474.14
2109.96, 1474.44
2110.01, 1474.76
2110.05, 1475.08
2110.09, 1475.41
2110.14, 1475.75
2110.18, 1476.1
2110.23, 1476.46
2110.28, 1476.82
2110.33, 1477.2
2110.38, 1477.59
2110.44, 1477.99
2110.49, 1478.4
2110.55, 1478.81
2110.6, 1479.23
2110.66, 1479.65

waypoints
x, y
2105.13, 1441.88
2105.22, 1442.5
2105.32, 1443.11
2105.41, 1443.7
2105.49, 1444.27
2105.58, 1444.82
2105.66, 1445.35
2105.74, 1445.85
2105.81, 1446.34
2105.88, 1446.81
2105.95, 1447.26
2106.02, 1447.69
2106.08, 1448.1
2106.14, 1448.49
2106.2, 1448.87
2106.26, 1449.23
2106.31, 1449.58
2106.36, 1449.91
2106.41, 1450.24
2106.46, 1450.55
2106.51, 1450.86
2106.55, 1451.16
2106.6, 1451.46
2106.64, 1451.75
2106.69, 1452.04
2106.73, 1452.34
2106.78, 1452.63
2106.82, 1452.92
2106.87, 1453.22
2106.91, 1453.53
2106.96, 1453.84
2107.01, 1454.16
2107.06, 1454.49
2107.11, 1454.83
2107.17, 1455.18
2107.22, 1455.54
2107.28, 1455.9
2107.34, 1456.28
2107.4, 1456.67
2107.46, 1457.07
2107.52, 1457.47
2107.58, 1457.88
2107.65, 1458.3
2107.71, 1458.72
2107.82, 1459.41
2107.92, 1460.09
2108.03, 1460.77
2108.13, 1461.43
2108.23, 1462.09
2108.32, 1462.72
2108.42, 1463.35
2108.51, 1463.96
2108.6, 1464.54
2108.69, 1465.11
2108.78, 1465.66
2108.86, 1466.19
2108.94, 1466.74
2109, 1467.23
2109.07, 1467.7
2109.12, 1468.14
2109.18, 1468.57
2109.24, 1468.99
2109.29, 1469.38
2109.34, 1469.76
2109.39, 1470.12
2109.43, 1470.47
2109.48, 1470.81
2109.52, 1471.13
2109.57, 1471.45
2109.61, 1471.76
2109.65, 1472.06
2109.69, 1472.36
2109.73, 1472.65
2109.76, 1472.95
2109.8, 1473.24
2109.84, 1473.54
2109.88, 1473.84
2109.92, 1474.14
2109.96, 1474.44
2110.01, 1474.76
2110.05, 1475.08
2110.09, 1475.41
2110.14, 1475.75
2110.18, 1476.1
2110.23, 1476.46
2110.28, 1476.83
2110.33, 1477.2
2110.38, 1477.59
2110.44, 1477.99
2110.49, 1478.4
2110.55, 1478.81
2110.6, 1479.23
2110.66, 1479.65

waypoints
x, y
2105.49, 1444.27
2105.58, 1444.82
2105.66, 1445.35
2105.74, 1445.85
2105.81, 1446.34
2105.88, 1446.81
2105.95, 1447.26
2106.02, 1447.69
2106.08, 1448.1
2106.14, 1448.49
2106.2, 1448.87
2106.26, 1449.23
2106.31, 1449.58
2106.36, 1449.91
2106.41, 1450.24
2106.46, 1450.55
2106.51, 1450.86
2106.55, 1451.16
2106.6, 1451.46
2106.64, 1451.75
2106.69, 1452.04
2106.73, 1452.34
2106.78, 1452.63
2106.82, 1452.92
2106.87, 1453.22
2106.91, 1453.53
2106.96, 1453.84
2107.01, 1454.16
2107.06, 1454.49
2107.11, 1454.83
2107.17, 1455.18
2107.22, 1455.54
2107.28, 1455.9
2107.34, 1456.28
2107.4, 1456.67
2107.46, 1457.07
2107.52, 1457.47
2107.58, 1457.88
2107.65, 1458.3
2107.71, 1458.72
2107.82, 1459.41
2107.92, 1460.09
2108.03, 1460.77
2108.13, 1461.43
2108.23, 1462.09
2108.32, 1462.72
2108.42, 1463.35
2108.51, 1463.96
2108.6, 1464.54
2108.69, 1465.11
2108.78, 1465.66
2108.86, 1466.19
2108.94, 1466.74
2109, 1467.23
2109.07, 1467.7
2109.12, 1468.14
2109.18, 1468.57
2109.24, 1468.99
2109.29, 1469.38
2109.34, 1469.76
2109.39, 1470.12
2109.43, 1470.47
2109.48, 1470.81
2109.52, 1471.13
2109.57, 1471.45
2109.61, 1471.76
2109.65, 1472.06
2109.69, 1472.36
2109.73, 1472.65
2109.76, 1472.95
2109.8, 1473.24
2109.84, 1473.54
2109.88, 1473.84
2109.92, 1474.14
2109.96, 1474.44
2110.01, 1474.76
2110.05, 1475.08
2110.09, 1475.41
2110.14, 1475.75
2110.18, 1476.1
2110.23, 1476.46
2110.28, 1476.83
2110.33, 1477.2
2110.38, 1477.59
2110.44, 1477.99
2110.49, 1478.4
2110.55, 1478.81
2110.6, 1479.23
2110.66, 1479.65

waypoints
x, y
2105.81, 1446.34
2105.88, 1446.81
2105.95, 1447.26
2106.02, 1447.69
2106.08, 1448.1
2106.14, 1448.49
2106.2, 1448.87
2106.26, 1449.23
2106.31, 1449.58
2106.36, 1449.91
2106.41, 1450.24
2106.46, 1450.55
2106.51, 1450.86
2106.55, 1451.16
2106.6, 1451.46
2106.64, 1451.75
2106.69, 1452.04
2106.73, 1452.34
2106.78, 1452.63
2106.82, 1452.92
2106.87, 1453.22
2106.91, 1453.53
2106.96, 1453.84
2107.01, 1454.16
2107.06, 1454.49
2107.11, 1454.83
2107.17, 1455.18
2107.22, 1455.54
2107.28, 1455.9
2107.34, 1456.28
2107.4, 1456.67
2107.46, 1457.07
2107.52, 1457.47
2107.58, 1457.88
2107.65, 1458.3
2107.71, 1458.72
2107.82, 1459.41
2107.92, 1460.09
2108.03, 1460.77
2108.13, 1461.43
2108.23, 1462.09
2108.32, 1462.72
2108.42, 1463.35
2108.51, 1463.96
2108.6, 1464.54
2108.69, 1465.11
2108.78, 1465.66
2108.86, 1466.19
2108.94, 1466.74
2109, 1467.23
2109.07, 1467.7
2109.12, 1468.14
2109.18, 1468.57
2109.24, 1468.99
2109.29, 1469.38
2109.34, 1469.76
2109.39, 1470.12
2109.43, 1470.47
2109.48, 1470.81
2109.52, 1471.13
2109.57, 1471.45
2109.61, 1471.76
2109.65, 1472.06
2109.69, 1472.36
2109.73, 1472.65
2109.76, 1472.95
2109.8, 1473.24
2109.84, 1473.54
2109.88, 1473.84
2109.92, 1474.14
2109.96, 1474.44
2110.01, 1474.76
2110.05, 1475.08
2110.09, 1475.41
2110.14, 1475.75
2110.18, 1476.1
2110.23, 1476.46
2110.28, 1476.83
2110.33, 1477.2
2110.38, 1477.59
2110.44, 1477.99
2110.49, 1478.4
2110.55, 1478.81
2110.6, 1479.23
2110.66, 1479.65

waypoints
x, y
2106.08, 1448.1
2106.14, 1448.49
2106.2, 1448.87
2106.26, 1449.23
2106.31, 1449.58
2106.36, 1449.91
2106.41, 1450.24
2106.46, 1450.55
2106.51, 1450.86
2106.55, 1451.16
2106.6, 1451.46
2106.64, 1451.75
2106.69, 1452.04
2106.73, 1452.34
2106.78, 1452.63
2106.82, 1452.92
2106.87, 1453.22
2106.91, 1453.53
2106.96, 1453.84
2107.01, 1454.16
2107.06, 1454.49
2107.11, 1454.83
2107.17, 1455.18
2107.22, 1455.54
2107.28, 1455.9
2107.34, 1456.28
2107.4, 1456.67
2107.46, 1457.07
2107.52, 1457.47
2107.58, 1457.88
2107.65, 1458.3
2107.71, 1458.72
2107.82, 1459.41
2107.92, 1460.09
2108.03, 1460.77
2108.13, 1461.43
2108.23, 1462.09
2108.32, 1462.72
2108.42, 1463.35
2108.51, 1463.96
2108.6, 1464.54
2108.69, 1465.11
2108.78, 1465.66
2108.86, 1466.19
2108.94, 1466.74
2109, 1467.23
2109.07, 1467.7
2109.12, 1468.14
2109.18, 1468.57
2109.24, 1468.99
2109.29, 1469.38
2109.34, 1469.76
2109.39, 1470.12
2109.43, 1470.47
2109.48, 1470.81
2109.52, 1471.13
2109.57, 1471.45
2109.61, 1471.76
2109.65, 1472.06
2109.69, 1472.36
2109.73, 1472.65
2109.76, 1472.95
2109.8, 1473.24
2109.84, 1473.54
2109.88, 1473.84
2109.92, 1474.14
2109.96, 1474.44
2110.01, 1474.76
2110.05, 1475.08
2110.09, 1475.41
2110.14, 1475.75
2110.18, 1476.1
2110.23, 1476.46
2110.28, 1476.83
2110.33, 1477.2
2110.38, 1477.59
2110.44, 1477.99
2110.49, 1478.4
2110.55, 1478.81
2110.6, 1479.23
2110.66, 1479.65

waypoints
x, y
2106.31, 1449.58
2106.36, 1449.91
2106.41, 1450.24
2106.46, 1450.55
2106.51, 1450.86
2106.55, 1451.16
2106.6, 1451.46
2106.64, 1451.75
2106.69, 1452.04
2106.73, 1452.34
2106.78, 1452.63
2106.82, 1452.92
2106.87, 1453.22
2106.91, 1453.53
2106.96, 1453.84
2107.01, 1454.16
2107.06, 1454.49
2107.11, 1454.83
2107.17, 1455.18
2107.22, 1455.54
2107.28, 1455.9
2107.34, 1456.28
2107.4, 1456.67
2107.46, 1457.07
2107.52, 1457.47
2107.58, 1457.88
2107.65, 1458.3
2107.71, 1458.72
2107.82, 1459.41
2107.92, 1460.09
2108.03, 1460.77
2108.13, 1461.43
2108.23, 1462.09
2108.32, 1462.72
2108.42, 1463.35
2108.51, 1463.96
2108.6, 1464.54
2108.69, 1465.11
2108.78, 1465.66
2108.86, 1466.19
2108.94, 1466.74
2109, 1467.23
2109.07, 1467.7
2109.12, 1468.14
2109.18, 1468.57
2109.24, 1468.99
2109.29, 1469.38
2109.34, 1469.76
2109.39, 1470.12
2109.43, 1470.47
2109.48, 1470.81
2109.52, 1471.13
2109.57, 1471.45
2109.61, 1471.76
2109.65, 1472.06
2109.69, 1472.36
2109.73, 1472.65
2109.76, 1472.95
2109.8, 1473.24
2109.84, 1473.54
2109.88, 1473.84
2109.92, 1474.14
2109.96, 1474.44
2110.01, 1474.76
2110.05, 1475.08
2110.09, 1475.41
2110.14, 1475.75
2110.18, 1476.1
2110.23, 1476.46
2110.28, 1476.83
2110.33, 1477.2
2110.38, 1477.59
2110.44, 1477.99
2110.49, 1478.4
2110.55, 1478.81
2110.6, 1479.23
2110.66, 1479.65

waypoints
x, y
2106.51, 1450.86
2106.55, 1451.16
2106.6, 1451.46
2106.64, 1451.75
2106.69, 1452.04
2106.73, 1452.34
2106.78, 1452.63
2106.82, 1452.92
2106.87, 1453.22
2106.91, 1453.53
2106.96, 1453.84
2107.01, 1454.16
2107.06, 1454.49
2107.11, 1454.83
2107.17, 1455.18
2107.22, 1455.54
2107.28, 1455.9
2107.34, 1456.28
2107.4, 1456.67
2107.46, 1457.07
2107.52, 1457.47
2107.58, 1457.88
2107.65, 1458.3
2107.71, 1458.72
2107.82, 1459.41
2107.92, 1460.09
2108.03, 1460.77
2108.13, 1461.43
2108.23, 1462.09
2108.32, 1462.72
2108.42, 1463.35
2108.51, 1463.96
2108.6, 1464.54
2108.69, 1465.11
2108.78, 1465.66
2108.86, 1466.19
2108.94, 1466.74
2109, 1467.23
2109.07, 1467.7
2109.12, 1468.14
2109.18, 1468.57
2109.24, 1468.99
2109.29, 1469.38
2109.34, 1469.76
2109.39, 1470.12
2109.43, 1470.47
2109.48, 1470.81
2109.52, 1471.13
2109.57, 1471.45
2109.61, 1471.76
2109.65, 1472.06
2109.69, 1472.36
2109.73, 1472.65
2109.76, 1472.95
2109.8, 1473.24
2109.84, 1473.54
2109.88, 1473.84
2109.92, 1474.14
2109.96, 1474.44
2110.01, 1474.76
2110.05, 1475.08
2110.09, 1475.41
2110.14, 1475.75
2110.18, 1476.1
2110.23, 1476.46
2110.28, 1476.83
2110.33, 1477.2
2110.38, 1477.59
2110.44, 1477.99
2110.49, 1478.4
2110.55, 1478.81
2110.6, 1479.23
2110.66, 1479.65

waypoints
x, y
2106.69, 1452.04
2106.73, 1452.34
2106.78, 1452.63
2106.82, 1452.92
2106.87, 1453.22
2106.91, 1453.53
2106.96, 1453.84
2107.01, 1454.16
2107.06, 1454.49
2107.11, 1454.83
2107.17, 1455.18
2107.22, 1455.54
2107.28, 1455.9
2107.34, 1456.28
2107.4, 1456.67
2107.46, 1457.07
2107.52, 1457.47
2107.58, 1457.88
2107.65, 1458.3
2107.71, 1458.72
2107.82, 1459.41
2107.92, 1460.09
2108.03, 1460.77
2108.13, 1461.43
2108.23, 1462.09
2108.32, 1462.72
2108.42, 1463.35
2108.51, 1463.96
2108.6, 1464.54
2108.69, 1465.11
2108.78, 1465.66
2108.86, 1466.19
2108.94, 1466.74
2109, 1467.23
2109.07, 1467.7
2109.12, 1468.14
2109.18, 1468.57
2109.24, 1468.99
2109.29, 1469.38
2109.34, 1469.76
2109.39, 1470.12
2109.43, 1470.47
2109.48, 1470.81
2109.52, 1471.13
2109.57, 1471.45
2109.61, 1471.76
2109.65, 1472.06
2109.69, 1472.36
2109.73, 1472.65
2109.76, 1472.95
2109.8, 1473.24
2109.84, 1473.54
2109.88, 1473.84
2109.92, 1474.14
2109.96, 1474.44
2110.01, 1474.76
2110.05, 1475.08
2110.09, 1475.41
2110.14, 1475.75
2110.18, 1476.1
2110.23, 1476.46
2110.28, 1476.83
2110.33, 1477.2
2110.38, 1477.59
2110.44, 1477.99
2110.49, 1478.4
2110.55, 1478.81
2110.6, 1479.23
2110.66, 1479.65

waypoints
x, y
2106.87, 1453.22
2106.91, 1453.53
2106.96, 1453.84
2107.01, 1454.16
2107.06, 1454.49
2107.11, 1454.83
2107.17, 1455.18
2107.22, 1455.54
2107.28, 1455.9
2107.34, 1456.28
2107.4, 1456.67
2107.46, 1457.07
2107.52, 1457.47
2107.58, 1457.88
2107.65, 1458.3
2107.71, 1458.72
2107.82, 1459.41
2107.92, 1460.09
2108.03, 1460.77
2108.13, 1461.43
2108.23, 1462.09
2108.32, 1462.72
2108.42, 1463.35
2108.51, 1463.96
2108.6, 1464.54
2108.69, 1465.11
2108.78, 1465.66
2108.86, 1466.19
2108.94, 1466.74
2109, 1467.23
2109.07, 1467.7
2109.12, 1468.14
2109.18, 1468.57
2109.24, 1468.99
2109.29, 1469.38
2109.34, 1469.76
2109.39, 1470.12
2109.43, 1470.47
2109.48, 1470.81
2109.52, 1471.13
2109.57, 1471.45
2109.61, 1471.76
2109.65, 1472.06
2109.69, 1472.36
2109.73, 1472.65
2109.76, 1472.95
2109.8, 1473.24
2109.84, 1473.54
2109.88, 1473.84
2109.92, 1474.14
2109.96, 1474.44
2110.01, 1474.76
2110.05, 1475.08
2110.09, 1475.41
2110.14, 1475.75
2110.18, 1476.1
2110.23, 1476.46
2110.28, 1476.83
2110.33, 1477.2
2110.38, 1477.59
2110.44, 1477.99
2110.49, 1478.4
2110.55, 1478.81
2110.6, 1479.23
2110.66, 1479.65

waypoints
x, y
2107.06, 1454.49
2107.11, 1454.83
2107.17, 1455.18
2107.22, 1455.54
2107.28, 1455.9
2107.34, 1456.28
2107.4, 1456.67
2107.46, 1457.07
2107.52, 1457.47
2107.58, 1457.88
2107.65, 1458.3
2107.71, 1458.72
2107.82, 1459.41
2107.92, 1460.09
2108.03, 1460.77
2108.13, 1461.43
2108.23, 1462.09
2108.32, 1462.72
2108.42, 1463.35
2108.51, 1463.96
2108.6, 1464.54
2108.69, 1465.11
2108.78, 1465.66
2108.86, 1466.19
2108.94, 1466.74
2109, 1467.23
2109.07, 1467.7
2109.12, 1468.14
2109.18, 1468.57
2109.24, 1468.99
2109.29, 1469.38
2109.34, 1469.76
2109.39, 1470.12
2109.43, 1470.47
2109.48, 1470.81
2109.52, 1471.13
2109.57, 1471.45
2109.61, 1471.76
2109.65, 1472.06
2109.69, 1472.36
2109.73, 1472.65
2109.76, 1472.95
2109.8, 1473.24
2109.84, 1473.54
2109.88, 1473.84
2109.92, 1474.14
2109.96, 1474.44
2110.01, 1474.76
2110.05, 1475.08
2110.09, 1475.41
2110.14, 1475.75
2110.18, 1476.1
2110.23, 1476.46
2110.28, 1476.83
2110.33, 1477.2
2110.38, 1477.59
2110.44, 1477.99
2110.49, 1478.4
2110.55, 1478.81
2110.6, 1479.23
2110.66, 1479.65

waypoints
x, y
2107.22, 1455.54
2107.28, 1455.9
2107.34, 1456.28
2107.4, 1456.67
2107.46, 1457.07
2107.52, 1457.47
2107.58, 1457.88
2107.65, 1458.3
2107.71, 1458.72
2107.82, 1459.41
2107.92, 1460.09
2108.03, 1460.77
2108.13, 1461.43
2108.23, 1462.09
2108.32, 1462.72
2108.42, 1463.35
2108.51, 1463.96
2108.6, 1464.54
2108.69, 1465.11
2108.78, 1465.66
2108.86, 1466.19
2108.94, 1466.74
2109, 1467.23
2109.07, 1467.7
2109.12, 1468.14
2109.18, 1468.57
2109.24, 1468.99
2109.29, 1469.38
2109.34, 1469.76
2109.39, 1470.12
2109.43, 1470.47
2109.48, 1470.81
2109.52, 1471.13
2109.57, 1471.45
2109.61, 1471.76
2109.65, 1472.06
2109.69, 1472.36
2109.73, 1472.65
2109.76, 1472.95
2109.8, 1473.24
2109.84, 1473.54
2109.88, 1473.84
2109.92, 1474.14
2109.96, 1474.44
2110.01, 1474.76
2110.05, 1475.08
2110.09, 1475.41
2110.14, 1475.75
2110.18, 1476.1
2110.23, 1476.46
2110.28, 1476.83
2110.33, 1477.2
2110.38, 1477.59
2110.44, 1477.99
2110.49, 1478.4
2110.55, 1478.81
2110.6, 1479.23
2110.66, 1479.65

waypoints
x, y
2107.46, 1457.07
2107.52, 1457.47
2107.58, 1457.88
2107.65, 1458.3
2107.71, 1458.72
2107.82, 1459.41
2107.92, 1460.09
2108.03, 1460.77
2108.13, 1461.43
2108.23, 1462.09
2108.32, 1462.72
2108.42, 1463.35
2108.51, 1463.96
2108.6, 1464.54
2108.69, 1465.11
2108.78, 1465.66
2108.86, 1466.19
2108.94, 1466.74
2109, 1467.23
2109.07, 1467.7
2109.12, 1468.14
2109.18, 1468.57
2109.24, 1468.99
2109.29, 1469.38
2109.34, 1469.76
2109.39, 1470.12
2109.43, 1470.47
2109.48, 1470.81
2109.52, 1471.13
2109.57, 1471.45
2109.61, 1471.76
2109.65, 1472.06
2109.69, 1472.36
2109.73, 1472.65
2109.76, 1472.95
2109.8, 1473.24
2109.84, 1473.54
2109.88, 1473.84
2109.92, 1474.14
2109.96, 1474.44
2110.01, 1474.76
2110.05, 1475.08
2110.09, 1475.41
2110.14, 1475.75
2110.18, 1476.1
2110.23, 1476.46
2110.28, 1476.83
2110.33, 1477.2
2110.38, 1477.59
2110.44, 1477.99
2110.49, 1478.4
2110.55, 1478.81
2110.6, 1479.23
2110.66, 1479.65

waypoints
x, y
2107.71, 1458.72
2107.82, 1459.41
2107.92, 1460.09
2108.03, 1460.77
2108.13, 1461.43
2108.23, 1462.09
2108.32, 1462.72
2108.42, 1463.35
2108.51, 1463.96
2108.6, 1464.54
2108.69, 1465.11
2108.78, 1465.66
2108.86, 1466.19
2108.94, 1466.74
2109, 1467.23
2109.07, 1467.7
2109.12, 1468.14
2109.18, 1468.57
2109.24, 1468.99
2109.29, 1469.38
2109.34, 1469.76
2109.39, 1470.12
2109.43, 1470.47
2109.48, 1470.81
2109.52, 1471.13
2109.57, 1471.45
2109.61, 1471.76
2109.65, 1472.06
2109.69, 1472.36
2109.73, 1472.65
2109.76, 1472.95
2109.8, 1473.24
2109.84, 1473.54
2109.88, 1473.84
2109.92, 1474.14
2109.96, 1474.44
2110.01, 1474.76
2110.05, 1475.08
2110.09, 1475.41
2110.14, 1475.75
2110.18, 1476.1
2110.23, 1476.46
2110.28, 1476.83
2110.33, 1477.2
2110.38, 1477.59
2110.44, 1477.99
2110.49, 1478.4
2110.55, 1478.81
2110.6, 1479.23
2110.66, 1479.65

waypoints
x, y
2108.13, 1461.43
2108.23, 1462.09
2108.32, 1462.72
2108.42, 1463.35
2108.51, 1463.96
2108.6, 1464.54
2108.69, 1465.11
2108.78, 1465.66
2108.86, 1466.19
2108.94, 1466.74
2109, 1467.23
2109.07, 1467.7
2109.12, 1468.14
2109.18, 1468.57
2109.24, 1468.99
2109.29, 1469.38
2109.34, 1469.76
2109.39, 1470.12
2109.43, 1470.47
2109.48, 1470.81
2109.52, 1471.13
2109.57, 1471.45
2109.61, 1471.76
2109.65, 1472.06
2109.69, 1472.36
2109.73, 1472.65
2109.76, 1472.95
2109.8, 1473.24
2109.84, 1473.54
2109.88, 1473.84
2109.92, 1474.14
2109.96, 1474.44
2110.01, 1474.76
2110.05, 1475.08
2110.09, 1475.41
2110.14, 1475.75
2110.18, 1476.1
2110.23, 1476.46
2110.28, 1476.83
2110.33, 1477.2
2110.38, 1477.59
2110.44, 1477.99
2110.49, 1478.4
2110.55, 1478.81
2110.6, 1479.23
2110.66, 1479.65
2110.75, 1480.33
2110.84, 1481
2110.93, 1481.67
2111.01, 1482.33
2111.1, 1482.97
2111.18, 1483.61
2111.27, 1484.22
2111.35, 1484.83
2111.42, 1485.41
2111.5, 1485.97
2111.57, 1486.52
2111.64, 1487.04
2111.71, 1487.55
2111.77, 1488.04
2111.84, 1488.5
2111.9, 1488.95
2111.95, 1489.38
2112.01, 1489.79
2112.06, 1490.19
2112.11, 1490.57
2112.16, 1490.93
2112.21, 1491.29
2112.25, 1491.63
2112.3, 1491.96
2112.34, 1492.28
2112.38, 1492.59
2112.42, 1492.9
2112.46, 1493.2
2112.5, 1493.51
2112.54, 1493.8
2112.58, 1494.1
2112.62, 1494.4
2112.66, 1494.71
2112.7, 1495.01
2112.75, 1495.33
2112.79, 1495.64
2112.83, 1495.97
2112.88, 1496.3
2112.92, 1496.65
2112.97, 1497
2113.02, 1497.36
2113.07, 1497.73
2113.12, 1498.11
2113.17, 1498.5
2113.22, 1498.82
2113.29, 1499.23
2113.36, 1499.64
2113.43, 1500.06
2113.5, 1500.48

waypoints
x, y
2108.42, 1463.35
2108.51, 1463.96
2108.6, 1464.54
2108.69, 1465.11
2108.78, 1465.66
2108.86, 1466.19
2108.94, 1466.74
2109, 1467.23
2109.07, 1467.7
2109.12, 1468.14
2109.18, 1468.57
2109.24, 1468.99
2109.29, 1469.38
2109.34, 1469.76
2109.39, 1470.12
2109.43, 1470.47
2109.48, 1470.81
2109.52, 1471.13
2109.57, 1471.45
2109.61, 1471.76
2109.65, 1472.06
2109.69, 1472.36
2109.73, 1472.65
2109.76, 1472.95
2109.8, 1473.24
2109.84, 1473.54
2109.88, 1473.84
2109.92, 1474.14
2109.96, 1474.44
2110.01, 1474.76
2110.05, 1475.08
2110.09, 1475.41
2110.14, 1475.75
2110.18, 1476.1
2110.23, 1476.46
2110.28, 1476.83
2110.33, 1477.2
2110.38, 1477.59
2110.44, 1477.99
2110.49, 1478.4
2110.55, 1478.81
2110.6, 1479.23
2110.66, 1479.65
2110.75, 1480.33
2110.84, 1481.01
2110.93, 1481.67
2111.01, 1482.33
2111.1, 1482.97
2111.18, 1483.61
2111.27, 1484.22
2111.35, 1484.83
2111.43, 1485.41
2111.5, 1485.97
2111.57, 1486.52
2111.64, 1487.04
2111.71, 1487.55
2111.78, 1488.04
2111.84, 1488.5
2111.9, 1488.95
2111.95, 1489.38
2112.01, 1489.79
2112.06, 1490.19
2112.11, 1490.57
2112.16, 1490.93
2112.21, 1491.29
2112.25, 1491.63
2112.3, 1491.96
2112.34, 1492.28
2112.38, 1492.59
2112.42, 1492.9
2112.46, 1493.2
2112.5, 1493.51
2112.54, 1493.8
2112.58, 1494.1
2112.62, 1494.4
2112.66, 1494.71
2112.7, 1495.01
2112.75, 1495.33
2112.79, 1495.64
2112.83, 1495.97
2112.88, 1496.31
2112.92, 1496.65
2112.97, 1497
2113.02, 1497.36
2113.07, 1497.73
2113.12, 1498.11
2113.17, 1498.5
2113.22, 1498.82
2113.29, 1499.23
2113.36, 1499.64
2113.43, 1500.06
2113.5, 1500.48

waypoints
x, y
2108.78, 1465.66
2108.86, 1466.19
2108.94, 1466.74
2109, 1467.23
2109.07, 1467.7
2109.12, 1468.14
2109.18, 1468.57
2109.24, 1468.99
2109.29, 1469.38
2109.34, 1469.76
2109.39, 1470.12
2109.43, 1470.47
2109.48, 1470.81
2109.52, 1471.13
2109.57, 1471.45
2109.61, 1471.76
2109.65, 1472.06
2109.69, 1472.36
2109.73, 1472.65
2109.76, 1472.95
2109.8, 1473.24
2109.84, 1473.54
2109.88, 1473.84
2109.92, 1474.14
2109.96, 1474.44
2110.01, 1474.76
2110.05, 1475.08
2110.09, 1475.41
2110.14, 1475.75
2110.18, 1476.1
2110.23, 1476.46
2110.28, 1476.83
2110.33, 1477.2
2110.38, 1477.59
2110.44, 1477.99
2110.49, 1478.4
2110.55, 1478.81
2110.6, 1479.23
2110.66, 1479.65
2110.75, 1480.33
2110.84, 1481.01
2110.93, 1481.67
2111.01, 1482.33
2111.1, 1482.97
2111.18, 1483.61
2111.27, 1484.22
2111.35, 1484.83
2111.43, 1485.41
2111.5, 1485.97
2111.57, 1486.52
2111.64, 1487.04
2111.71, 1487.55
2111.78, 1488.04
2111.84, 1488.5
2111.9, 1488.95
2111.95, 1489.38
2112.01, 1489.79
2112.06, 1490.19
2112.11, 1490.57
2112.16, 1490.93
2112.21, 1491.29
2112.25, 1491.63
2112.3, 1491.96
2112.34, 1492.28
2112.38, 1492.59
2112.42, 1492.9
2112.46, 1493.2
2112.5, 1493.51
2112.54, 1493.8
2112.58, 1494.1
2112.62, 1494.4
2112.66, 1494.71
2112.7, 1495.01
2112.75, 1495.33
2112.79, 1495.64
2112.83, 1495.97
2112.88, 1496.31
2112.92, 1496.65
2112.97, 1497
2113.02, 1497.36
2113.07, 1497.73
2113.12, 1498.11
2113.17, 1498.5
2113.22, 1498.82
2113.29, 1499.23
2113.36, 1499.64
2113.43, 1500.06
2113.5, 1500.48

waypoints
x, y
2109.07, 1467.7
2109.12, 1468.14
2109.18, 1468.57
2109.24, 1468.99
2109.29, 1469.38
2109.34, 1469.76
2109.39, 1470.12
2109.43, 1470.47
2109.48, 1470.81
2109.52, 1471.13
2109.57, 1471.45
2109.61, 1471.76
2109.65, 1472.06
2109.69, 1472.36
2109.73, 1472.65
2109.76, 1472.95
2109.8, 1473.24
2109.84, 1473.54
2109.88, 1473.84
2109.92, 1474.14
2109.96, 1474.44
2110.01, 1474.76
2110.05, 1475.08
2110.09, 1475.41
2110.14, 1475.75
2110.18, 1476.1
2110.23, 1476.46
2110.28, 1476.83
2110.33, 1477.2
2110.38, 1477.59
2110.44, 1477.99
2110.49, 1478.4
2110.55, 1478.81
2110.6, 1479.23
2110.66, 1479.65
2110.75, 1480.33
2110.84, 1481.01
2110.93, 1481.67
2111.01, 1482.33
2111.1, 1482.97
2111.18, 1483.61
2111.27, 1484.22
2111.35, 1484.83
2111.43, 1485.41
2111.5, 1485.97
2111.57, 1486.52
2111.64, 1487.04
2111.71, 1487.55
2111.78, 1488.04
2111.84, 1488.5
2111.9, 1488.95
2111.95, 1489.38
2112.01, 1489.79
2112.06, 1490.19
2112.11, 1490.57
2112.16, 1490.93
2112.21, 1491.29
2112.25, 1491.63
2112.3, 1491.96
2112.34, 1492.28
2112.38, 1492.59
2112.42, 1492.9
2112.46, 1493.2
2112.5, 1493.51
2112.54, 1493.8
2112.58, 1494.1
2112.62, 1494.4
2112.66, 1494.71
2112.7, 1495.01
2112.75, 1495.33
2112.79, 1495.64
2112.83, 1495.97
2112.88, 1496.31
2112.92, 1496.65
2112.97, 1497
2113.02, 1497.36
2113.07, 1497.73
2113.12, 1498.11
2113.17, 1498.5
2113.22, 1498.82
2113.29, 1499.23
2113.36, 1499.64
2113.43, 1500.06
2113.5, 1500.48

waypoints
x, y
2109.29, 1469.38
2109.34, 1469.76
2109.39, 1470.12
2109.43, 1470.47
2109.48, 1470.81
2109.52, 1471.13
2109.57, 1471.45
2109.61, 1471.76
2109.65, 1472.06
2109.69, 1472.36
2109.73, 1472.65
2109.76, 1472.95
2109.8, 1473.24
2109.84, 1473.54
2109.88, 1473.84
2109.92, 1474.14
2109.96, 1474.44
2110.01, 1474.76
2110.05, 1475.08
2110.09, 1475.41
2110.14, 1475.75
2110.18, 1476.1
2110.23, 1476.46
2110.28, 1476.83
2110.33, 1477.2
2110.38, 1477.59
2110.44, 1477.99
2110.49, 1478.4
2110.55, 1478.81
2110.6, 1479.23
2110.66, 1479.65
2110.75, 1480.33
2110.84, 1481.01
2110.93, 1481.67
2111.01, 1482.33
2111.1, 1482.97
2111.18, 1483.61
2111.27, 1484.22
2111.35, 1484.83
2111.43, 1485.41
2111.5, 1485.97
2111.57, 1486.52
2111.64, 1487.04
2111.71, 1487.55
2111.78, 1488.04
2111.84, 1488.5
2111.9, 1488.95
2111.95, 1489.38
2112.01, 1489.79
2112.06, 1490.19
2112.11, 1490.57
2112.16, 1490.93
2112.21, 1491.29
2112.25, 1491.63
2112.3, 1491.96
2112.34, 1492.28
2112.38, 1492.59
2112.42, 1492.9
2112.46, 1493.2
2112.5, 1493.51
2112.54, 1493.8
2112.58, 1494.1
2112.62, 1494.4
2112.66, 1494.71
2112.7, 1495.01
2112.75, 1495.33
2112.79, 1495.64
2112.83, 1495.97
2112.88, 1496.31
2112.92, 1496.65
2112.97, 1497
2113.02, 1497.36
2113.07, 1497.73
2113.12, 1498.11
2113.17, 1498.5
2113.22, 1498.82
2113.29, 1499.23
2113.36, 1499.64
2113.43, 1500.06
2113.5, 1500.48

waypoints
x, y
2109.48, 1470.81
2109.52, 1471.13
2109.57, 1471.45
2109.61, 1471.76
2109.65, 1472.06
2109.69, 1472.36
2109.73, 1472.65
2109.76, 1472.95
2109.8, 1473.24
2109.84, 1473.54
2109.88, 1473.84
2109.92, 1474.14
2109.96, 1474.44
2110.01, 1474.76
2110.05, 1475.08
2110.09, 1475.41
2110.14, 1475.75
2110.18, 1476.1
2110.23, 1476.46
2110.28, 1476.83
2110.33, 1477.2
2110.38, 1477.59
2110.44, 1477.99
2110.49, 1478.4
2110.55, 1478.81
2110.6, 1479.23
2110.66, 1479.65
2110.75, 1480.33
2110.84, 1481.01
2110.93, 1481.67
2111.01, 1482.33
2111.1, 1482.97
2111.18, 1483.61
2111.27, 1484.22
2111.35, 1484.83
2111.43, 1485.41
2111.5, 1485.97
2111.57, 1486.52
2111.64, 1487.04
2111.71, 1487.55
2111.78, 1488.04
2111.84, 1488.5
2111.9, 1488.95
2111.95, 1489.38
2112.01, 1489.79
2112.06, 1490.19
2112.11, 1490.57
2112.16, 1490.93
2112.21, 1491.29
2112.25, 1491.63
2112.3, 1491.96
2112.34, 1492.28
2112.38, 1492.59
2112.42, 1492.9
2112.46, 1493.2
2112.5, 1493.51
2112.54, 1493.8
2112.58, 1494.1
2112.62, 1494.4
2112.66, 1494.71
2112.7, 1495.01
2112.75, 1495.33
2112.79, 1495.64
2112.83, 1495.97
2112.88, 1496.31
2112.92, 1496.65
2112.97, 1497
2113.02, 1497.36
2113.07, 1497.73
2113.12, 1498.11
2113.17, 1498.5
2113.22, 1498.82
2113.29, 1499.23
2113.36, 1499.64
2113.43, 1500.06
2113.5, 1500.48

waypoints
x, y
2109.61, 1471.76
2109.65, 1472.06
2109.69, 1472.36
2109.73, 1472.65
2109.76, 1472.95
2109.8, 1473.24
2109.84, 1473.54
2109.88, 1473.84
2109.92, 1474.14
2109.96, 1474.44
2110.01, 1474.76
2110.05, 1475.08
2110.09, 1475.41
2110.14, 1475.75
2110.18, 1476.1
2110.23, 1476.46
2110.28, 1476.83
2110.33, 1477.2
2110.38, 1477.59
2110.44, 1477.99
2110.49, 1478.4
2110.55, 1478.81
2110.6, 1479.23
2110.66, 1479.65
2110.75, 1480.33
2110.84, 1481.01
2110.93, 1481.67
2111.01, 1482.33
2111.1, 1482.97
2111.18, 1483.61
2111.27, 1484.22
2111.35, 1484.83
2111.43, 1485.41
2111.5, 1485.97
2111.57, 1486.52
2111.64, 1487.04
2111.71, 1487.55
2111.78, 1488.04
2111.84, 1488.5
2111.9, 1488.95
2111.95, 1489.38
2112.01, 1489.79
2112.06, 1490.19
2112.11, 1490.57
2112.16, 1490.93
2112.21, 1491.29
2112.25, 1491.63
2112.3, 1491.96
2112.34, 1492.28
2112.38, 1492.59
2112.42, 1492.9
2112.46, 1493.2
2112.5, 1493.51
2112.54, 1493.8
2112.58, 1494.1
2112.62, 1494.4
2112.66, 1494.71
2112.7, 1495.01
2112.75, 1495.33
2112.79, 1495.64
2112.83, 1495.97
2112.88, 1496.31
2112.92, 1496.65
2112.97, 1497
2113.02, 1497.36
2113.07, 1497.73
2113.12, 1498.11
2113.17, 1498.5
2113.22, 1498.82
2113.29, 1499.23
2113.36, 1499.64
2113.43, 1500.06
2113.5, 1500.48

waypoints
x, y
2109.76, 1472.95
2109.8, 1473.24
2109.84, 1473.54
2109.88, 1473.84
2109.92, 1474.14
2109.96, 1474.44
2110.01, 1474.76
2110.05, 1475.08
2110.09, 1475.41
2110.14, 1475.75
2110.18, 1476.1
2110.23, 1476.46
2110.28, 1476.83
2110.33, 1477.2
2110.38, 1477.59
2110.44, 1477.99
2110.49, 1478.4
2110.55, 1478.81
2110.6, 1479.23
2110.66, 1479.65
2110.75, 1480.33
2110.84, 1481.01
2110.93, 1481.67
2111.01, 1482.33
2111.1, 1482.97
2111.18, 1483.61
2111.27, 1484.22
2111.35, 1484.83
2111.43, 1485.41
2111.5, 1485.97
2111.57, 1486.52
2111.64, 1487.04
2111.71, 1487.55
2111.78, 1488.04
2111.84, 1488.5
2111.9, 1488.95
2111.95, 1489.38
2112.01, 1489.79
2112.06, 1490.19
2112.11, 1490.57
2112.16, 1490.93
2112.21, 1491.29
2112.25, 1491.63
2112.3, 1491.96
2112.34, 1492.28
2112.38, 1492.59
2112.42, 1492.9
2112.46, 1493.2
2112.5, 1493.51
2112.54, 1493.8
2112.58, 1494.1
2112.62, 1494.4
2112.66, 1494.71
2112.7, 1495.01
2112.75, 1495.33
2112.79, 1495.64
2112.83, 1495.97
2112.88, 1496.31
2112.92, 1496.65
2112.97, 1497
2113.02, 1497.36
2113.07, 1497.73
2113.12, 1498.11
2113.17, 1498.5
2113.22, 1498.82
2113.29, 1499.23
2113.36, 1499.64
2113.43, 1500.06
2113.5, 1500.48

waypoints
x, y
2109.92, 1474.14
2109.96, 1474.44
2110.01, 1474.76
2110.05, 1475.08
2110.09, 1475.41
2110.14, 1475.75
2110.18, 1476.1
2110.23, 1476.46
2110.28, 1476.83
2110.33, 1477.2
2110.38, 1477.59
2110.44, 1477.99
2110.49, 1478.4
2110.55, 1478.81
2110.6, 1479.23
2110.66, 1479.65
2110.75, 1480.33
2110.84, 1481.01
2110.93, 1481.67
2111.01, 1482.33
2111.1, 1482.97
2111.18, 1483.61
2111.27, 1484.22
2111.35, 1484.83
2111.43, 1485.41
2111.5, 1485.97
2111.57, 1486.52
2111.64, 1487.04
2111.71, 1487.55
2111.78, 1488.04
2111.84, 1488.5
2111.9, 1488.95
2111.95, 1489.38
2112.01, 1489.79
2112.06, 1490.19
2112.11, 1490.57
2112.16, 1490.93
2112.21, 1491.29
2112.25, 1491.63
2112.3, 1491.96
2112.34, 1492.28
2112.38, 1492.59
2112.42, 1492.9
2112.46, 1493.2
2112.5, 1493.51
2112.54, 1493.8
2112.58, 1494.1
2112.62, 1494.4
2112.66, 1494.71
2112.7, 1495.01
2112.75, 1495.33
2112.79, 1495.64
2112.83, 1495.97
2112.88, 1496.31
2112.92, 1496.65
2112.97, 1497
2113.02, 1497.36
2113.07, 1497.73
2113.12, 1498.11
2113.17, 1498.5
2113.22, 1498.82
2113.29, 1499.23
2113.36, 1499.64
2113.43, 1500.06
2113.5, 1500.48

waypoints
x, y
2110.09, 1475.41
2110.14, 1475.75
2110.18, 1476.1
2110.23, 1476.46
2110.28, 1476.83
2110.33, 1477.2
2110.38, 1477.59
2110.44, 1477.99
2110.49, 1478.4
2110.55, 1478.81
2110.6, 1479.23
2110.66, 1479.65
2110.75, 1480.33
2110.84, 1481.01
2110.93, 1481.67
2111.01, 1482.33
2111.1, 1482.97
2111.18, 1483.61
2111.27, 1484.22
2111.35, 1484.83
2111.43, 1485.41
2111.5, 1485.97
2111.57, 1486.52
2111.64, 1487.04
2111.71, 1487.55
2111.78, 1488.04
2111.84, 1488.5
2111.9, 1488.95
2111.95, 1489.38
2112.01, 1489.79
2112.06, 1490.19
2112.11, 1490.57
2112.16, 1490.93
2112.21, 1491.29
2112.25, 1491.63
2112.3, 1491.96
2112.34, 1492.28
2112.38, 1492.59
2112.42, 1492.9
2112.46, 1493.2
2112.5, 1493.51
2112.54, 1493.8
2112.58, 1494.1
2112.62, 1494.4
2112.66, 1494.71
2112.7, 1495.01
2112.75, 1495.33
2112.79, 1495.64
2112.83, 1495.97
2112.88, 1496.31
2112.92, 1496.65
2112.97, 1497
2113.02, 1497.36
2113.07, 1497.73
2113.12, 1498.11
2113.17, 1498.5
2113.22, 1498.82
2113.29, 1499.23
2113.36, 1499.64
2113.43, 1500.06
2113.5, 1500.48

waypoints
x, y
2110.28, 1476.83
2110.33, 1477.2
2110.38, 1477.59
2110.44, 1477.99
2110.49, 1478.4
2110.55, 1478.81
2110.6, 1479.23
2110.66, 1479.65
2110.75, 1480.33
2110.84, 1481.01
2110.93, 1481.67
2111.01, 1482.33
2111.1, 1482.97
2111.18, 1483.61
2111.27, 1484.22
2111.35, 1484.83
2111.43, 1485.41
2111.5, 1485.97
2111.57, 1486.52
2111.64, 1487.04
2111.71, 1487.55
2111.78, 1488.04
2111.84, 1488.5
2111.9, 1488.95
2111.95, 1489.38
2112.01, 1489.79
2112.06, 1490.19
2112.11, 1490.57
2112.16, 1490.93
2112.21, 1491.29
2112.25, 1491.63
2112.3, 1491.96
2112.34, 1492.28
2112.38, 1492.59
2112.42, 1492.9
2112.46, 1493.2
2112.5, 1493.51
2112.54, 1493.8
2112.58, 1494.1
2112.62, 1494.4
2112.66, 1494.71
2112.7, 1495.01
2112.75, 1495.33
2112.79, 1495.64
2112.83, 1495.97
2112.88, 1496.31
2112.92, 1496.65
2112.97, 1497
2113.02, 1497.36
2113.07, 1497.73
2113.12, 1498.11
2113.17, 1498.5
2113.22, 1498.82
2113.29, 1499.23
2113.36, 1499.64
2113.43, 1500.06
2113.5, 1500.48

waypoints
x, y
2110.44, 1477.99
2110.49, 1478.4
2110.55, 1478.81
2110.6, 1479.23
2110.66, 1479.65
2110.75, 1480.33
2110.84, 1481.01
2110.93, 1481.67
2111.01, 1482.33
2111.1, 1482.97
2111.18, 1483.61
2111.27, 1484.22
2111.35, 1484.83
2111.43, 1485.41
2111.5, 1485.97
2111.57, 1486.52
2111.64, 1487.04
2111.71, 1487.55
2111.78, 1488.04
2111.84, 1488.5
2111.9, 1488.95
2111.95, 1489.38
2112.01, 1489.79
2112.06, 1490.19
2112.11, 1490.57
2112.16, 1490.93
2112.21, 1491.29
2112.25, 1491.63
2112.3, 1491.96
2112.34, 1492.28
2112.38, 1492.59
2112.42, 1492.9
2112.46, 1493.2
2112.5, 1493.51
2112.54, 1493.8
2112.58, 1494.1
2112.62, 1494.4
2112.66, 1494.71
2112.7, 1495.01
2112.75, 1495.33
2112.79, 1495.64
2112.83, 1495.97
2112.88, 1496.31
2112.92, 1496.65
2112.97, 1497
2113.02, 1497.36
2113.07, 1497.73
2113.12, 1498.11
2113.17, 1498.5
2113.22, 1498.82
2113.29, 1499.23
2113.36, 1499.64
2113.43, 1500.06
2113.5, 1500.48

waypoints
x, y
2110.6, 1479.23
2110.66, 1479.65
2110.75, 1480.33
2110.84, 1481.01
2110.93, 1481.67
2111.01, 1482.33
2111.1, 1482.97
2111.18, 1483.61
2111.27, 1484.22
2111.35, 1484.83
2111.43, 1485.41
2111.5, 1485.97
2111.57, 1486.52
2111.64, 1487.04
2111.71, 1487.55
2111.78, 1488.04
2111.84, 1488.5
2111.9, 1488.95
2111.95, 1489.38
2112.01, 1489.79
2112.06, 1490.19
2112.11, 1490.57
2112.16, 1490.93
2112.21, 1491.29
2112.25, 1491.63
2112.3, 1491.96
2112.34, 1492.28
2112.38, 1492.59
2112.42, 1492.9
2112.46, 1493.2
2112.5, 1493.51
2112.54, 1493.8
2112.58, 1494.1
2112.62, 1494.4
2112.66, 1494.71
2112.7, 1495.01
2112.75, 1495.33
2112.79, 1495.64
2112.83, 1495.97
2112.88, 1496.31
2112.92, 1496.65
2112.97, 1497
2113.02, 1497.36
2113.07, 1497.73
2113.12, 1498.11
2113.17, 1498.5
2113.22, 1498.82
2113.29, 1499.23
2113.36, 1499.64
2113.43, 1500.06
2113.5, 1500.48

waypoints
x, y
2111.01, 1482.33
2111.1, 1482.97
2111.18, 1483.61
2111.27, 1484.22
2111.35, 1484.83
2111.43, 1485.41
2111.5, 1485.97
2111.57, 1486.52
2111.64, 1487.04
2111.71, 1487.55
2111.78, 1488.04
2111.84, 1488.5
2111.9, 1488.95
2111.95, 1489.38
2112.01, 1489.79
2112.06, 1490.19
2112.11, 1490.57
2112.16, 1490.93
2112.21, 1491.29
2112.25, 1491.63
2112.3, 1491.96
2112.34, 1492.28
2112.38, 1492.59
2112.42, 1492.9
2112.46, 1493.2
2112.5, 1493.51
2112.54, 1493.8
2112.58, 1494.1
2112.62, 1494.4
2112.66, 1494.71
2112.7, 1495.01
2112.75, 1495.33
2112.79, 1495.64
2112.83, 1495.97
2112.88, 1496.31
2112.92, 1496.65
2112.97, 1497
2113.02, 1497.36
2113.07, 1497.73
2113.12, 1498.11
2113.17, 1498.5
2113.22, 1498.82
2113.29, 1499.23
2113.36, 1499.64
2113.43, 1500.06
2113.5, 1500.48
2113.67, 1501.05
2113.79, 1501.71
2113.9, 1502.36
2114.01, 1503
2114.12, 1503.64
2114.23, 1504.26
2114.33, 1504.86
2114.43, 1505.45
2114.53, 1506.03
2114.63, 1506.58
2114.72, 1507.12
2114.81, 1507.64
2114.89, 1508.14
2114.97, 1508.62
2115.05, 1509.08
2115.13, 1509.52
2115.2, 1509.95
2115.27, 1510.36
2115.34, 1510.76
2115.4, 1511.14
2115.46, 1511.5
2115.52, 1511.86
2115.58, 1512.2
2115.63, 1512.53
2115.68, 1512.86
2115.74, 1513.18
2115.79, 1513.49
2115.84, 1513.8
2115.89, 1514.1
2115.94, 1514.4
2115.99, 1514.71
2116.04, 1515.01
2116.09, 1515.32
2116.14, 1515.63
2116.19, 1515.94
2116.25, 1516.27
2116.3, 1516.6
2116.36, 1516.93
2116.42, 1517.28
2116.48, 1517.63
2116.54, 1517.99
2116.6, 1518.36
2116.67, 1518.74
2116.74, 1519.13
2116.81, 1519.53
2116.88, 1519.94
2116.95, 1520.35
2117.02, 1520.77
2117.09, 1521.19

waypoints
x, y
2111.35, 1484.83
2111.43, 1485.41
2111.5, 1485.97
2111.57, 1486.52
2111.64, 1487.04
2111.71, 1487.55
2111.78, 1488.04
2111.84, 1488.5
2111.9, 1488.95
2111.95, 1489.38
2112.01, 1489.79
2112.06, 1490.19
2112.11, 1490.57
2112.16, 1490.93
2112.21, 1491.29
2112.25, 1491.63
2112.3, 1491.96
2112.34, 1492.28
2112.38, 1492.59
2112.42, 1492.9
2112.46, 1493.2
2112.5, 1493.51
2112.54, 1493.8
2112.58, 1494.1
2112.62, 1494.4
2112.66, 1494.71
2112.7, 1495.01
2112.75, 1495.33
2112.79, 1495.64
2112.83, 1495.97
2112.88, 1496.31
2112.92, 1496.65
2112.97, 1497
2113.02, 1497.36
2113.07, 1497.73
2113.12, 1498.11
2113.17, 1498.5
2113.22, 1498.82
2113.29, 1499.23
2113.36, 1499.64
2113.43, 1500.06
2113.5, 1500.48
2113.67, 1501.05
2113.79, 1501.71
2113.9, 1502.36
2114.01, 1503.01
2114.12, 1503.64
2114.23, 1504.26
2114.33, 1504.86
2114.43, 1505.45
2114.53, 1506.03
2114.63, 1506.58
2114.72, 1507.12
2114.81, 1507.64
2114.89, 1508.14
2114.97, 1508.62
2115.05, 1509.08
2115.13, 1509.52
2115.2, 1509.95
2115.27, 1510.36
2115.34, 1510.76
2115.4, 1511.14
2115.46, 1511.51
2115.52, 1511.86
2115.58, 1512.2
2115.63, 1512.54
2115.68, 1512.86
2115.74, 1513.18
2115.79, 1513.49
2115.84, 1513.8
2115.89, 1514.1
2115.94, 1514.4
2115.99, 1514.71
2116.04, 1515.01
2116.09, 1515.32
2116.14, 1515.63
2116.2, 1515.94
2116.25, 1516.27
2116.3, 1516.6
2116.36, 1516.93
2116.42, 1517.28
2116.48, 1517.63
2116.54, 1517.99
2116.6, 1518.36
2116.67, 1518.74
2116.74, 1519.13
2116.8, 1519.53
2116.88, 1519.94
2116.95, 1520.35
2117.02, 1520.77
2117.09, 1521.19

waypoints
x, y
2111.64, 1487.04
2111.71, 1487.55
2111.78, 1488.04
2111.84, 1488.5
2111.9, 1488.95
2111.95, 1489.38
2112.01, 1489.79
2112.06, 1490.19
2112.11, 1490.57
2112.16, 1490.93
2112.21, 1491.29
2112.25, 1491.63
2112.3, 1491.96
2112.34, 1492.28
2112.38, 1492.59
2112.42, 1492.9
2112.46, 1493.2
2112.5, 1493.51
2112.54, 1493.8
2112.58, 1494.1
2112.62, 1494.4
2112.66, 1494.71
2112.7, 1495.01
2112.75, 1495.33
2112.79, 1495.64
2112.83, 1495.97
2112.88, 1496.31
2112.92, 1496.65
2112.97, 1497
2113.02, 1497.36
2113.07, 1497.73
2113.12, 1498.11
2113.17, 1498.5
2113.22, 1498.82
2113.29, 1499.23
2113.36, 1499.64
2113.43, 1500.06
2113.5, 1500.48
2113.67, 1501.05
2113.79, 1501.71
2113.9, 1502.36
2114.01, 1503.01
2114.12, 1503.64
2114.23, 1504.26
2114.33, 1504.86
2114.43, 1505.45
2114.53, 1506.03
2114.63, 1506.58
2114.72, 1507.12
2114.81, 1507.64
2114.89, 1508.14
2114.97, 1508.62
2115.05, 1509.08
2115.13, 1509.52
2115.2, 1509.95
2115.27, 1510.36
2115.34, 1510.76
2115.4, 1511.14
2115.46, 1511.51
2115.52, 1511.86
2115.58, 1512.2
2115.63, 1512.54
2115.68, 1512.86
2115.74, 1513.18
2115.79, 1513.49
2115.84, 1513.8
2115.89, 1514.1
2115.94, 1514.4
2115.99, 1514.71
2116.04, 1515.01
2116.09, 1515.32
2116.14, 1515.63
2116.2, 1515.94
2116.25, 1516.27
2116.3, 1516.6
2116.36, 1516.93
2116.42, 1517.28
2116.48, 1517.63
2116.54, 1517.99
2116.6, 1518.36
2116.67, 1518.74
2116.74, 1519.13
2116.8, 1519.53
2116.88, 1519.94
2116.95, 1520.35
2117.02, 1520.77
2117.09, 1521.19

waypoints
x, y
2111.9, 1488.95
2111.95, 1489.38
2112.01, 1489.79
2112.06, 1490.19
2112.11, 1490.57
2112.16, 1490.93
2112.21, 1491.29
2112.25, 1491.63
2112.3, 1491.96
2112.34, 1492.28
2112.38, 1492.59
2112.42, 1492.9
2112.46, 1493.2
2112.5, 1493.51
2112.54, 1493.8
2112.58, 1494.1
2112.62, 1494.4
2112.66, 1494.71
2112.7, 1495.01
2112.75, 1495.33
2112.79, 1495.64
2112.83, 1495.97
2112.88, 1496.31
2112.92, 1496.65
2112.97, 1497
2113.02, 1497.36
2113.07, 1497.73
2113.12, 1498.11
2113.17, 1498.5
2113.22, 1498.82
2113.29, 1499.23
2113.36, 1499.64
2113.43, 1500.06
2113.5, 1500.48
2113.67, 1501.05
2113.79, 1501.71
2113.9, 1502.36
2114.01, 1503.01
2114.12, 1503.64
2114.23, 1504.26
2114.33, 1504.86
2114.43, 1505.45
2114.53, 1506.03
2114.63, 1506.58
2114.72, 1507.12
2114.81, 1507.64
2114.89, 1508.14
2114.97, 1508.62
2115.05, 1509.08
2115.13, 1509.52
2115.2, 1509.95
2115.27, 1510.36
2115.34, 1510.76
2115.4, 1511.14
2115.46, 1511.51
2115.52, 1511.86
2115.58, 1512.2
2115.63, 1512.54
2115.68, 1512.86
2115.74, 1513.18
2115.79, 1513.49
2115.84, 1513.8
2115.89, 1514.1
2115.94, 1514.4
2115.99, 1514.71
2116.04, 1515.01
2116.09, 1515.32
2116.14, 1515.63
2116.2, 1515.94
2116.25, 1516.27
2116.3, 1516.6
2116.36, 1516.93
2116.42, 1517.28
2116.48, 1517.63
2116.54, 1517.99
2116.6, 1518.36
2116.67, 1518.74
2116.74, 1519.13
2116.8, 1519.53
2116.88, 1519.94
2116.95, 1520.35
2117.02, 1520.77
2117.09, 1521.19

waypoints
x, y
2112.06, 1490.19
2112.11, 1490.57
2112.16, 1490.93
2112.21, 1491.29
2112.25, 1491.63
2112.3, 1491.96
2112.34, 1492.28
2112.38, 1492.59
2112.42, 1492.9
2112.46, 1493.2
2112.5, 1493.51
2112.54, 1493.8
2112.58, 1494.1
2112.62, 1494.4
2112.66, 1494.71
2112.7, 1495.01
2112.75, 1495.33
2112.79, 1495.64
2112.83, 1495.97
2112.88, 1496.31
2112.92, 1496.65
2112.97, 1497
2113.02, 1497.36
2113.07, 1497.73
2113.12, 1498.11
2113.17, 1498.5
2113.22, 1498.82
2113.29, 1499.23
2113.36, 1499.64
2113.43, 1500.06
2113.5, 1500.48
2113.67, 1501.05
2113.79, 1501.71
2113.9, 1502.36
2114.01, 1503.01
2114.12, 1503.64
2114.23, 1504.26
2114.33, 1504.86
2114.43, 1505.45
2114.53, 1506.03
2114.63, 1506.58
2114.72, 1507.12
2114.81, 1507.64
2114.89, 1508.14
2114.97, 1508.62
2115.05, 1509.08
2115.13, 1509.52
2115.2, 1509.95
2115.27, 1510.36
2115.34, 1510.76
2115.4, 1511.14
2115.46, 1511.51
2115.52, 1511.86
2115.58, 1512.2
2115.63, 1512.54
2115.68, 1512.86
2115.74, 1513.18
2115.79, 1513.49
2115.84, 1513.8
2115.89, 1514.1
2115.94, 1514.4
2115.99, 1514.71
2116.04, 1515.01
2116.09, 1515.32
2116.14, 1515.63
2116.2, 1515.94
2116.25, 1516.27
2116.3, 1516.6
2116.36, 1516.93
2116.42, 1517.28
2116.48, 1517.63
2116.54, 1517.99
2116.6, 1518.36
2116.67, 1518.74
2116.74, 1519.13
2116.8, 1519.53
2116.88, 1519.94
2116.95, 1520.35
2117.02, 1520.77
2117.09, 1521.19

waypoints
x, y
2112.3, 1491.96
2112.34, 1492.28
2112.38, 1492.59
2112.42, 1492.9
2112.46, 1493.2
2112.5, 1493.51
2112.54, 1493.8
2112.58, 1494.1
2112.62, 1494.4
2112.66, 1494.71
2112.7, 1495.01
2112.75, 1495.33
2112.79, 1495.64
2112.83, 1495.97
2112.88, 1496.31
2112.92, 1496.65
2112.97, 1497
2113.02, 1497.36
2113.07, 1497.73
2113.12, 1498.11
2113.17, 1498.5
2113.22, 1498.82
2113.29, 1499.23
2113.36, 1499.64
2113.43, 1500.06
2113.5, 1500.48
2113.67, 1501.05
2113.79, 1501.71
2113.9, 1502.36
2114.01, 1503.01
2114.12, 1503.64
2114.23, 1504.26
2114.33, 1504.86
2114.43, 1505.45
2114.53, 1506.03
2114.63, 1506.58
2114.72, 1507.12
2114.81, 1507.64
2114.89, 1508.14
2114.97, 1508.62
2115.05, 1509.08
2115.13, 1509.52
2115.2, 1509.95
2115.27, 1510.36
2115.34, 1510.76
2115.4, 1511.14
2115.46, 1511.51
2115.52, 1511.86
2115.58, 1512.2
2115.63, 1512.54
2115.68, 1512.86
2115.74, 1513.18
2115.79, 1513.49
2115.84, 1513.8
2115.89, 1514.1
2115.94, 1514.4
2115.99, 1514.71
2116.04, 1515.01
2116.09, 1515.32
2116.14, 1515.63
2116.2, 1515.94
2116.25, 1516.27
2116.3, 1516.6
2116.36, 1516.93
2116.42, 1517.28
2116.48, 1517.63
2116.54, 1517.99
2116.6, 1518.36
2116.67, 1518.74
2116.74, 1519.13
2116.8, 1519.53
2116.88, 1519.94
2116.95, 1520.35
2117.02, 1520.77
2117.09, 1521.19

waypoints
x, y
2112.46, 1493.2
2112.5, 1493.51
2112.54, 1493.8
2112.58, 1494.1
2112.62, 1494.4
2112.66, 1494.71
2112.7, 1495.01
2112.75, 1495.33
2112.79, 1495.64
2112.83, 1495.97
2112.88, 1496.31
2112.92, 1496.65
2112.97, 1497
2113.02, 1497.36
2113.07, 1497.73
2113.12, 1498.11
2113.17, 1498.5
2113.22, 1498.82
2113.29, 1499.23
2113.36, 1499.64
2113.43, 1500.06
2113.5, 1500.48
2113.67, 1501.05
2113.79, 1501.71
2113.9, 1502.36
2114.01, 1503.01
2114.12, 1503.64
2114.23, 1504.26
2114.33, 1504.86
2114.43, 1505.45
2114.53, 1506.03
2114.63, 1506.58
2114.72, 1507.12
2114.81, 1507.64
2114.89, 1508.14
2114.97, 1508.62
2115.05, 1509.08
2115.13, 1509.52
2115.2, 1509.95
2115.27, 1510.36
2115.34, 1510.76
2115.4, 1511.14
2115.46, 1511.51
2115.52, 1511.86
2115.58, 1512.2
2115.63, 1512.54
2115.68, 1512.86
2115.74, 1513.18
2115.79, 1513.49
2115.84, 1513.8
2115.89, 1514.1
2115.94, 1514.4
2115.99, 1514.71
2116.04, 1515.01
2116.09, 1515.32
2116.14, 1515.63
2116.2, 1515.94
2116.25, 1516.27
2116.3, 1516.6
2116.36, 1516.93
2116.42, 1517.28
2116.48, 1517.63
2116.54, 1517.99
2116.6, 1518.36
2116.67, 1518.74
2116.74, 1519.13
2116.8, 1519.53
2116.88, 1519.94
2116.95, 1520.35
2117.02, 1520.77
2117.09, 1521.19

waypoints
x, y
2112.62, 1494.4
2112.66, 1494.71
2112.7, 1495.01
2112.75, 1495.33
2112.79, 1495.64
2112.83, 1495.97
2112.88, 1496.31
2112.92, 1496.65
2112.97, 1497
2113.02, 1497.36
2113.07, 1497.73
2113.12, 1498.11
2113.17, 1498.5
2113.22, 1498.82
2113.29, 1499.23
2113.36, 1499.64
2113.43, 1500.06
2113.5, 1500.48
2113.67, 1501.05
2113.79, 1501.71
2113.9, 1502.36
2114.01, 1503.01
2114.12, 1503.64
2114.23, 1504.26
2114.33, 1504.86
2114.43, 1505.45
2114.53, 1506.03
2114.63, 1506.58
2114.72, 1507.12
2114.81, 1507.64
2114.89, 1508.14
2114.97, 1508.62
2115.05, 1509.08
2115.13, 1509.52
2115.2, 1509.95
2115.27, 1510.36
2115.34, 1510.76
2115.4, 1511.14
2115.46, 1511.51
2115.52, 1511.86
2115.58, 1512.2
2115.63, 1512.54
2115.68, 1512.86
2115.74, 1513.18
2115.79, 1513.49
2115.84, 1513.8
2115.89, 1514.1
2115.94, 1514.4
2115.99, 1514.71
2116.04, 1515.01
2116.09, 1515.32
2116.14, 1515.63
2116.2, 1515.94
2116.25, 1516.27
2116.3, 1516.6
2116.36, 1516.93
2116.42, 1517.28
2116.48, 1517.63
2116.54, 1517.99
2116.6, 1518.36
2116.67, 1518.74
2116.74, 1519.13
2116.8, 1519.53
2116.88, 1519.94
2116.95, 1520.35
2117.02, 1520.77
2117.09, 1521.19

waypoints
x, y
2112.79, 1495.64
2112.83, 1495.97
2112.88, 1496.31
2112.92, 1496.65
2112.97, 1497
2113.02, 1497.36
2113.07, 1497.73
2113.12, 1498.11
2113.17, 1498.5
2113.22, 1498.82
2113.29, 1499.23
2113.36, 1499.64
2113.43, 1500.06
2113.5, 1500.48
2113.67, 1501.05
2113.79, 1501.71
2113.9, 1502.36
2114.01, 1503.01
2114.12, 1503.64
2114.23, 1504.26
2114.33, 1504.86
2114.43, 1505.45
2114.53, 1506.03
2114.63, 1506.58
2114.72, 1507.12
2114.81, 1507.64
2114.89, 1508.14
2114.97, 1508.62
2115.05, 1509.08
2115.13, 1509.52
2115.2, 1509.95
2115.27, 1510.36
2115.34, 1510.76
2115.4, 1511.14
2115.46, 1511.51
2115.52, 1511.86
2115.58, 1512.2
2115.63, 1512.54
2115.68, 1512.86
2115.74, 1513.18
2115.79, 1513.49
2115.84, 1513.8
2115.89, 1514.1
2115.94, 1514.4
2115.99, 1514.71
2116.04, 1515.01
2116.09, 1515.32
2116.14, 1515.63
2116.2, 1515.94
2116.25, 1516.27
2116.3, 1516.6
2116.36, 1516.93
2116.42, 1517.28
2116.48, 1517.63
2116.54, 1517.99
2116.6, 1518.36
2116.67, 1518.74
2116.74, 1519.13
2116.8, 1519.53
2116.88, 1519.94
2116.95, 1520.35
2117.02, 1520.77
2117.09, 1521.19

waypoints
x, y
2112.97, 1497
2113.02, 1497.36
2113.07, 1497.73
2113.12, 1498.11
2113.17, 1498.5
2113.22, 1498.82
2113.29, 1499.23
2113.36, 1499.64
2113.43, 1500.06
2113.5, 1500.48
2113.67, 1501.05
2113.79, 1501.71
2113.9, 1502.36
2114.01, 1503.01
2114.12, 1503.64
2114.23, 1504.26
2114.33, 1504.86
2114.43, 1505.45
2114.53, 1506.03
2114.63, 1506.58
2114.72, 1507.12
2114.81, 1507.64
2114.89, 1508.14
2114.97, 1508.62
2115.05, 1509.08
2115.13, 1509.52
2115.2, 1509.95
2115.27, 1510.36
2115.34, 1510.76
2115.4, 1511.14
2115.46, 1511.51
2115.52, 1511.86
2115.58, 1512.2
2115.63, 1512.54
2115.68, 1512.86
2115.74, 1513.18
2115.79, 1513.49
2115.84, 1513.8
2115.89, 1514.1
2115.94, 1514.4
2115.99, 1514.71
2116.04, 1515.01
2116.09, 1515.32
2116.14, 1515.63
2116.2, 1515.94
2116.25, 1516.27
2116.3, 1516.6
2116.36, 1516.93
2116.42, 1517.28
2116.48, 1517.63
2116.54, 1517.99
2116.6, 1518.36
2116.67, 1518.74
2116.74, 1519.13
2116.8, 1519.53
2116.88, 1519.94
2116.95, 1520.35
2117.02, 1520.77
2117.09, 1521.19

waypoints
x, y
2113.17, 1498.5
2113.22, 1498.82
2113.29, 1499.23
2113.36, 1499.64
2113.43, 1500.06
2113.5, 1500.48
2113.67, 1501.05
2113.79, 1501.71
2113.9, 1502.36
2114.01, 1503.01
2114.12, 1503.64
2114.23, 1504.26
2114.33, 1504.86
2114.43, 1505.45
2114.53, 1506.03
2114.63, 1506.58
2114.72, 1507.12
2114.81, 1507.64
2114.89, 1508.14
2114.97, 1508.62
2115.05, 1509.08
2115.13, 1509.52
2115.2, 1509.95
2115.27, 1510.36
2115.34, 1510.76
2115.4, 1511.14
2115.46, 1511.51
2115.52, 1511.86
2115.58, 1512.2
2115.63, 1512.54
2115.68, 1512.86
2115.74, 1513.18
2115.79, 1513.49
2115.84, 1513.8
2115.89, 1514.1
2115.94, 1514.4
2115.99, 1514.71
2116.04, 1515.01
2116.09, 1515.32
2116.14, 1515.63
2116.2, 1515.94
2116.25, 1516.27
2116.3, 1516.6
2116.36, 1516.93
2116.42, 1517.28
2116.48, 1517.63
2116.54, 1517.99
2116.6, 1518.36
2116.67, 1518.74
2116.74, 1519.13
2116.8, 1519.53
2116.88, 1519.94
2116.95, 1520.35
2117.02, 1520.77
2117.09, 1521.19

waypoints
x, y
2113.43, 1500.06
2113.5, 1500.48
2113.67, 1501.05
2113.79, 1501.71
2113.9, 1502.36
2114.01, 1503.01
2114.12, 1503.64
2114.23, 1504.26
2114.33, 1504.86
2114.43, 1505.45
2114.53, 1506.03
2114.63, 1506.58
2114.72, 1507.12
2114.81, 1507.64
2114.89, 1508.14
2114.97, 1508.62
2115.05, 1509.08
2115.13, 1509.52
2115.2, 1509.95
2115.27, 1510.36
2115.34, 1510.76
2115.4, 1511.14
2115.46, 1511.51
2115.52, 1511.86
2115.58, 1512.2
2115.63, 1512.54
2115.68, 1512.86
2115.74, 1513.18
2115.79, 1513.49
2115.84, 1513.8
2115.89, 1514.1
2115.94, 1514.4
2115.99, 1514.71
2116.04, 1515.01
2116.09, 1515.32
2116.14, 1515.63
2116.2, 1515.94
2116.25, 1516.27
2116.3, 1516.6
2116.36, 1516.93
2116.42, 1517.28
2116.48, 1517.63
2116.54, 1517.99
2116.6, 1518.36
2116.67, 1518.74
2116.74, 1519.13
2116.8, 1519.53
2116.88, 1519.94
2116.95, 1520.35
2117.02, 1520.77
2117.09, 1521.19

waypoints
x, y
2113.9, 1502.36
2114.01, 1503.01
2114.12, 1503.64
2114.23, 1504.26
2114.33, 1504.86
2114.43, 1505.45
2114.53, 1506.03
2114.63, 1506.58
2114.72, 1507.12
2114.81, 1507.64
2114.89, 1508.14
2114.97, 1508.62
2115.05, 1509.08
2115.13, 1509.52
2115.2, 1509.95
2115.27, 1510.36
2115.34, 1510.76
2115.4, 1511.14
2115.46, 1511.51
2115.52, 1511.86
2115.58, 1512.2
2115.63, 1512.54
2115.68, 1512.86
2115.74, 1513.18
2115.79, 1513.49
2115.84, 1513.8
2115.89, 1514.1
2115.94, 1514.4
2115.99, 1514.71
2116.04, 1515.01
2116.09, 1515.32
2116.14, 1515.63
2116.2, 1515.94
2116.25, 1516.27
2116.3, 1516.6
2116.36, 1516.93
2116.42, 1517.28
2116.48, 1517.63
2116.54, 1517.99
2116.6, 1518.36
2116.67, 1518.74
2116.74, 1519.13
2116.8, 1519.53
2116.88, 1519.94
2116.95, 1520.35
2117.02, 1520.77
2117.09, 1521.19
2117.21, 1521.85
2117.32, 1522.5
2117.43, 1523.15
2117.54, 1523.79
2117.65, 1524.42
2117.76, 1525.03
2117.86, 1525.64
2117.96, 1526.22
2118.06, 1526.79
2118.16, 1527.35
2118.25, 1527.88
2118.34, 1528.4
2118.43, 1528.9
2118.51, 1529.38
2118.59, 1529.84
2118.67, 1530.28
2118.74, 1530.71
2118.81, 1531.12
2118.88, 1531.51
2118.95, 1531.9
2119.01, 1532.26
2119.07, 1532.62
2119.13, 1532.96
2119.19, 1533.3
2119.25, 1533.62
2119.3, 1533.94
2119.36, 1534.25
2119.41, 1534.56
2119.46, 1534.87
2119.51, 1535.17
2119.57, 1535.48
2119.62, 1535.78
2119.67, 1536.09
2119.73, 1536.41
2119.78, 1536.72
2119.84, 1537.05
2119.9, 1537.38
2119.95, 1537.71
2120.01, 1538.06
2120.08, 1538.41
2120.14, 1538.74
2120.21, 1539.12
2120.28, 1539.5
2120.35, 1539.89
2120.43, 1540.28
2120.51, 1540.69
2120.58, 1541.1
2120.66, 1541.52
2120.74, 1541.94

waypoints
x, y
2114.33, 1504.86
2114.43, 1505.45
2114.53, 1506.03
2114.63, 1506.58
2114.72, 1507.12
2114.81, 1507.64
2114.89, 1508.14
2114.97, 1508.62
2115.05, 1509.08
2115.13, 1509.52
2115.2, 1509.95
2115.27, 1510.36
2115.34, 1510.76
2115.4, 1511.14
2115.46, 1511.51
2115.52, 1511.86
2115.58, 1512.2
2115.63, 1512.54
2115.68, 1512.86
2115.74, 1513.18
2115.79, 1513.49
2115.84, 1513.8
2115.89, 1514.1
2115.94, 1514.4
2115.99, 1514.71
2116.04, 1515.01
2116.09, 1515.32
2116.14, 1515.63
2116.2, 1515.94
2116.25, 1516.27
2116.3, 1516.6
2116.36, 1516.93
2116.42, 1517.28
2116.48, 1517.63
2116.54, 1517.99
2116.6, 1518.36
2116.67, 1518.74
2116.74, 1519.13
2116.8, 1519.53
2116.88, 1519.94
2116.95, 1520.35
2117.02, 1520.77
2117.09, 1521.19
2117.21, 1521.85
2117.32, 1522.5
2117.43, 1523.15
2117.54, 1523.79
2117.65, 1524.42
2117.76, 1525.03
2117.86, 1525.64
2117.96, 1526.22
2118.06, 1526.79
2118.16, 1527.35
2118.25, 1527.88
2118.34, 1528.4
2118.43, 1528.9
2118.51, 1529.38
2118.59, 1529.84
2118.67, 1530.28
2118.74, 1530.71
2118.81, 1531.12
2118.88, 1531.52
2118.95, 1531.89
2119.01, 1532.26
2119.07, 1532.62
2119.13, 1532.96
2119.19, 1533.3
2119.25, 1533.62
2119.3, 1533.94
2119.36, 1534.25
2119.41, 1534.56
2119.46, 1534.87
2119.51, 1535.17
2119.57, 1535.48
2119.62, 1535.78
2119.67, 1536.09
2119.73, 1536.41
2119.78, 1536.72
2119.84, 1537.05
2119.9, 1537.38
2119.95, 1537.71
2120.01, 1538.06
2120.08, 1538.41
2120.14, 1538.74
2120.21, 1539.12
2120.28, 1539.5
2120.35, 1539.88
2120.43, 1540.28
2120.51, 1540.69
2120.59, 1541.1
2120.66, 1541.52
2120.74, 1541.94

waypoints
x, y
2114.72, 1507.12
2114.81, 1507.64
2114.89, 1508.14
2114.97, 1508.62
2115.05, 1509.08
2115.13, 1509.52
2115.2, 1509.95
2115.27, 1510.36
2115.34, 1510.76
2115.4, 1511.14
2115.46, 1511.51
2115.52, 1511.86
2115.58, 1512.2
2115.63, 1512.54
2115.68, 1512.86
2115.74, 1513.18
2115.79, 1513.49
2115.84, 1513.8
2115.89, 1514.1
2115.94, 1514.4
2115.99, 1514.71
2116.04, 1515.01
2116.09, 1515.32
2116.14, 1515.63
2116.2, 1515.94
2116.25, 1516.27
2116.3, 1516.6
2116.36, 1516.93
2116.42, 1517.28
2116.48, 1517.63
2116.54, 1517.99
2116.6, 1518.36
2116.67, 1518.74
2116.74, 1519.13
2116.8, 1519.53
2116.88, 1519.94
2116.95, 1520.35
2117.02, 1520.77
2117.09, 1521.19
2117.21, 1521.85
2117.32, 1522.5
2117.43, 1523.15
2117.54, 1523.79
2117.65, 1524.42
2117.76, 1525.03
2117.86, 1525.64
2117.96, 1526.22
2118.06, 1526.79
2118.16, 1527.35
2118.25, 1527.88
2118.34, 1528.4
2118.43, 1528.9
2118.51, 1529.38
2118.59, 1529.84
2118.67, 1530.28
2118.74, 1530.71
2118.81, 1531.12
2118.88, 1531.52
2118.95, 1531.89
2119.01, 1532.26
2119.07, 1532.62
2119.13, 1532.96
2119.19, 1533.3
2119.25, 1533.62
2119.3, 1533.94
2119.36, 1534.25
2119.41, 1534.56
2119.46, 1534.87
2119.51, 1535.17
2119.57, 1535.48
2119.62, 1535.78
2119.67, 1536.09
2119.73, 1536.41
2119.78, 1536.72
2119.84, 1537.05
2119.9, 1537.38
2119.95, 1537.71
2120.01, 1538.06
2120.08, 1538.41
2120.14, 1538.74
2120.21, 1539.12
2120.28, 1539.5
2120.35, 1539.88
2120.43, 1540.28
2120.51, 1540.69
2120.59, 1541.1
2120.66, 1541.52
2120.74, 1541.94

waypoints
x, y
2114.97, 1508.62
2115.05, 1509.08
2115.13, 1509.52
2115.2, 1509.95
2115.27, 1510.36
2115.34, 1510.76
2115.4, 1511.14
2115.46, 1511.51
2115.52, 1511.86
2115.58, 1512.2
2115.63, 1512.54
2115.68, 1512.86
2115.74, 1513.18
2115.79, 1513.49
2115.84, 1513.8
2115.89, 1514.1
2115.94, 1514.4
2115.99, 1514.71
2116.04, 1515.01
2116.09, 1515.32
2116.14, 1515.63
2116.2, 1515.94
2116.25, 1516.27
2116.3, 1516.6
2116.36, 1516.93
2116.42, 1517.28
2116.48, 1517.63
2116.54, 1517.99
2116.6, 1518.36
2116.67, 1518.74
2116.74, 1519.13
2116.8, 1519.53
2116.88, 1519.94
2116.95, 1520.35
2117.02, 1520.77
2117.09, 1521.19
2117.21, 1521.85
2117.32, 1522.5
2117.43, 1523.15
2117.54, 1523.79
2117.65, 1524.42
2117.76, 1525.03
2117.86, 1525.64
2117.96, 1526.22
2118.06, 1526.79
2118.16, 1527.35
2118.25, 1527.88
2118.34, 1528.4
2118.43, 1528.9
2118.51, 1529.38
2118.59, 1529.84
2118.67, 1530.28
2118.74, 1530.71
2118.81, 1531.12
2118.88, 1531.52
2118.95, 1531.89
2119.01, 1532.26
2119.07, 1532.62
2119.13, 1532.96
2119.19, 1533.3
2119.25, 1533.62
2119.3, 1533.94
2119.36, 1534.25
2119.41, 1534.56
2119.46, 1534.87
2119.51, 1535.17
2119.57, 1535.48
2119.62, 1535.78
2119.67, 1536.09
2119.73, 1536.41
2119.78, 1536.72
2119.84, 1537.05
2119.9, 1537.38
2119.95, 1537.71
2120.01, 1538.06
2120.08, 1538.41
2120.14, 1538.74
2120.21, 1539.12
2120.28, 1539.5
2120.35, 1539.88
2120.43, 1540.28
2120.51, 1540.69
2120.59, 1541.1
2120.66, 1541.52
2120.74, 1541.94

waypoints
x, y
2115.27, 1510.36
2115.34, 1510.76
2115.4, 1511.14
2115.46, 1511.51
2115.52, 1511.86
2115.58, 1512.2
2115.63, 1512.54
2115.68, 1512.86
2115.74, 1513.18
2115.79, 1513.49
2115.84, 1513.8
2115.89, 1514.1
2115.94, 1514.4
2115.99, 1514.71
2116.04, 1515.01
2116.09, 1515.32
2116.14, 1515.63
2116.2, 1515.94
2116.25, 1516.27
2116.3, 1516.6
2116.36, 1516.93
2116.42, 1517.28
2116.48, 1517.63
2116.54, 1517.99
2116.6, 1518.36
2116.67, 1518.74
2116.74, 1519.13
2116.8, 1519.53
2116.88, 1519.94
2116.95, 1520.35
2117.02, 1520.77
2117.09, 1521.19
2117.21, 1521.85
2117.32, 1522.5
2117.43, 1523.15
2117.54, 1523.79
2117.65, 1524.42
2117.76, 1525.03
2117.86, 1525.64
2117.96, 1526.22
2118.06, 1526.79
2118.16, 1527.35
2118.25, 1527.88
2118.34, 1528.4
2118.43, 1528.9
2118.51, 1529.38
2118.59, 1529.84
2118.67, 1530.28
2118.74, 1530.71
2118.81, 1531.12
2118.88, 1531.52
2118.95, 1531.89
2119.01, 1532.26
2119.07, 1532.62
2119.13, 1532.96
2119.19, 1533.3
2119.25, 1533.62
2119.3, 1533.94
2119.36, 1534.25
2119.41, 1534.56
2119.46, 1534.87
2119.51, 1535.17
2119.57, 1535.48
2119.62, 1535.78
2119.67, 1536.09
2119.73, 1536.41
2119.78, 1536.72
2119.84, 1537.05
2119.9, 1537.38
2119.95, 1537.71
2120.01, 1538.06
2120.08, 1538.41
2120.14, 1538.74
2120.21, 1539.12
2120.28, 1539.5
2120.35, 1539.88
2120.43, 1540.28
2120.51, 1540.69
2120.59, 1541.1
2120.66, 1541.52
2120.74, 1541.94

waypoints
x, y
2115.52, 1511.86
2115.58, 1512.2
2115.63, 1512.54
2115.68, 1512.86
2115.74, 1513.18
2115.79, 1513.49
2115.84, 1513.8
2115.89, 1514.1
2115.94, 1514.4
2115.99, 1514.71
2116.04, 1515.01
2116.09, 1515.32
2116.14, 1515.63
2116.2, 1515.94
2116.25, 1516.27
2116.3, 1516.6
2116.36, 1516.93
2116.42, 1517.28
2116.48, 1517.63
2116.54, 1517.99
2116.6, 1518.36
2116.67, 1518.74
2116.74, 1519.13
2116.8, 1519.53
2116.88, 1519.94
2116.95, 1520.35
2117.02, 1520.77
2117.09, 1521.19
2117.21, 1521.85
2117.32, 1522.5
2117.43, 1523.15
2117.54, 1523.79
2117.65, 1524.42
2117.76, 1525.03
2117.86, 1525.64
2117.96, 1526.22
2118.06, 1526.79
2118.16, 1527.35
2118.25, 1527.88
2118.34, 1528.4
2118.43, 1528.9
2118.51, 1529.38
2118.59, 1529.84
2118.67, 1530.28
2118.74, 1530.71
2118.81, 1531.12
2118.88, 1531.52
2118.95, 1531.89
2119.01, 1532.26
2119.07, 1532.62
2119.13, 1532.96
2119.19, 1533.3
2119.25, 1533.62
2119.3, 1533.94
2119.36, 1534.25
2119.41, 1534.56
2119.46, 1534.87
2119.51, 1535.17
2119.57, 1535.48
2119.62, 1535.78
2119.67, 1536.09
2119.73, 1536.41
2119.78, 1536.72
2119.84, 1537.05
2119.9, 1537.38
2119.95, 1537.71
2120.01, 1538.06
2120.08, 1538.41
2120.14, 1538.74
2120.21, 1539.12
2120.28, 1539.5
2120.35, 1539.88
2120.43, 1540.28
2120.51, 1540.69
2120.59, 1541.1
2120.66, 1541.52
2120.74, 1541.94

waypoints
x, y
2115.74, 1513.18
2115.79, 1513.49
2115.84, 1513.8
2115.89, 1514.1
2115.94, 1514.4
2115.99, 1514.71
2116.04, 1515.01
2116.09, 1515.32
2116.14, 1515.63
2116.2, 1515.94
2116.25, 1516.27
2116.3, 1516.6
2116.36, 1516.93
2116.42, 1517.28
2116.48, 1517.63
2116.54, 1517.99
2116.6, 1518.36
2116.67, 1518.74
2116.74, 1519.13
2116.8, 1519.53
2116.88, 1519.94
2116.95, 1520.35
2117.02, 1520.77
2117.09, 1521.19
2117.21, 1521.85
2117.32, 1522.5
2117.43, 1523.15
2117.54, 1523.79
2117.65, 1524.42
2117.76, 1525.03
2117.86, 1525.64
2117.96, 1526.22
2118.06, 1526.79
2118.16, 1527.35
2118.25, 1527.88
2118.34, 1528.4
2118.43, 1528.9
2118.51, 1529.38
2118.59, 1529.84
2118.67, 1530.28
2118.74, 1530.71
2118.81, 1531.12
2118.88, 1531.52
2118.95, 1531.89
2119.01, 1532.26
2119.07, 1532.62
2119.13, 1532.96
2119.19, 1533.3
2119.25, 1533.62
2119.3, 1533.94
2119.36, 1534.25
2119.41, 1534.56
2119.46, 1534.87
2119.51, 1535.17
2119.57, 1535.48
2119.62, 1535.78
2119.67, 1536.09
2119.73, 1536.41
2119.78, 1536.72
2119.84, 1537.05
2119.9, 1537.38
2119.95, 1537.71
2120.01, 1538.06
2120.08, 1538.41
2120.14, 1538.74
2120.21, 1539.12
2120.28, 1539.5
2120.35, 1539.88
2120.43, 1540.28
2120.51, 1540.69
2120.59, 1541.1
2120.66, 1541.52
2120.74, 1541.94

waypoints
x, y
2115.89, 1514.1
2115.94, 1514.4
2115.99, 1514.71
2116.04, 1515.01
2116.09, 1515.32
2116.14, 1515.63
2116.2, 1515.94
2116.25, 1516.27
2116.3, 1516.6
2116.36, 1516.93
2116.42, 1517.28
2116.48, 1517.63
2116.54, 1517.99
2116.6, 1518.36
2116.67, 1518.74
2116.74, 1519.13
2116.8, 1519.53
2116.88, 1519.94
2116.95, 1520.35
2117.02, 1520.77
2117.09, 1521.19
2117.21, 1521.85
2117.32, 1522.5
2117.43, 1523.15
2117.54, 1523.79
2117.65, 1524.42
2117.76, 1525.03
2117.86, 1525.64
2117.96, 1526.22
2118.06, 1526.79
2118.16, 1527.35
2118.25, 1527.88
2118.34, 1528.4
2118.43, 1528.9
2118.51, 1529.38
2118.59, 1529.84
2118.67, 1530.28
2118.74, 1530.71
2118.81, 1531.12
2118.88, 1531.52
2118.95, 1531.89
2119.01, 1532.26
2119.07, 1532.62
2119.13, 1532.96
2119.19, 1533.3
2119.25, 1533.62
2119.3, 1533.94
2119.36, 1534.25
2119.41, 1534.56
2119.46, 1534.87
2119.51, 1535.17
2119.57, 1535.48
2119.62, 1535.78
2119.67, 1536.09
2119.73, 1536.41
2119.78, 1536.72
2119.84, 1537.05
2119.9, 1537.38
2119.95, 1537.71
2120.01, 1538.06
2120.08, 1538.41
2120.14, 1538.74
2120.21, 1539.12
2120.28, 1539.5
2120.35, 1539.88
2120.43, 1540.28
2120.51, 1540.69
2120.59, 1541.1
2120.66, 1541.52
2120.74, 1541.94

waypoints
x, y
2116.09, 1515.32
2116.14, 1515.63
2116.2, 1515.94
2116.25, 1516.27
2116.3, 1516.6
2116.36, 1516.93
2116.42, 1517.28
2116.48, 1517.63
2116.54, 1517.99
2116.6, 1518.36
2116.67, 1518.74
2116.74, 1519.13
2116.8, 1519.53
2116.88, 1519.94
2116.95, 1520.35
2117.02, 1520.77
2117.09, 1521.19
2117.21, 1521.85
2117.32, 1522.5
2117.43, 1523.15
2117.54, 1523.79
2117.65, 1524.42
2117.76, 1525.03
2117.86, 1525.64
2117.96, 1526.22
2118.06, 1526.79
2118.16, 1527.35
2118.25, 1527.88
2118.34, 1528.4
2118.43, 1528.9
2118.51, 1529.38
2118.59, 1529.84
2118.67, 1530.28
2118.74, 1530.71
2118.81, 1531.12
2118.88, 1531.52
2118.95, 1531.89
2119.01, 1532.26
2119.07, 1532.62
2119.13, 1532.96
2119.19, 1533.3
2119.25, 1533.62
2119.3, 1533.94
2119.36, 1534.25
2119.41, 1534.56
2119.46, 1534.87
2119.51, 1535.17
2119.57, 1535.48
2119.62, 1535.78
2119.67, 1536.09
2119.73, 1536.41
2119.78, 1536.72
2119.84, 1537.05
2119.9, 1537.38
2119.95, 1537.71
2120.01, 1538.06
2120.08, 1538.41
2120.14, 1538.74
2120.21, 1539.12
2120.28, 1539.5
2120.35, 1539.88
2120.43, 1540.28
2120.51, 1540.69
2120.59, 1541.1
2120.66, 1541.52
2120.74, 1541.94

waypoints
x, y
2116.3, 1516.6
2116.36, 1516.93
2116.42, 1517.28
2116.48, 1517.63
2116.54, 1517.99
2116.6, 1518.36
2116.67, 1518.74
2116.74, 1519.13
2116.8, 1519.53
2116.88, 1519.94
2116.95, 1520.35
2117.02, 1520.77
2117.09, 1521.19
2117.21, 1521.85
2117.32, 1522.5
2117.43, 1523.15
2117.54, 1523.79
2117.65, 1524.42
2117.76, 1525.03
2117.86, 1525.64
2117.96, 1526.22
2118.06, 1526.79
2118.16, 1527.35
2118.25, 1527.88
2118.34, 1528.4
2118.43, 1528.9
2118.51, 1529.38
2118.59, 1529.84
2118.67, 1530.28
2118.74, 1530.71
2118.81, 1531.12
2118.88, 1531.52
2118.95, 1531.89
2119.01, 1532.26
2119.07, 1532.62
2119.13, 1532.96
2119.19, 1533.3
2119.25, 1533.62
2119.3, 1533.94
2119.36, 1534.25
2119.41, 1534.56
2119.46, 1534.87
2119.51, 1535.17
2119.57, 1535.48
2119.62, 1535.78
2119.67, 1536.09
2119.73, 1536.41
2119.78, 1536.72
2119.84, 1537.05
2119.9, 1537.38
2119.95, 1537.71
2120.01, 1538.06
2120.08, 1538.41
2120.14, 1538.74
2120.21, 1539.12
2120.28, 1539.5
2120.35, 1539.88
2120.43, 1540.28
2120.51, 1540.69
2120.59, 1541.1
2120.66, 1541.52
2120.74, 1541.94

waypoints
x, y
2116.54, 1517.99
2116.6, 1518.36
2116.67, 1518.74
2116.74, 1519.13
2116.8, 1519.53
2116.88, 1519.94
2116.95, 1520.35
2117.02, 1520.77
2117.09, 1521.19
2117.21, 1521.85
2117.32, 1522.5
2117.43, 1523.15
2117.54, 1523.79
2117.65, 1524.42
2117.76, 1525.03
2117.86, 1525.64
2117.96, 1526.22
2118.06, 1526.79
2118.16, 1527.35
2118.25, 1527.88
2118.34, 1528.4
2118.43, 1528.9
2118.51, 1529.38
2118.59, 1529.84
2118.67, 1530.28
2118.74, 1530.71
2118.81, 1531.12
2118.88, 1531.52
2118.95, 1531.89
2119.01, 1532.26
2119.07, 1532.62
2119.13, 1532.96
2119.19, 1533.3
2119.25, 1533.62
2119.3, 1533.94
2119.36, 1534.25
2119.41, 1534.56
2119.46, 1534.87
2119.51, 1535.17
2119.57, 1535.48
2119.62, 1535.78
2119.67, 1536.09
2119.73, 1536.41
2119.78, 1536.72
2119.84, 1537.05
2119.9, 1537.38
2119.95, 1537.71
2120.01, 1538.06
2120.08, 1538.41
2120.14, 1538.74
2120.21, 1539.12
2120.28, 1539.5
2120.35, 1539.88
2120.43, 1540.28
2120.51, 1540.69
2120.59, 1541.1
2120.66, 1541.52
2120.74, 1541.94

waypoints
x, y
2116.8, 1519.53
2116.88, 1519.94
2116.95, 1520.35
2117.02, 1520.77
2117.09, 1521.19
2117.21, 1521.85
2117.32, 1522.5
2117.43, 1523.15
2117.54, 1523.79
2117.65, 1524.42
2117.76, 1525.03
2117.86, 1525.64
2117.96, 1526.22
2118.06, 1526.79
2118.16, 1527.35
2118.25, 1527.88
2118.34, 1528.4
2118.43, 1528.9
2118.51, 1529.38
2118.59, 1529.84
2118.67, 1530.28
2118.74, 1530.71
2118.81, 1531.12
2118.88, 1531.52
2118.95, 1531.89
2119.01, 1532.26
2119.07, 1532.62
2119.13, 1532.96
2119.19, 1533.3
2119.25, 1533.62
2119.3, 1533.94
2119.36, 1534.25
2119.41, 1534.56
2119.46, 1534.87
2119.51, 1535.17
2119.57, 1535.48
2119.62, 1535.78
2119.67, 1536.09
2119.73, 1536.41
2119.78, 1536.72
2119.84, 1537.05
2119.9, 1537.38
2119.95, 1537.71
2120.01, 1538.06
2120.08, 1538.41
2120.14, 1538.74
2120.21, 1539.12
2120.28, 1539.5
2120.35, 1539.88
2120.43, 1540.28
2120.51, 1540.69
2120.59, 1541.1
2120.66, 1541.52
2120.74, 1541.94

waypoints
x, y
2117.09, 1521.19
2117.21, 1521.85
2117.32, 1522.5
2117.43, 1523.15
2117.54, 1523.79
2117.65, 1524.42
2117.76, 1525.03
2117.86, 1525.64
2117.96, 1526.22
2118.06, 1526.79
2118.16, 1527.35
2118.25, 1527.88
2118.34, 1528.4
2118.43, 1528.9
2118.51, 1529.38
2118.59, 1529.84
2118.67, 1530.28
2118.74, 1530.71
2118.81, 1531.12
2118.88, 1531.52
2118.95, 1531.89
2119.01, 1532.26
2119.07, 1532.62
2119.13, 1532.96
2119.19, 1533.3
2119.25, 1533.62
2119.3, 1533.94
2119.36, 1534.25
2119.41, 1534.56
2119.46, 1534.87
2119.51, 1535.17
2119.57, 1535.48
2119.62, 1535.78
2119.67, 1536.09
2119.73, 1536.41
2119.78, 1536.72
2119.84, 1537.05
2119.9, 1537.38
2119.95, 1537.71
2120.01, 1538.06
2120.08, 1538.41
2120.14, 1538.74
2120.21, 1539.12
2120.28, 1539.5
2120.35, 1539.88
2120.43, 1540.28
2120.51, 1540.69
2120.59, 1541.1
2120.66, 1541.52
2120.74, 1541.94

waypoints
x, y
2117.54, 1523.79
2117.65, 1524.42
2117.76, 1525.03
2117.86, 1525.64
2117.96, 1526.22
2118.06, 1526.79
2118.16, 1527.35
2118.25, 1527.88
2118.34, 1528.4
2118.43, 1528.9
2118.51, 1529.38
2118.59, 1529.84
2118.67, 1530.28
2118.74, 1530.71
2118.81, 1531.12
2118.88, 1531.52
2118.95, 1531.89
2119.01, 1532.26
2119.07, 1532.62
2119.13, 1532.96
2119.19, 1533.3
2119.25, 1533.62
2119.3, 1533.94
2119.36, 1534.25
2119.41, 1534.56
2119.46, 1534.87
2119.51, 1535.17
2119.57, 1535.48
2119.62, 1535.78
2119.67, 1536.09
2119.73, 1536.41
2119.78, 1536.72
2119.84, 1537.05
2119.9, 1537.38
2119.95, 1537.71
2120.01, 1538.06
2120.08, 1538.41
2120.14, 1538.74
2120.21, 1539.12
2120.28, 1539.5
2120.35, 1539.88
2120.43, 1540.28
2120.51, 1540.69
2120.59, 1541.1
2120.66, 1541.52
2120.74, 1541.94
2120.87, 1542.58
2120.99, 1543.22
2121.11, 1543.86
2121.23, 1544.49
2121.35, 1545.11
2121.46, 1545.71
2121.58, 1546.31
2121.69, 1546.89
2121.79, 1547.45
2121.9, 1547.99
2122, 1548.52
2122.09, 1549.03
2122.19, 1549.53
2122.28, 1550
2122.37, 1550.46
2122.45, 1550.9
2122.53, 1551.33
2122.61, 1551.74
2122.68, 1552.13
2122.76, 1552.52
2122.83, 1552.88
2122.9, 1553.24
2122.96, 1553.59
2123.03, 1553.92
2123.09, 1554.25
2123.15, 1554.58
2123.21, 1554.89
2123.27, 1555.21
2123.33, 1555.52
2123.39, 1555.83
2123.45, 1556.13
2123.5, 1556.44
2123.56, 1556.76
2123.62, 1557.07
2123.69, 1557.39
2123.75, 1557.72
2123.81, 1558.05
2123.88, 1558.39
2123.94, 1558.74
2124.01, 1559.1
2124.08, 1559.46
2124.15, 1559.84
2124.22, 1560.22
2124.3, 1560.61
2124.37, 1561.01
2124.45, 1561.41
2124.53, 1561.83
2124.61, 1562.24
2124.69, 1562.66

waypoints
x, y
2117.96, 1526.22
2118.06, 1526.79
2118.16, 1527.35
2118.25, 1527.88
2118.34, 1528.4
2118.43, 1528.9
2118.51, 1529.38
2118.59, 1529.84
2118.67, 1530.28
2118.74, 1530.71
2118.81, 1531.12
2118.88, 1531.52
2118.95, 1531.89
2119.01, 1532.26
2119.07, 1532.62
2119.13, 1532.96
2119.19, 1533.3
2119.25, 1533.62
2119.3, 1533.94
2119.36, 1534.25
2119.41, 1534.56
2119.46, 1534.87
2119.51, 1535.17
2119.57, 1535.48
2119.62, 1535.78
2119.67, 1536.09
2119.73, 1536.41
2119.78, 1536.72
2119.84, 1537.05
2119.9, 1537.38
2119.95, 1537.71
2120.01, 1538.06
2120.08, 1538.41
2120.14, 1538.74
2120.21, 1539.12
2120.28, 1539.5
2120.35, 1539.88
2120.43, 1540.28
2120.51, 1540.69
2120.59, 1541.1
2120.66, 1541.52
2120.74, 1541.94
2120.87, 1542.58
2120.99, 1543.22
2121.11, 1543.86
2121.23, 1544.49
2121.35, 1545.11
2121.46, 1545.71
2121.58, 1546.31
2121.69, 1546.89
2121.79, 1547.45
2121.9, 1547.99
2122, 1548.52
2122.09, 1549.03
2122.19, 1549.53
2122.28, 1550
2122.37, 1550.46
2122.45, 1550.9
2122.53, 1551.33
2122.61, 1551.74
2122.68, 1552.13
2122.76, 1552.52
2122.83, 1552.88
2122.89, 1553.24
2122.96, 1553.59
2123.03, 1553.92
2123.09, 1554.25
2123.15, 1554.58
2123.21, 1554.89
2123.27, 1555.21
2123.33, 1555.52
2123.39, 1555.83
2123.45, 1556.13
2123.51, 1556.44
2123.56, 1556.76
2123.62, 1557.07
2123.69, 1557.39
2123.75, 1557.72
2123.81, 1558.05
2123.88, 1558.39
2123.94, 1558.74
2124.01, 1559.1
2124.08, 1559.46
2124.15, 1559.84
2124.22, 1560.22
2124.3, 1560.61
2124.37, 1561.01
2124.45, 1561.41
2124.53, 1561.83
2124.61, 1562.24
2124.69, 1562.66

waypoints
x, y
2118.25, 1527.88
2118.34, 1528.4
2118.43, 1528.9
2118.51, 1529.38
2118.59, 1529.84
2118.67, 1530.28
2118.74, 1530.71
2118.81, 1531.12
2118.88, 1531.52
2118.95, 1531.89
2119.01, 1532.26
2119.07, 1532.62
2119.13, 1532.96
2119.19, 1533.3
2119.25, 1533.62
2119.3, 1533.94
2119.36, 1534.25
2119.41, 1534.56
2119.46, 1534.87
2119.51, 1535.17
2119.57, 1535.48
2119.62, 1535.78
2119.67, 1536.09
2119.73, 1536.41
2119.78, 1536.72
2119.84, 1537.05
2119.9, 1537.38
2119.95, 1537.71
2120.01, 1538.06
2120.08, 1538.41
2120.14, 1538.74
2120.21, 1539.12
2120.28, 1539.5
2120.35, 1539.88
2120.43, 1540.28
2120.51, 1540.69
2120.59, 1541.1
2120.66, 1541.52
2120.74, 1541.94
2120.87, 1542.58
2120.99, 1543.22
2121.11, 1543.86
2121.23, 1544.49
2121.35, 1545.11
2121.46, 1545.71
2121.58, 1546.31
2121.69, 1546.89
2121.79, 1547.45
2121.9, 1547.99
2122, 1548.52
2122.09, 1549.03
2122.19, 1549.53
2122.28, 1550
2122.37, 1550.46
2122.45, 1550.9
2122.53, 1551.33
2122.61, 1551.74
2122.68, 1552.13
2122.76, 1552.52
2122.83, 1552.88
2122.89, 1553.24
2122.96, 1553.59
2123.03, 1553.92
2123.09, 1554.25
2123.15, 1554.58
2123.21, 1554.89
2123.27, 1555.21
2123.33, 1555.52
2123.39, 1555.83
2123.45, 1556.13
2123.51, 1556.44
2123.56, 1556.76
2123.62, 1557.07
2123.69, 1557.39
2123.75, 1557.72
2123.81, 1558.05
2123.88, 1558.39
2123.94, 1558.74
2124.01, 1559.1
2124.08, 1559.46
2124.15, 1559.84
2124.22, 1560.22
2124.3, 1560.61
2124.37, 1561.01
2124.45, 1561.41
2124.53, 1561.83
2124.61, 1562.24
2124.69, 1562.66

waypoints
x, y
2118.59, 1529.84
2118.67, 1530.28
2118.74, 1530.71
2118.81, 1531.12
2118.88, 1531.52
2118.95, 1531.89
2119.01, 1532.26
2119.07, 1532.62
2119.13, 1532.96
2119.19, 1533.3
2119.25, 1533.62
2119.3, 1533.94
2119.36, 1534.25
2119.41, 1534.56
2119.46, 1534.87
2119.51, 1535.17
2119.57, 1535.48
2119.62, 1535.78
2119.67, 1536.09
2119.73, 1536.41
2119.78, 1536.72
2119.84, 1537.05
2119.9, 1537.38
2119.95, 1537.71
2120.01, 1538.06
2120.08, 1538.41
2120.14, 1538.74
2120.21, 1539.12
2120.28, 1539.5
2120.35, 1539.88
2120.43, 1540.28
2120.51, 1540.69
2120.59, 1541.1
2120.66, 1541.52
2120.74, 1541.94
2120.87, 1542.58
2120.99, 1543.22
2121.11, 1543.86
2121.23, 1544.49
2121.35, 1545.11
2121.46, 1545.71
2121.58, 1546.31
2121.69, 1546.89
2121.79, 1547.45
2121.9, 1547.99
2122, 1548.52
2122.09, 1549.03
2122.19, 1549.53
2122.28, 1550
2122.37, 1550.46
2122.45, 1550.9
2122.53, 1551.33
2122.61, 1551.74
2122.68, 1552.13
2122.76, 1552.52
2122.83, 1552.88
2122.89, 1553.24
2122.96, 1553.59
2123.03, 1553.92
2123.09, 1554.25
2123.15, 1554.58
2123.21, 1554.89
2123.27, 1555.21
2123.33, 1555.52
2123.39, 1555.83
2123.45, 1556.13
2123.51, 1556.44
2123.56, 1556.76
2123.62, 1557.07
2123.69, 1557.39
2123.75, 1557.72
2123.81, 1558.05
2123.88, 1558.39
2123.94, 1558.74
2124.01, 1559.1
2124.08, 1559.46
2124.15, 1559.84
2124.22, 1560.22
2124.3, 1560.61
2124.37, 1561.01
2124.45, 1561.41
2124.53, 1561.83
2124.61, 1562.24
2124.69, 1562.66

waypoints
x, y
2118.81, 1531.12
2118.88, 1531.52
2118.95, 1531.89
2119.01, 1532.26
2119.07, 1532.62
2119.13, 1532.96
2119.19, 1533.3
2119.25, 1533.62
2119.3, 1533.94
2119.36, 1534.25
2119.41, 1534.56
2119.46, 1534.87
2119.51, 1535.17
2119.57, 1535.48
2119.62, 1535.78
2119.67, 1536.09
2119.73, 1536.41
2119.78, 1536.72
2119.84, 1537.05
2119.9, 1537.38
2119.95, 1537.71
2120.01, 1538.06
2120.08, 1538.41
2120.14, 1538.74
2120.21, 1539.12
2120.28, 1539.5
2120.35, 1539.88
2120.43, 1540.28
2120.51, 1540.69
2120.59, 1541.1
2120.66, 1541.52
2120.74, 1541.94
2120.87, 1542.58
2120.99, 1543.22
2121.11, 1543.86
2121.23, 1544.49
2121.35, 1545.11
2121.46, 1545.71
2121.58, 1546.31
2121.69, 1546.89
2121.79, 1547.45
2121.9, 1547.99
2122, 1548.52
2122.09, 1549.03
2122.19, 1549.53
2122.28, 1550
2122.37, 1550.46
2122.45, 1550.9
2122.53, 1551.33
2122.61, 1551.74
2122.68, 1552.13
2122.76, 1552.52
2122.83, 1552.88
2122.89, 1553.24
2122.96, 1553.59
2123.03, 1553.92
2123.09, 1554.25
2123.15, 1554.58
2123.21, 1554.89
2123.27, 1555.21
2123.33, 1555.52
2123.39, 1555.83
2123.45, 1556.13
2123.51, 1556.44
2123.56, 1556.76
2123.62, 1557.07
2123.69, 1557.39
2123.75, 1557.72
2123.81, 1558.05
2123.88, 1558.39
2123.94, 1558.74
2124.01, 1559.1
2124.08, 1559.46
2124.15, 1559.84
2124.22, 1560.22
2124.3, 1560.61
2124.37, 1561.01
2124.45, 1561.41
2124.53, 1561.83
2124.61, 1562.24
2124.69, 1562.66

waypoints
x, y
2119.07, 1532.62
2119.13, 1532.96
2119.19, 1533.3
2119.25, 1533.62
2119.3, 1533.94
2119.36, 1534.25
2119.41, 1534.56
2119.46, 1534.87
2119.51, 1535.17
2119.57, 1535.48
2119.62, 1535.78
2119.67, 1536.09
2119.73, 1536.41
2119.78, 1536.72
2119.84, 1537.05
2119.9, 1537.38
2119.95, 1537.71
2120.01, 1538.06
2120.08, 1538.41
2120.14, 1538.74
2120.21, 1539.12
2120.28, 1539.5
2120.35, 1539.88
2120.43, 1540.28
2120.51, 1540.69
2120.59, 1541.1
2120.66, 1541.52
2120.74, 1541.94
2120.87, 1542.58
2120.99, 1543.22
2121.11, 1543.86
2121.23, 1544.49
2121.35, 1545.11
2121.46, 1545.71
2121.58, 1546.31
2121.69, 1546.89
2121.79, 1547.45
2121.9, 1547.99
2122, 1548.52
2122.09, 1549.03
2122.19, 1549.53
2122.28, 1550
2122.37, 1550.46
2122.45, 1550.9
2122.53, 1551.33
2122.61, 1551.74
2122.68, 1552.13
2122.76, 1552.52
2122.83, 1552.88
2122.89, 1553.24
2122.96, 1553.59
2123.03, 1553.92
2123.09, 1554.25
2123.15, 1554.58
2123.21, 1554.89
2123.27, 1555.21
2123.33, 1555.52
2123.39, 1555.83
2123.45, 1556.13
2123.51, 1556.44
2123.56, 1556.76
2123.62, 1557.07
2123.69, 1557.39
2123.75, 1557.72
2123.81, 1558.05
2123.88, 1558.39
2123.94, 1558.74
2124.01, 1559.1
2124.08, 1559.46
2124.15, 1559.84
2124.22, 1560.22
2124.3, 1560.61
2124.37, 1561.01
2124.45, 1561.41
2124.53, 1561.83
2124.61, 1562.24
2124.69, 1562.66

waypoints
x, y
2119.3, 1533.94
2119.36, 1534.25
2119.41, 1534.56
2119.46, 1534.87
2119.51, 1535.17
2119.57, 1535.48
2119.62, 1535.78
2119.67, 1536.09
2119.73, 1536.41
2119.78, 1536.72
2119.84, 1537.05
2119.9, 1537.38
2119.95, 1537.71
2120.01, 1538.06
2120.08, 1538.41
2120.14, 1538.74
2120.21, 1539.12
2120.28, 1539.5
2120.35, 1539.88
2120.43, 1540.28
2120.51, 1540.69
2120.59, 1541.1
2120.66, 1541.52
2120.74, 1541.94
2120.87, 1542.58
2120.99, 1543.22
2121.11, 1543.86
2121.23, 1544.49
2121.35, 1545.11
2121.46, 1545.71
2121.58, 1546.31
2121.69, 1546.89
2121.79, 1547.45
2121.9, 1547.99
2122, 1548.52
2122.09, 1549.03
2122.19, 1549.53
2122.28, 1550
2122.37, 1550.46
2122.45, 1550.9
2122.53, 1551.33
2122.61, 1551.74
2122.68, 1552.13
2122.76, 1552.52
2122.83, 1552.88
2122.89, 1553.24
2122.96, 1553.59
2123.03, 1553.92
2123.09, 1554.25
2123.15, 1554.58
2123.21, 1554.89
2123.27, 1555.21
2123.33, 1555.52
2123.39, 1555.83
2123.45, 1556.13
2123.51, 1556.44
2123.56, 1556.76
2123.62, 1557.07
2123.69, 1557.39
2123.75, 1557.72
2123.81, 1558.05
2123.88, 1558.39
2123.94, 1558.74
2124.01, 1559.1
2124.08, 1559.46
2124.15, 1559.84
2124.22, 1560.22
2124.3, 1560.61
2124.37, 1561.01
2124.45, 1561.41
2124.53, 1561.83
2124.61, 1562.24
2124.69, 1562.66

waypoints
x, y
2119.51, 1535.17
2119.57, 1535.48
2119.62, 1535.78
2119.67, 1536.09
2119.73, 1536.41
2119.78, 1536.72
2119.84, 1537.05
2119.9, 1537.38
2119.95, 1537.71
2120.01, 1538.06
2120.08, 1538.41
2120.14, 1538.74
2120.21, 1539.12
2120.28, 1539.5
2120.35, 1539.88
2120.43, 1540.28
2120.51, 1540.69
2120.59, 1541.1
2120.66, 1541.52
2120.74, 1541.94
2120.87, 1542.58
2120.99, 1543.22
2121.11, 1543.86
2121.23, 1544.49
2121.35, 1545.11
2121.46, 1545.71
2121.58, 1546.31
2121.69, 1546.89
2121.79, 1547.45
2121.9, 1547.99
2122, 1548.52
2122.09, 1549.03
2122.19, 1549.53
2122.28, 1550
2122.37, 1550.46
2122.45, 1550.9
2122.53, 1551.33
2122.61, 1551.74
2122.68, 1552.13
2122.76, 1552.52
2122.83, 1552.88
2122.89, 1553.24
2122.96, 1553.59
2123.03, 1553.92
2123.09, 1554.25
2123.15, 1554.58
2123.21, 1554.89
2123.27, 1555.21
2123.33, 1555.52
2123.39, 1555.83
2123.45, 1556.13
2123.51, 1556.44
2123.56, 1556.76
2123.62, 1557.07
2123.69, 1557.39
2123.75, 1557.72
2123.81, 1558.05
2123.88, 1558.39
2123.94, 1558.74
2124.01, 1559.1
2124.08, 1559.46
2124.15, 1559.84
2124.22, 1560.22
2124.3, 1560.61
2124.37, 1561.01
2124.45, 1561.41
2124.53, 1561.83
2124.61, 1562.24
2124.69, 1562.66

waypoints
x, y
2119.67, 1536.09
2119.73, 1536.41
2119.78, 1536.72
2119.84, 1537.05
2119.9, 1537.38
2119.95, 1537.71
2120.01, 1538.06
2120.08, 1538.41
2120.14, 1538.74
2120.21, 1539.12
2120.28, 1539.5
2120.35, 1539.88
2120.43, 1540.28
2120.51, 1540.69
2120.59, 1541.1
2120.66, 1541.52
2120.74, 1541.94
2120.87, 1542.58
2120.99, 1543.22
2121.11, 1543.86
2121.23, 1544.49
2121.35, 1545.11
2121.46, 1545.71
2121.58, 1546.31
2121.69, 1546.89
2121.79, 1547.45
2121.9, 1547.99
2122, 1548.52
2122.09, 1549.03
2122.19, 1549.53
2122.28, 1550
2122.37, 1550.46
2122.45, 1550.9
2122.53, 1551.33
2122.61, 1551.74
2122.68, 1552.13
2122.76, 1552.52
2122.83, 1552.88
2122.89, 1553.24
2122.96, 1553.59
2123.03, 1553.92
2123.09, 1554.25
2123.15, 1554.58
2123.21, 1554.89
2123.27, 1555.21
2123.33, 1555.52
2123.39, 1555.83
2123.45, 1556.13
2123.51, 1556.44
2123.56, 1556.76
2123.62, 1557.07
2123.69, 1557.39
2123.75, 1557.72
2123.81, 1558.05
2123.88, 1558.39
2123.94, 1558.74
2124.01, 1559.1
2124.08, 1559.46
2124.15, 1559.84
2124.22, 1560.22
2124.3, 1560.61
2124.37, 1561.01
2124.45, 1561.41
2124.53, 1561.83
2124.61, 1562.24
2124.69, 1562.66

waypoints
x, y
2119.9, 1537.38
2119.95, 1537.71
2120.01, 1538.06
2120.08, 1538.41
2120.14, 1538.74
2120.21, 1539.12
2120.28, 1539.5
2120.35, 1539.88
2120.43, 1540.28
2120.51, 1540.69
2120.59, 1541.1
2120.66, 1541.52
2120.74, 1541.94
2120.87, 1542.58
2120.99, 1543.22
2121.11, 1543.86
2121.23, 1544.49
2121.35, 1545.11
2121.46, 1545.71
2121.58, 1546.31
2121.69, 1546.89
2121.79, 1547.45
2121.9, 1547.99
2122, 1548.52
2122.09, 1549.03
2122.19, 1549.53
2122.28, 1550
2122.37, 1550.46
2122.45, 1550.9
2122.53, 1551.33
2122.61, 1551.74
2122.68, 1552.13
2122.76, 1552.52
2122.83, 1552.88
2122.89, 1553.24
2122.96, 1553.59
2123.03, 1553.92
2123.09, 1554.25
2123.15, 1554.58
2123.21, 1554.89
2123.27, 1555.21
2123.33, 1555.52
2123.39, 1555.83
2123.45, 1556.13
2123.51, 1556.44
2123.56, 1556.76
2123.62, 1557.07
2123.69, 1557.39
2123.75, 1557.72
2123.81, 1558.05
2123.88, 1558.39
2123.94, 1558.74
2124.01, 1559.1
2124.08, 1559.46
2124.15, 1559.84
2124.22, 1560.22
2124.3, 1560.61
2124.37, 1561.01
2124.45, 1561.41
2124.53, 1561.83
2124.61, 1562.24
2124.69, 1562.66

waypoints
x, y
2120.08, 1538.41
2120.14, 1538.74
2120.21, 1539.12
2120.28, 1539.5
2120.35, 1539.88
2120.43, 1540.28
2120.51, 1540.69
2120.59, 1541.1
2120.66, 1541.52
2120.74, 1541.94
2120.87, 1542.58
2120.99, 1543.22
2121.11, 1543.86
2121.23, 1544.49
2121.35, 1545.11
2121.46, 1545.71
2121.58, 1546.31
2121.69, 1546.89
2121.79, 1547.45
2121.9, 1547.99
2122, 1548.52
2122.09, 1549.03
2122.19, 1549.53
2122.28, 1550
2122.37, 1550.46
2122.45, 1550.9
2122.53, 1551.33
2122.61, 1551.74
2122.68, 1552.13
2122.76, 1552.52
2122.83, 1552.88
2122.89, 1553.24
2122.96, 1553.59
2123.03, 1553.92
2123.09, 1554.25
2123.15, 1554.58
2123.21, 1554.89
2123.27, 1555.21
2123.33, 1555.52
2123.39, 1555.83
2123.45, 1556.13
2123.51, 1556.44
2123.56, 1556.76
2123.62, 1557.07
2123.69, 1557.39
2123.75, 1557.72
2123.81, 1558.05
2123.88, 1558.39
2123.94, 1558.74
2124.01, 1559.1
2124.08, 1559.46
2124.15, 1559.84
2124.22, 1560.22
2124.3, 1560.61
2124.37, 1561.01
2124.45, 1561.41
2124.53, 1561.83
2124.61, 1562.24
2124.69, 1562.66

waypoints
x, y
2120.35, 1539.88
2120.43, 1540.28
2120.51, 1540.69
2120.59, 1541.1
2120.66, 1541.52
2120.74, 1541.94
2120.87, 1542.58
2120.99, 1543.22
2121.11, 1543.86
2121.23, 1544.49
2121.35, 1545.11
2121.46, 1545.71
2121.58, 1546.31
2121.69, 1546.89
2121.79, 1547.45
2121.9, 1547.99
2122, 1548.52
2122.09, 1549.03
2122.19, 1549.53
2122.28, 1550
2122.37, 1550.46
2122.45, 1550.9
2122.53, 1551.33
2122.61, 1551.74
2122.68, 1552.13
2122.76, 1552.52
2122.83, 1552.88
2122.89, 1553.24
2122.96, 1553.59
2123.03, 1553.92
2123.09, 1554.25
2123.15, 1554.58
2123.21, 1554.89
2123.27, 1555.21
2123.33, 1555.52
2123.39, 1555.83
2123.45, 1556.13
2123.51, 1556.44
2123.56, 1556.76
2123.62, 1557.07
2123.69, 1557.39
2123.75, 1557.72
2123.81, 1558.05
2123.88, 1558.39
2123.94, 1558.74
2124.01, 1559.1
2124.08, 1559.46
2124.15, 1559.84
2124.22, 1560.22
2124.3, 1560.61
2124.37, 1561.01
2124.45, 1561.41
2124.53, 1561.83
2124.61, 1562.24
2124.69, 1562.66

waypoints
x, y
2120.66, 1541.52
2120.74, 1541.94
2120.87, 1542.58
2120.99, 1543.22
2121.11, 1543.86
2121.23, 1544.49
2121.35, 1545.11
2121.46, 1545.71
2121.58, 1546.31
2121.69, 1546.89
2121.79, 1547.45
2121.9, 1547.99
2122, 1548.52
2122.09, 1549.03
2122.19, 1549.53
2122.28, 1550
2122.37, 1550.46
2122.45, 1550.9
2122.53, 1551.33
2122.61, 1551.74
2122.68, 1552.13
2122.76, 1552.52
2122.83, 1552.88
2122.89, 1553.24
2122.96, 1553.59
2123.03, 1553.92
2123.09, 1554.25
2123.15, 1554.58
2123.21, 1554.89
2123.27, 1555.21
2123.33, 1555.52
2123.39, 1555.83
2123.45, 1556.13
2123.51, 1556.44
2123.56, 1556.76
2123.62, 1557.07
2123.69, 1557.39
2123.75, 1557.72
2123.81, 1558.05
2123.88, 1558.39
2123.94, 1558.74
2124.01, 1559.1
2124.08, 1559.46
2124.15, 1559.84
2124.22, 1560.22
2124.3, 1560.61
2124.37, 1561.01
2124.45, 1561.41
2124.53, 1561.83
2124.61, 1562.24
2124.69, 1562.66

waypoints
x, y
2120.99, 1543.22
2121.11, 1543.86
2121.23, 1544.49
2121.35, 1545.11
2121.46, 1545.71
2121.58, 1546.31
2121.69, 1546.89
2121.79, 1547.45
2121.9, 1547.99
2122, 1548.52
2122.09, 1549.03
2122.19, 1549.53
2122.28, 1550
2122.37, 1550.46
2122.45, 1550.9
2122.53, 1551.33
2122.61, 1551.74
2122.68, 1552.13
2122.76, 1552.52
2122.83, 1552.88
2122.89, 1553.24
2122.96, 1553.59
2123.03, 1553.92
2123.09, 1554.25
2123.15, 1554.58
2123.21, 1554.89
2123.27, 1555.21
2123.33, 1555.52
2123.39, 1555.83
2123.45, 1556.13
2123.51, 1556.44
2123.56, 1556.76
2123.62, 1557.07
2123.69, 1557.39
2123.75, 1557.72
2123.81, 1558.05
2123.88, 1558.39
2123.94, 1558.74
2124.01, 1559.1
2124.08, 1559.46
2124.15, 1559.84
2124.22, 1560.22
2124.3, 1560.61
2124.37, 1561.01
2124.45, 1561.41
2124.53, 1561.83
2124.61, 1562.24
2124.69, 1562.66
2124.81, 1563.31
2124.93, 1563.95
2125.05, 1564.59
2125.17, 1565.22
2125.29, 1565.84
2125.41, 1566.44
2125.52, 1567.03
2125.63, 1567.61
2125.74, 1568.17
2125.84, 1568.72
2125.94, 1569.25
2126.04, 1569.76
2126.13, 1570.25
2126.22, 1570.73
2126.31, 1571.19
2126.39, 1571.63
2126.48, 1572.06
2126.55, 1572.47
2126.63, 1572.86
2126.7, 1573.24
2126.77, 1573.61
2126.84, 1573.97
2126.91, 1574.31
2126.97, 1574.65
2127.03, 1574.98
2127.09, 1575.3
2127.15, 1575.62
2127.21, 1575.93
2127.27, 1576.24
2127.33, 1576.55
2127.39, 1576.86
2127.45, 1577.17
2127.51, 1577.48
2127.57, 1577.8
2127.63, 1578.12
2127.69, 1578.45
2127.75, 1578.78
2127.82, 1579.12
2127.89, 1579.47
2127.95, 1579.83
2128.02, 1580.19
2128.09, 1580.56
2128.17, 1580.95
2128.24, 1581.34
2128.32, 1581.74
2128.39, 1582.14
2128.47, 1582.55
2128.55, 1582.97
2128.63, 1583.39

waypoints
x, y
2121.46, 1545.71
2121.58, 1546.31
2121.69, 1546.89
2121.79, 1547.45
2121.9, 1547.99
2122, 1548.52
2122.09, 1549.03
2122.19, 1549.53
2122.28, 1550
2122.37, 1550.46
2122.45, 1550.9
2122.53, 1551.33
2122.61, 1551.74
2122.68, 1552.13
2122.76, 1552.52
2122.83, 1552.88
2122.89, 1553.24
2122.96, 1553.59
2123.03, 1553.92
2123.09, 1554.25
2123.15, 1554.58
2123.21, 1554.89
2123.27, 1555.21
2123.33, 1555.52
2123.39, 1555.83
2123.45, 1556.13
2123.51, 1556.44
2123.56, 1556.76
2123.62, 1557.07
2123.69, 1557.39
2123.75, 1557.72
2123.81, 1558.05
2123.88, 1558.39
2123.94, 1558.74
2124.01, 1559.1
2124.08, 1559.46
2124.15, 1559.84
2124.22, 1560.22
2124.3, 1560.61
2124.37, 1561.01
2124.45, 1561.41
2124.53, 1561.83
2124.61, 1562.24
2124.69, 1562.66
2124.81, 1563.31
2124.93, 1563.95
2125.05, 1564.59
2125.17, 1565.22
2125.29, 1565.84
2125.41, 1566.44
2125.52, 1567.03
2125.63, 1567.61
2125.74, 1568.17
2125.84, 1568.72
2125.94, 1569.25
2126.04, 1569.76
2126.13, 1570.25
2126.22, 1570.73
2126.31, 1571.19
2126.39, 1571.63
2126.48, 1572.06
2126.55, 1572.47
2126.63, 1572.86
2126.7, 1573.24
2126.77, 1573.61
2126.84, 1573.97
2126.91, 1574.31
2126.97, 1574.65
2127.03, 1574.98
2127.09, 1575.3
2127.15, 1575.62
2127.21, 1575.93
2127.27, 1576.24
2127.33, 1576.55
2127.39, 1576.86
2127.45, 1577.17
2127.51, 1577.48
2127.57, 1577.8
2127.63, 1578.12
2127.69, 1578.45
2127.76, 1578.78
2127.82, 1579.12
2127.89, 1579.47
2127.95, 1579.83
2128.02, 1580.19
2128.09, 1580.56
2128.17, 1580.95
2128.24, 1581.34
2128.32, 1581.73
2128.39, 1582.14
2128.47, 1582.55
2128.55, 1582.97
2128.63, 1583.39

waypoints
x, y
2121.9, 1547.99
2122, 1548.52
2122.09, 1549.03
2122.19, 1549.53
2122.28, 1550
2122.37, 1550.46
2122.45, 1550.9
2122.53, 1551.33
2122.61, 1551.74
2122.68, 1552.13
2122.76, 1552.52
2122.83, 1552.88
2122.89, 1553.24
2122.96, 1553.59
2123.03, 1553.92
2123.09, 1554.25
2123.15, 1554.58
2123.21, 1554.89
2123.27, 1555.21
2123.33, 1555.52
2123.39, 1555.83
2123.45, 1556.13
2123.51, 1556.44
2123.56, 1556.76
2123.62, 1557.07
2123.69, 1557.39
2123.75, 1557.72
2123.81, 1558.05
2123.88, 1558.39
2123.94, 1558.74
2124.01, 1559.1
2124.08, 1559.46
2124.15, 1559.84
2124.22, 1560.22
2124.3, 1560.61
2124.37, 1561.01
2124.45, 1561.41
2124.53, 1561.83
2124.61, 1562.24
2124.69, 1562.66
2124.81, 1563.31
2124.93, 1563.95
2125.05, 1564.59
2125.17, 1565.22
2125.29, 1565.84
2125.41, 1566.44
2125.52, 1567.03
2125.63, 1567.61
2125.74, 1568.17
2125.84, 1568.72
2125.94, 1569.25
2126.04, 1569.76
2126.13, 1570.25
2126.22, 1570.73
2126.31, 1571.19
2126.39, 1571.63
2126.48, 1572.06
2126.55, 1572.47
2126.63, 1572.86
2126.7, 1573.24
2126.77, 1573.61
2126.84, 1573.97
2126.91, 1574.31
2126.97, 1574.65
2127.03, 1574.98
2127.09, 1575.3
2127.15, 1575.62
2127.21, 1575.93
2127.27, 1576.24
2127.33, 1576.55
2127.39, 1576.86
2127.45, 1577.17
2127.51, 1577.48
2127.57, 1577.8
2127.63, 1578.12
2127.69, 1578.45
2127.76, 1578.78
2127.82, 1579.12
2127.89, 1579.47
2127.95, 1579.83
2128.02, 1580.19
2128.09, 1580.56
2128.17, 1580.95
2128.24, 1581.34
2128.32, 1581.73
2128.39, 1582.14
2128.47, 1582.55
2128.55, 1582.97
2128.63, 1583.39

waypoints
x, y
2122.28, 1550
2122.37, 1550.46
2122.45, 1550.9
2122.53, 1551.33
2122.61, 1551.74
2122.68, 1552.13
2122.76, 1552.52
2122.83, 1552.88
2122.89, 1553.24
2122.96, 1553.59
2123.03, 1553.92
2123.09, 1554.25
2123.15, 1554.58
2123.21, 1554.89
2123.27, 1555.21
2123.33, 1555.52
2123.39, 1555.83
2123.45, 1556.13
2123.51, 1556.44
2123.56, 1556.76
2123.62, 1557.07
2123.69, 1557.39
2123.75, 1557.72
2123.81, 1558.05
2123.88, 1558.39
2123.94, 1558.74
2124.01, 1559.1
2124.08, 1559.46
2124.15, 1559.84
2124.22, 1560.22
2124.3, 1560.61
2124.37, 1561.01
2124.45, 1561.41
2124.53, 1561.83
2124.61, 1562.24
2124.69, 1562.66
2124.81, 1563.31
2124.93, 1563.95
2125.05, 1564.59
2125.17, 1565.22
2125.29, 1565.84
2125.41, 1566.44
2125.52, 1567.03
2125.63, 1567.61
2125.74, 1568.17
2125.84, 1568.72
2125.94, 1569.25
2126.04, 1569.76
2126.13, 1570.25
2126.22, 1570.73
2126.31, 1571.19
2126.39, 1571.63
2126.48, 1572.06
2126.55, 1572.47
2126.63, 1572.86
2126.7, 1573.24
2126.77, 1573.61
2126.84, 1573.97
2126.91, 1574.31
2126.97, 1574.65
2127.03, 1574.98
2127.09, 1575.3
2127.15, 1575.62
2127.21, 1575.93
2127.27, 1576.24
2127.33, 1576.55
2127.39, 1576.86
2127.45, 1577.17
2127.51, 1577.48
2127.57, 1577.8
2127.63, 1578.12
2127.69, 1578.45
2127.76, 1578.78
2127.82, 1579.12
2127.89, 1579.47
2127.95, 1579.83
2128.02, 1580.19
2128.09, 1580.56
2128.17, 1580.95
2128.24, 1581.34
2128.32, 1581.73
2128.39, 1582.14
2128.47, 1582.55
2128.55, 1582.97
2128.63, 1583.39

waypoints
x, y
2122.61, 1551.74
2122.68, 1552.13
2122.76, 1552.52
2122.83, 1552.88
2122.89, 1553.24
2122.96, 1553.59
2123.03, 1553.92
2123.09, 1554.25
2123.15, 1554.58
2123.21, 1554.89
2123.27, 1555.21
2123.33, 1555.52
2123.39, 1555.83
2123.45, 1556.13
2123.51, 1556.44
2123.56, 1556.76
2123.62, 1557.07
2123.69, 1557.39
2123.75, 1557.72
2123.81, 1558.05
2123.88, 1558.39
2123.94, 1558.74
2124.01, 1559.1
2124.08, 1559.46
2124.15, 1559.84
2124.22, 1560.22
2124.3, 1560.61
2124.37, 1561.01
2124.45, 1561.41
2124.53, 1561.83
2124.61, 1562.24
2124.69, 1562.66
2124.81, 1563.31
2124.93, 1563.95
2125.05, 1564.59
2125.17, 1565.22
2125.29, 1565.84
2125.41, 1566.44
2125.52, 1567.03
2125.63, 1567.61
2125.74, 1568.17
2125.84, 1568.72
2125.94, 1569.25
2126.04, 1569.76
2126.13, 1570.25
2126.22, 1570.73
2126.31, 1571.19
2126.39, 1571.63
2126.48, 1572.06
2126.55, 1572.47
2126.63, 1572.86
2126.7, 1573.24
2126.77, 1573.61
2126.84, 1573.97
2126.91, 1574.31
2126.97, 1574.65
2127.03, 1574.98
2127.09, 1575.3
2127.15, 1575.62
2127.21, 1575.93
2127.27, 1576.24
2127.33, 1576.55
2127.39, 1576.86
2127.45, 1577.17
2127.51, 1577.48
2127.57, 1577.8
2127.63, 1578.12
2127.69, 1578.45
2127.76, 1578.78
2127.82, 1579.12
2127.89, 1579.47
2127.95, 1579.83
2128.02, 1580.19
2128.09, 1580.56
2128.17, 1580.95
2128.24, 1581.34
2128.32, 1581.73
2128.39, 1582.14
2128.47, 1582.55
2128.55, 1582.97
2128.63, 1583.39

waypoints
x, y
2122.89, 1553.24
2122.96, 1553.59
2123.03, 1553.92
2123.09, 1554.25
2123.15, 1554.58
2123.21, 1554.89
2123.27, 1555.21
2123.33, 1555.52
2123.39, 1555.83
2123.45, 1556.13
2123.51, 1556.44
2123.56, 1556.76
2123.62, 1557.07
2123.69, 1557.39
2123.75, 1557.72
2123.81, 1558.05
2123.88, 1558.39
2123.94, 1558.74
2124.01, 1559.1
2124.08, 1559.46
2124.15, 1559.84
2124.22, 1560.22
2124.3, 1560.61
2124.37, 1561.01
2124.45, 1561.41
2124.53, 1561.83
2124.61, 1562.24
2124.69, 1562.66
2124.81, 1563.31
2124.93, 1563.95
2125.05, 1564.59
2125.17, 1565.22
2125.29, 1565.84
2125.41, 1566.44
2125.52, 1567.03
2125.63, 1567.61
2125.74, 1568.17
2125.84, 1568.72
2125.94, 1569.25
2126.04, 1569.76
2126.13, 1570.25
2126.22, 1570.73
2126.31, 1571.19
2126.39, 1571.63
2126.48, 1572.06
2126.55, 1572.47
2126.63, 1572.86
2126.7, 1573.24
2126.77, 1573.61
2126.84, 1573.97
2126.91, 1574.31
2126.97, 1574.65
2127.03, 1574.98
2127.09, 1575.3
2127.15, 1575.62
2127.21, 1575.93
2127.27, 1576.24
2127.33, 1576.55
2127.39, 1576.86
2127.45, 1577.17
2127.51, 1577.48
2127.57, 1577.8
2127.63, 1578.12
2127.69, 1578.45
2127.76, 1578.78
2127.82, 1579.12
2127.89, 1579.47
2127.95, 1579.83
2128.02, 1580.19
2128.09, 1580.56
2128.17, 1580.95
2128.24, 1581.34
2128.32, 1581.73
2128.39, 1582.14
2128.47, 1582.55
2128.55, 1582.97
2128.63, 1583.39

waypoints
x, y
2123.15, 1554.58
2123.21, 1554.89
2123.27, 1555.21
2123.33, 1555.52
2123.39, 1555.83
2123.45, 1556.13
2123.51, 1556.44
2123.56, 1556.76
2123.62, 1557.07
2123.69, 1557.39
2123.75, 1557.72
2123.81, 1558.05
2123.88, 1558.39
2123.94, 1558.74
2124.01, 1559.1
2124.08, 1559.46
2124.15, 1559.84
2124.22, 1560.22
2124.3, 1560.61
2124.37, 1561.01
2124.45, 1561.41
2124.53, 1561.83
2124.61, 1562.24
2124.69, 1562.66
2124.81, 1563.31
2124.93, 1563.95
2125.05, 1564.59
2125.17, 1565.22
2125.29, 1565.84
2125.41, 1566.44
2125.52, 1567.03
2125.63, 1567.61
2125.74, 1568.17
2125.84, 1568.72
2125.94, 1569.25
2126.04, 1569.76
2126.13, 1570.25
2126.22, 1570.73
2126.31, 1571.19
2126.39, 1571.63
2126.48, 1572.06
2126.55, 1572.47
2126.63, 1572.86
2126.7, 1573.24
2126.77, 1573.61
2126.84, 1573.97
2126.91, 1574.31
2126.97, 1574.65
2127.03, 1574.98
2127.09, 1575.3
2127.15, 1575.62
2127.21, 1575.93
2127.27, 1576.24
2127.33, 1576.55
2127.39, 1576.86
2127.45, 1577.17
2127.51, 1577.48
2127.57, 1577.8
2127.63, 1578.12
2127.69, 1578.45
2127.76, 1578.78
2127.82, 1579.12
2127.89, 1579.47
2127.95, 1579.83
2128.02, 1580.19
2128.09, 1580.56
2128.17, 1580.95
2128.24, 1581.34
2128.32, 1581.73
2128.39, 1582.14
2128.47, 1582.55
2128.55, 1582.97
2128.63, 1583.39

waypoints
x, y
2123.39, 1555.83
2123.45, 1556.13
2123.51, 1556.44
2123.56, 1556.76
2123.62, 1557.07
2123.69, 1557.39
2123.75, 1557.72
2123.81, 1558.05
2123.88, 1558.39
2123.94, 1558.74
2124.01, 1559.1
2124.08, 1559.46
2124.15, 1559.84
2124.22, 1560.22
2124.3, 1560.61
2124.37, 1561.01
2124.45, 1561.41
2124.53, 1561.83
2124.61, 1562.24
2124.69, 1562.66
2124.81, 1563.31
2124.93, 1563.95
2125.05, 1564.59
2125.17, 1565.22
2125.29, 1565.84
2125.41, 1566.44
2125.52, 1567.03
2125.63, 1567.61
2125.74, 1568.17
2125.84, 1568.72
2125.94, 1569.25
2126.04, 1569.76
2126.13, 1570.25
2126.22, 1570.73
2126.31, 1571.19
2126.39, 1571.63
2126.48, 1572.06
2126.55, 1572.47
2126.63, 1572.86
2126.7, 1573.24
2126.77, 1573.61
2126.84, 1573.97
2126.91, 1574.31
2126.97, 1574.65
2127.03, 1574.98
2127.09, 1575.3
2127.15, 1575.62
2127.21, 1575.93
2127.27, 1576.24
2127.33, 1576.55
2127.39, 1576.86
2127.45, 1577.17
2127.51, 1577.48
2127.57, 1577.8
2127.63, 1578.12
2127.69, 1578.45
2127.76, 1578.78
2127.82, 1579.12
2127.89, 1579.47
2127.95, 1579.83
2128.02, 1580.19
2128.09, 1580.56
2128.17, 1580.95
2128.24, 1581.34
2128.32, 1581.73
2128.39, 1582.14
2128.47, 1582.55
2128.55, 1582.97
2128.63, 1583.39

waypoints
x, y
2123.56, 1556.76
2123.62, 1557.07
2123.69, 1557.39
2123.75, 1557.72
2123.81, 1558.05
2123.88, 1558.39
2123.94, 1558.74
2124.01, 1559.1
2124.08, 1559.46
2124.15, 1559.84
2124.22, 1560.22
2124.3, 1560.61
2124.37, 1561.01
2124.45, 1561.41
2124.53, 1561.83
2124.61, 1562.24
2124.69, 1562.66
2124.81, 1563.31
2124.93, 1563.95
2125.05, 1564.59
2125.17, 1565.22
2125.29, 1565.84
2125.41, 1566.44
2125.52, 1567.03
2125.63, 1567.61
2125.74, 1568.17
2125.84, 1568.72
2125.94, 1569.25
2126.04, 1569.76
2126.13, 1570.25
2126.22, 1570.73
2126.31, 1571.19
2126.39, 1571.63
2126.48, 1572.06
2126.55, 1572.47
2126.63, 1572.86
2126.7, 1573.24
2126.77, 1573.61
2126.84, 1573.97
2126.91, 1574.31
2126.97, 1574.65
2127.03, 1574.98
2127.09, 1575.3
2127.15, 1575.62
2127.21, 1575.93
2127.27, 1576.24
2127.33, 1576.55
2127.39, 1576.86
2127.45, 1577.17
2127.51, 1577.48
2127.57, 1577.8
2127.63, 1578.12
2127.69, 1578.45
2127.76, 1578.78
2127.82, 1579.12
2127.89, 1579.47
2127.95, 1579.83
2128.02, 1580.19
2128.09, 1580.56
2128.17, 1580.95
2128.24, 1581.34
2128.32, 1581.73
2128.39, 1582.14
2128.47, 1582.55
2128.55, 1582.97
2128.63, 1583.39

waypoints
x, y
2123.81, 1558.05
2123.88, 1558.39
2123.94, 1558.74
2124.01, 1559.1
2124.08, 1559.46
2124.15, 1559.84
2124.22, 1560.22
2124.3, 1560.61
2124.37, 1561.01
2124.45, 1561.41
2124.53, 1561.83
2124.61, 1562.24
2124.69, 1562.66
2124.81, 1563.31
2124.93, 1563.95
2125.05, 1564.59
2125.17, 1565.22
2125.29, 1565.84
2125.41, 1566.44
2125.52, 1567.03
2125.63, 1567.61
2125.74, 1568.17
2125.84, 1568.72
2125.94, 1569.25
2126.04, 1569.76
2126.13, 1570.25
2126.22, 1570.73
2126.31, 1571.19
2126.39, 1571.63
2126.48, 1572.06
2126.55, 1572.47
2126.63, 1572.86
2126.7, 1573.24
2126.77, 1573.61
2126.84, 1573.97
2126.91, 1574.31
2126.97, 1574.65
2127.03, 1574.98
2127.09, 1575.3
2127.15, 1575.62
2127.21, 1575.93
2127.27, 1576.24
2127.33, 1576.55
2127.39, 1576.86
2127.45, 1577.17
2127.51, 1577.48
2127.57, 1577.8
2127.63, 1578.12
2127.69, 1578.45
2127.76, 1578.78
2127.82, 1579.12
2127.89, 1579.47
2127.95, 1579.83
2128.02, 1580.19
2128.09, 1580.56
2128.17, 1580.95
2128.24, 1581.34
2128.32, 1581.73
2128.39, 1582.14
2128.47, 1582.55
2128.55, 1582.97
2128.63, 1583.39

waypoints
x, y
2124.01, 1559.1
2124.08, 1559.46
2124.15, 1559.84
2124.22, 1560.22
2124.3, 1560.61
2124.37, 1561.01
2124.45, 1561.41
2124.53, 1561.83
2124.61, 1562.24
2124.69, 1562.66
2124.81, 1563.31
2124.93, 1563.95
2125.05, 1564.59
2125.17, 1565.22
2125.29, 1565.84
2125.41, 1566.44
2125.52, 1567.03
2125.63, 1567.61
2125.74, 1568.17
2125.84, 1568.72
2125.94, 1569.25
2126.04, 1569.76
2126.13, 1570.25
2126.22, 1570.73
2126.31, 1571.19
2126.39, 1571.63
2126.48, 1572.06
2126.55, 1572.47
2126.63, 1572.86
2126.7, 1573.24
2126.77, 1573.61
2126.84, 1573.97
2126.91, 1574.31
2126.97, 1574.65
2127.03, 1574.98
2127.09, 1575.3
2127.15, 1575.62
2127.21, 1575.93
2127.27, 1576.24
2127.33, 1576.55
2127.39, 1576.86
2127.45, 1577.17
2127.51, 1577.48
2127.57, 1577.8
2127.63, 1578.12
2127.69, 1578.45
2127.76, 1578.78
2127.82, 1579.12
2127.89, 1579.47
2127.95, 1579.83
2128.02, 1580.19
2128.09, 1580.56
2128.17, 1580.95
2128.24, 1581.34
2128.32, 1581.73
2128.39, 1582.14
2128.47, 1582.55
2128.55, 1582.97
2128.63, 1583.39

waypoints
x, y
2124.3, 1560.61
2124.37, 1561.01
2124.45, 1561.41
2124.53, 1561.83
2124.61, 1562.24
2124.69, 1562.66
2124.81, 1563.31
2124.93, 1563.95
2125.05, 1564.59
2125.17, 1565.22
2125.29, 1565.84
2125.41, 1566.44
2125.52, 1567.03
2125.63, 1567.61
2125.74, 1568.17
2125.84, 1568.72
2125.94, 1569.25
2126.04, 1569.76
2126.13, 1570.25
2126.22, 1570.73
2126.31, 1571.19
2126.39, 1571.63
2126.48, 1572.06
2126.55, 1572.47
2126.63, 1572.86
2126.7, 1573.24
2126.77, 1573.61
2126.84, 1573.97
2126.91, 1574.31
2126.97, 1574.65
2127.03, 1574.98
2127.09, 1575.3
2127.15, 1575.62
2127.21, 1575.93
2127.27, 1576.24
2127.33, 1576.55
2127.39, 1576.86
2127.45, 1577.17
2127.51, 1577.48
2127.57, 1577.8
2127.63, 1578.12
2127.69, 1578.45
2127.76, 1578.78
2127.82, 1579.12
2127.89, 1579.47
2127.95, 1579.83
2128.02, 1580.19
2128.09, 1580.56
2128.17, 1580.95
2128.24, 1581.34
2128.32, 1581.73
2128.39, 1582.14
2128.47, 1582.55
2128.55, 1582.97
2128.63, 1583.39

waypoints
x, y
2124.61, 1562.24
2124.69, 1562.66
2124.81, 1563.31
2124.93, 1563.95
2125.05, 1564.59
2125.17, 1565.22
2125.29, 1565.84
2125.41, 1566.44
2125.52, 1567.03
2125.63, 1567.61
2125.74, 1568.17
2125.84, 1568.72
2125.94, 1569.25
2126.04, 1569.76
2126.13, 1570.25
2126.22, 1570.73
2126.31, 1571.19
2126.39, 1571.63
2126.48, 1572.06
2126.55, 1572.47
2126.63, 1572.86
2126.7, 1573.24
2126.77, 1573.61
2126.84, 1573.97
2126.91, 1574.31
2126.97, 1574.65
2127.03, 1574.98
2127.09, 1575.3
2127.15, 1575.62
2127.21, 1575.93
2127.27, 1576.24
2127.33, 1576.55
2127.39, 1576.86
2127.45, 1577.17
2127.51, 1577.48
2127.57, 1577.8
2127.63, 1578.12
2127.69, 1578.45
2127.76, 1578.78
2127.82, 1579.12
2127.89, 1579.47
2127.95, 1579.83
2128.02, 1580.19
2128.09, 1580.56
2128.17, 1580.95
2128.24, 1581.34
2128.32, 1581.73
2128.39, 1582.14
2128.47, 1582.55
2128.55, 1582.97
2128.63, 1583.39

waypoints
x, y
2125.05, 1564.59
2125.17, 1565.22
2125.29, 1565.84
2125.41, 1566.44
2125.52, 1567.03
2125.63, 1567.61
2125.74, 1568.17
2125.84, 1568.72
2125.94, 1569.25
2126.04, 1569.76
2126.13, 1570.25
2126.22, 1570.73
2126.31, 1571.19
2126.39, 1571.63
2126.48, 1572.06
2126.55, 1572.47
2126.63, 1572.86
2126.7, 1573.24
2126.77, 1573.61
2126.84, 1573.97
2126.91, 1574.31
2126.97, 1574.65
2127.03, 1574.98
2127.09, 1575.3
2127.15, 1575.62
2127.21, 1575.93
2127.27, 1576.24
2127.33, 1576.55
2127.39, 1576.86
2127.45, 1577.17
2127.51, 1577.48
2127.57, 1577.8
2127.63, 1578.12
2127.69, 1578.45
2127.76, 1578.78
2127.82, 1579.12
2127.89, 1579.47
2127.95, 1579.83
2128.02, 1580.19
2128.09, 1580.56
2128.17, 1580.95
2128.24, 1581.34
2128.32, 1581.73
2128.39, 1582.14
2128.47, 1582.55
2128.55, 1582.97
2128.63, 1583.39
2128.75, 1584.03
2128.87, 1584.69
2128.99, 1585.32
2129.1, 1585.95
2129.22, 1586.56
2129.33, 1587.16
2129.44, 1587.76
2129.54, 1588.33
2129.64, 1588.89
2129.74, 1589.44
2129.84, 1589.96
2129.93, 1590.47
2130.02, 1590.97
2130.11, 1591.44
2130.19, 1591.9
2130.28, 1592.34
2130.35, 1592.77
2130.43, 1593.18
2130.5, 1593.58
2130.57, 1593.96
2130.64, 1594.33
2130.7, 1594.69
2130.77, 1595.04
2130.83, 1595.38
2130.89, 1595.71
2130.95, 1596.03
2131.01, 1596.35
2131.07, 1596.67
2131.12, 1596.98
2131.18, 1597.29
2131.24, 1597.6
2131.29, 1597.91
2131.35, 1598.23
2131.41, 1598.55
2131.47, 1598.87
2131.53, 1599.2
2131.59, 1599.53
2131.65, 1599.88
2131.72, 1600.23
2131.78, 1600.58
2131.85, 1600.95
2131.92, 1601.33
2131.99, 1601.71
2132.06, 1602.1
2132.13, 1602.5
2132.21, 1602.91
2132.28, 1603.32
2132.36, 1603.74
2132.44, 1604.16

waypoints
x, y
2125.52, 1567.03
2125.63, 1567.61
2125.74, 1568.17
2125.84, 1568.72
2125.94, 1569.25
2126.04, 1569.76
2126.13, 1570.25
2126.22, 1570.73
2126.31, 1571.19
2126.39, 1571.63
2126.48, 1572.06
2126.55, 1572.47
2126.63, 1572.86
2126.7, 1573.24
2126.77, 1573.61
2126.84, 1573.97
2126.91, 1574.31
2126.97, 1574.65
2127.03, 1574.98
2127.09, 1575.3
2127.15, 1575.62
2127.21, 1575.93
2127.27, 1576.24
2127.33, 1576.55
2127.39, 1576.86
2127.45, 1577.17
2127.51, 1577.48
2127.57, 1577.8
2127.63, 1578.12
2127.69, 1578.45
2127.76, 1578.78
2127.82, 1579.12
2127.89, 1579.47
2127.95, 1579.83
2128.02, 1580.19
2128.09, 1580.56
2128.17, 1580.95
2128.24, 1581.34
2128.32, 1581.73
2128.39, 1582.14
2128.47, 1582.55
2128.55, 1582.97
2128.63, 1583.39
2128.75, 1584.03
2128.88, 1584.69
2128.99, 1585.32
2129.11, 1585.94
2129.22, 1586.56
2129.33, 1587.16
2129.44, 1587.76
2129.54, 1588.33
2129.64, 1588.89
2129.74, 1589.44
2129.84, 1589.96
2129.93, 1590.47
2130.02, 1590.97
2130.11, 1591.44
2130.2, 1591.9
2130.28, 1592.34
2130.35, 1592.77
2130.43, 1593.18
2130.5, 1593.58
2130.57, 1593.96
2130.64, 1594.33
2130.7, 1594.69
2130.77, 1595.04
2130.83, 1595.38
2130.89, 1595.71
2130.95, 1596.03
2131.01, 1596.35
2131.07, 1596.66
2131.12, 1596.98
2131.18, 1597.29
2131.24, 1597.6
2131.29, 1597.91
2131.35, 1598.23
2131.41, 1598.55
2131.47, 1598.87
2131.53, 1599.2
2131.59, 1599.53
2131.65, 1599.88
2131.72, 1600.23
2131.78, 1600.58
2131.85, 1600.95
2131.92, 1601.33
2131.99, 1601.71
2132.06, 1602.1
2132.13, 1602.5
2132.21, 1602.91
2132.28, 1603.32
2132.36, 1603.74
2132.44, 1604.16

waypoints
x, y
2125.94, 1569.25
2126.04, 1569.76
2126.13, 1570.25
2126.22, 1570.73
2126.31, 1571.19
2126.39, 1571.63
2126.48, 1572.06
2126.55, 1572.47
2126.63, 1572.86
2126.7, 1573.24
2126.77, 1573.61
2126.84, 1573.97
2126.91, 1574.31
2126.97, 1574.65
2127.03, 1574.98
2127.09, 1575.3
2127.15, 1575.62
2127.21, 1575.93
2127.27, 1576.24
2127.33, 1576.55
2127.39, 1576.86
2127.45, 1577.17
2127.51, 1577.48
2127.57, 1577.8
2127.63, 1578.12
2127.69, 1578.45
2127.76, 1578.78
2127.82, 1579.12
2127.89, 1579.47
2127.95, 1579.83
2128.02, 1580.19
2128.09, 1580.56
2128.17, 1580.95
2128.24, 1581.34
2128.32, 1581.73
2128.39, 1582.14
2128.47, 1582.55
2128.55, 1582.97
2128.63, 1583.39
2128.75, 1584.03
2128.88, 1584.69
2128.99, 1585.32
2129.11, 1585.94
2129.22, 1586.56
2129.33, 1587.16
2129.44, 1587.76
2129.54, 1588.33
2129.64, 1588.89
2129.74, 1589.44
2129.84, 1589.96
2129.93, 1590.47
2130.02, 1590.97
2130.11, 1591.44
2130.2, 1591.9
2130.28, 1592.34
2130.35, 1592.77
2130.43, 1593.18
2130.5, 1593.58
2130.57, 1593.96
2130.64, 1594.33
2130.7, 1594.69
2130.77, 1595.04
2130.83, 1595.38
2130.89, 1595.71
2130.95, 1596.03
2131.01, 1596.35
2131.07, 1596.66
2131.12, 1596.98
2131.18, 1597.29
2131.24, 1597.6
2131.29, 1597.91
2131.35, 1598.23
2131.41, 1598.55
2131.47, 1598.87
2131.53, 1599.2
2131.59, 1599.53
2131.65, 1599.88
2131.72, 1600.23
2131.78, 1600.58
2131.85, 1600.95
2131.92, 1601.33
2131.99, 1601.71
2132.06, 1602.1
2132.13, 1602.5
2132.21, 1602.91
2132.28, 1603.32
2132.36, 1603.74
2132.44, 1604.16

waypoints
x, y
2126.31, 1571.19
2126.39, 1571.63
2126.48, 1572.06
2126.55, 1572.47
2126.63, 1572.86
2126.7, 1573.24
2126.77, 1573.61
2126.84, 1573.97
2126.91, 1574.31
2126.97, 1574.65
2127.03, 1574.98
2127.09, 1575.3
2127.15, 1575.62
2127.21, 1575.93
2127.27, 1576.24
2127.33, 1576.55
2127.39, 1576.86
2127.45, 1577.17
2127.51, 1577.48
2127.57, 1577.8
2127.63, 1578.12
2127.69, 1578.45
2127.76, 1578.78
2127.82, 1579.12
2127.89, 1579.47
2127.95, 1579.83
2128.02, 1580.19
2128.09, 1580.56
2128.17, 1580.95
2128.24, 1581.34
2128.32, 1581.73
2128.39, 1582.14
2128.47, 1582.55
2128.55, 1582.97
2128.63, 1583.39
2128.75, 1584.03
2128.88, 1584.69
2128.99, 1585.32
2129.11, 1585.94
2129.22, 1586.56
2129.33, 1587.16
2129.44, 1587.76
2129.54, 1588.33
2129.64, 1588.89
2129.74, 1589.44
2129.84, 1589.96
2129.93, 1590.47
2130.02, 1590.97
2130.11, 1591.44
2130.2, 1591.9
2130.28, 1592.34
2130.35, 1592.77
2130.43, 1593.18
2130.5, 1593.58
2130.57, 1593.96
2130.64, 1594.33
2130.7, 1594.69
2130.77, 1595.04
2130.83, 1595.38
2130.89, 1595.71
2130.95, 1596.03
2131.01, 1596.35
2131.07, 1596.66
2131.12, 1596.98
2131.18, 1597.29
2131.24, 1597.6
2131.29, 1597.91
2131.35, 1598.23
2131.41, 1598.55
2131.47, 1598.87
2131.53, 1599.2
2131.59, 1599.53
2131.65, 1599.88
2131.72, 1600.23
2131.78, 1600.58
2131.85, 1600.95
2131.92, 1601.33
2131.99, 1601.71
2132.06, 1602.1
2132.13, 1602.5
2132.21, 1602.91
2132.28, 1603.32
2132.36, 1603.74
2132.44, 1604.16

waypoints
x, y
2126.55, 1572.47
2126.63, 1572.86
2126.7, 1573.24
2126.77, 1573.61
2126.84, 1573.97
2126.91, 1574.31
2126.97, 1574.65
2127.03, 1574.98
2127.09, 1575.3
2127.15, 1575.62
2127.21, 1575.93
2127.27, 1576.24
2127.33, 1576.55
2127.39, 1576.86
2127.45, 1577.17
2127.51, 1577.48
2127.57, 1577.8
2127.63, 1578.12
2127.69, 1578.45
2127.76, 1578.78
2127.82, 1579.12
2127.89, 1579.47
2127.95, 1579.83
2128.02, 1580.19
2128.09, 1580.56
2128.17, 1580.95
2128.24, 1581.34
2128.32, 1581.73
2128.39, 1582.14
2128.47, 1582.55
2128.55, 1582.97
2128.63, 1583.39
2128.75, 1584.03
2128.88, 1584.69
2128.99, 1585.32
2129.11, 1585.94
2129.22, 1586.56
2129.33, 1587.16
2129.44, 1587.76
2129.54, 1588.33
2129.64, 1588.89
2129.74, 1589.44
2129.84, 1589.96
2129.93, 1590.47
2130.02, 1590.97
2130.11, 1591.44
2130.2, 1591.9
2130.28, 1592.34
2130.35, 1592.77
2130.43, 1593.18
2130.5, 1593.58
2130.57, 1593.96
2130.64, 1594.33
2130.7, 1594.69
2130.77, 1595.04
2130.83, 1595.38
2130.89, 1595.71
2130.95, 1596.03
2131.01, 1596.35
2131.07, 1596.66
2131.12, 1596.98
2131.18, 1597.29
2131.24, 1597.6
2131.29, 1597.91
2131.35, 1598.23
2131.41, 1598.55
2131.47, 1598.87
2131.53, 1599.2
2131.59, 1599.53
2131.65, 1599.88
2131.72, 1600.23
2131.78, 1600.58
2131.85, 1600.95
2131.92, 1601.33
2131.99, 1601.71
2132.06, 1602.1
2132.13, 1602.5
2132.21, 1602.91
2132.28, 1603.32
2132.36, 1603.74
2132.44, 1604.16

waypoints
x, y
2126.77, 1573.61
2126.84, 1573.97
2126.91, 1574.31
2126.97, 1574.65
2127.03, 1574.98
2127.09, 1575.3
2127.15, 1575.62
2127.21, 1575.93
2127.27, 1576.24
2127.33, 1576.55
2127.39, 1576.86
2127.45, 1577.17
2127.51, 1577.48
2127.57, 1577.8
2127.63, 1578.12
2127.69, 1578.45
2127.76, 1578.78
2127.82, 1579.12
2127.89, 1579.47
2127.95, 1579.83
2128.02, 1580.19
2128.09, 1580.56
2128.17, 1580.95
2128.24, 1581.34
2128.32, 1581.73
2128.39, 1582.14
2128.47, 1582.55
2128.55, 1582.97
2128.63, 1583.39
2128.75, 1584.03
2128.88, 1584.69
2128.99, 1585.32
2129.11, 1585.94
2129.22, 1586.56
2129.33, 1587.16
2129.44, 1587.76
2129.54, 1588.33
2129.64, 1588.89
2129.74, 1589.44
2129.84, 1589.96
2129.93, 1590.47
2130.02, 1590.97
2130.11, 1591.44
2130.2, 1591.9
2130.28, 1592.34
2130.35, 1592.77
2130.43, 1593.18
2130.5, 1593.58
2130.57, 1593.96
2130.64, 1594.33
2130.7, 1594.69
2130.77, 1595.04
2130.83, 1595.38
2130.89, 1595.71
2130.95, 1596.03
2131.01, 1596.35
2131.07, 1596.66
2131.12, 1596.98
2131.18, 1597.29
2131.24, 1597.6
2131.29, 1597.91
2131.35, 1598.23
2131.41, 1598.55
2131.47, 1598.87
2131.53, 1599.2
2131.59, 1599.53
2131.65, 1599.88
2131.72, 1600.23
2131.78, 1600.58
2131.85, 1600.95
2131.92, 1601.33
2131.99, 1601.71
2132.06, 1602.1
2132.13, 1602.5
2132.21, 1602.91
2132.28, 1603.32
2132.36, 1603.74
2132.44, 1604.16

waypoints
x, y
2127.03, 1574.98
2127.09, 1575.3
2127.15, 1575.62
2127.21, 1575.93
2127.27, 1576.24
2127.33, 1576.55
2127.39, 1576.86
2127.45, 1577.17
2127.51, 1577.48
2127.57, 1577.8
2127.63, 1578.12
2127.69, 1578.45
2127.76, 1578.78
2127.82, 1579.12
2127.89, 1579.47
2127.95, 1579.83
2128.02, 1580.19
2128.09, 1580.56
2128.17, 1580.95
2128.24, 1581.34
2128.32, 1581.73
2128.39, 1582.14
2128.47, 1582.55
2128.55, 1582.97
2128.63, 1583.39
2128.75, 1584.03
2128.88, 1584.69
2128.99, 1585.32
2129.11, 1585.94
2129.22, 1586.56
2129.33, 1587.16
2129.44, 1587.76
2129.54, 1588.33
2129.64, 1588.89
2129.74, 1589.44
2129.84, 1589.96
2129.93, 1590.47
2130.02, 1590.97
2130.11, 1591.44
2130.2, 1591.9
2130.28, 1592.34
2130.35, 1592.77
2130.43, 1593.18
2130.5, 1593.58
2130.57, 1593.96
2130.64, 1594.33
2130.7, 1594.69
2130.77, 1595.04
2130.83, 1595.38
2130.89, 1595.71
2130.95, 1596.03
2131.01, 1596.35
2131.07, 1596.66
2131.12, 1596.98
2131.18, 1597.29
2131.24, 1597.6
2131.29, 1597.91
2131.35, 1598.23
2131.41, 1598.55
2131.47, 1598.87
2131.53, 1599.2
2131.59, 1599.53
2131.65, 1599.88
2131.72, 1600.23
2131.78, 1600.58
2131.85, 1600.95
2131.92, 1601.33
2131.99, 1601.71
2132.06, 1602.1
2132.13, 1602.5
2132.21, 1602.91
2132.28, 1603.32
2132.36, 1603.74
2132.44, 1604.16

waypoints
x, y
2127.21, 1575.93
2127.27, 1576.24
2127.33, 1576.55
2127.39, 1576.86
2127.45, 1577.17
2127.51, 1577.48
2127.57, 1577.8
2127.63, 1578.12
2127.69, 1578.45
2127.76, 1578.78
2127.82, 1579.12
2127.89, 1579.47
2127.95, 1579.83
2128.02, 1580.19
2128.09, 1580.56
2128.17, 1580.95
2128.24, 1581.34
2128.32, 1581.73
2128.39, 1582.14
2128.47, 1582.55
2128.55, 1582.97
2128.63, 1583.39
2128.75, 1584.03
2128.88, 1584.69
2128.99, 1585.32
2129.11, 1585.94
2129.22, 1586.56
2129.33, 1587.16
2129.44, 1587.76
2129.54, 1588.33
2129.64, 1588.89
2129.74, 1589.44
2129.84, 1589.96
2129.93, 1590.47
2130.02, 1590.97
2130.11, 1591.44
2130.2, 1591.9
2130.28, 1592.34
2130.35, 1592.77
2130.43, 1593.18
2130.5, 1593.58
2130.57, 1593.96
2130.64, 1594.33
2130.7, 1594.69
2130.77, 1595.04
2130.83, 1595.38
2130.89, 1595.71
2130.95, 1596.03
2131.01, 1596.35
2131.07, 1596.66
2131.12, 1596.98
2131.18, 1597.29
2131.24, 1597.6
2131.29, 1597.91
2131.35, 1598.23
2131.41, 1598.55
2131.47, 1598.87
2131.53, 1599.2
2131.59, 1599.53
2131.65, 1599.88
2131.72, 1600.23
2131.78, 1600.58
2131.85, 1600.95
2131.92, 1601.33
2131.99, 1601.71
2132.06, 1602.1
2132.13, 1602.5
2132.21, 1602.91
2132.28, 1603.32
2132.36, 1603.74
2132.44, 1604.16

waypoints
x, y
2127.45, 1577.17
2127.51, 1577.48
2127.57, 1577.8
2127.63, 1578.12
2127.69, 1578.45
2127.76, 1578.78
2127.82, 1579.12
2127.89, 1579.47
2127.95, 1579.83
2128.02, 1580.19
2128.09, 1580.56
2128.17, 1580.95
2128.24, 1581.34
2128.32, 1581.73
2128.39, 1582.14
2128.47, 1582.55
2128.55, 1582.97
2128.63, 1583.39
2128.75, 1584.03
2128.88, 1584.69
2128.99, 1585.32
2129.11, 1585.94
2129.22, 1586.56
2129.33, 1587.16
2129.44, 1587.76
2129.54, 1588.33
2129.64, 1588.89
2129.74, 1589.44
2129.84, 1589.96
2129.93, 1590.47
2130.02, 1590.97
2130.11, 1591.44
2130.2, 1591.9
2130.28, 1592.34
2130.35, 1592.77
2130.43, 1593.18
2130.5, 1593.58
2130.57, 1593.96
2130.64, 1594.33
2130.7, 1594.69
2130.77, 1595.04
2130.83, 1595.38
2130.89, 1595.71
2130.95, 1596.03
2131.01, 1596.35
2131.07, 1596.66
2131.12, 1596.98
2131.18, 1597.29
2131.24, 1597.6
2131.29, 1597.91
2131.35, 1598.23
2131.41, 1598.55
2131.47, 1598.87
2131.53, 1599.2
2131.59, 1599.53
2131.65, 1599.88
2131.72, 1600.23
2131.78, 1600.58
2131.85, 1600.95
2131.92, 1601.33
2131.99, 1601.71
2132.06, 1602.1
2132.13, 1602.5
2132.21, 1602.91
2132.28, 1603.32
2132.36, 1603.74
2132.44, 1604.16

waypoints
x, y
2127.63, 1578.12
2127.69, 1578.45
2127.76, 1578.78
2127.82, 1579.12
2127.89, 1579.47
2127.95, 1579.83
2128.02, 1580.19
2128.09, 1580.56
2128.17, 1580.95
2128.24, 1581.34
2128.32, 1581.73
2128.39, 1582.14
2128.47, 1582.55
2128.55, 1582.97
2128.63, 1583.39
2128.75, 1584.03
2128.88, 1584.69
2128.99, 1585.32
2129.11, 1585.94
2129.22, 1586.56
2129.33, 1587.16
2129.44, 1587.76
2129.54, 1588.33
2129.64, 1588.89
2129.74, 1589.44
2129.84, 1589.96
2129.93, 1590.47
2130.02, 1590.97
2130.11, 1591.44
2130.2, 1591.9
2130.28, 1592.34
2130.35, 1592.77
2130.43, 1593.18
2130.5, 1593.58
2130.57, 1593.96
2130.64, 1594.33
2130.7, 1594.69
2130.77, 1595.04
2130.83, 1595.38
2130.89, 1595.71
2130.95, 1596.03
2131.01, 1596.35
2131.07, 1596.66
2131.12, 1596.98
2131.18, 1597.29
2131.24, 1597.6
2131.29, 1597.91
2131.35, 1598.23
2131.41, 1598.55
2131.47, 1598.87
2131.53, 1599.2
2131.59, 1599.53
2131.65, 1599.88
2131.72, 1600.23
2131.78, 1600.58
2131.85, 1600.95
2131.92, 1601.33
2131.99, 1601.71
2132.06, 1602.1
2132.13, 1602.5
2132.21, 1602.91
2132.28, 1603.32
2132.36, 1603.74
2132.44, 1604.16

waypoints
x, y
2127.82, 1579.12
2127.89, 1579.47
2127.95, 1579.83
2128.02, 1580.19
2128.09, 1580.56
2128.17, 1580.95
2128.24, 1581.34
2128.32, 1581.73
2128.39, 1582.14
2128.47, 1582.55
2128.55, 1582.97
2128.63, 1583.39
2128.75, 1584.03
2128.88, 1584.69
2128.99, 1585.32
2129.11, 1585.94
2129.22, 1586.56
2129.33, 1587.16
2129.44, 1587.76
2129.54, 1588.33
2129.64, 1588.89
2129.74, 1589.44
2129.84, 1589.96
2129.93, 1590.47
2130.02, 1590.97
2130.11, 1591.44
2130.2, 1591.9
2130.28, 1592.34
2130.35, 1592.77
2130.43, 1593.18
2130.5, 1593.58
2130.57, 1593.96
2130.64, 1594.33
2130.7, 1594.69
2130.77, 1595.04
2130.83, 1595.38
2130.89, 1595.71
2130.95, 1596.03
2131.01, 1596.35
2131.07, 1596.66
2131.12, 1596.98
2131.18, 1597.29
2131.24, 1597.6
2131.29, 1597.91
2131.35, 1598.23
2131.41, 1598.55
2131.47, 1598.87
2131.53, 1599.2
2131.59, 1599.53
2131.65, 1599.88
2131.72, 1600.23
2131.78, 1600.58
2131.85, 1600.95
2131.92, 1601.33
2131.99, 1601.71
2132.06, 1602.1
2132.13, 1602.5
2132.21, 1602.91
2132.28, 1603.32
2132.36, 1603.74
2132.44, 1604.16

waypoints
x, y
2128.09, 1580.56
2128.17, 1580.95
2128.24, 1581.34
2128.32, 1581.73
2128.39, 1582.14
2128.47, 1582.55
2128.55, 1582.97
2128.63, 1583.39
2128.75, 1584.03
2128.88, 1584.69
2128.99, 1585.32
2129.11, 1585.94
2129.22, 1586.56
2129.33, 1587.16
2129.44, 1587.76
2129.54, 1588.33
2129.64, 1588.89
2129.74, 1589.44
2129.84, 1589.96
2129.93, 1590.47
2130.02, 1590.97
2130.11, 1591.44
2130.2, 1591.9
2130.28, 1592.34
2130.35, 1592.77
2130.43, 1593.18
2130.5, 1593.58
2130.57, 1593.96
2130.64, 1594.33
2130.7, 1594.69
2130.77, 1595.04
2130.83, 1595.38
2130.89, 1595.71
2130.95, 1596.03
2131.01, 1596.35
2131.07, 1596.66
2131.12, 1596.98
2131.18, 1597.29
2131.24, 1597.6
2131.29, 1597.91
2131.35, 1598.23
2131.41, 1598.55
2131.47, 1598.87
2131.53, 1599.2
2131.59, 1599.53
2131.65, 1599.88
2131.72, 1600.23
2131.78, 1600.58
2131.85, 1600.95
2131.92, 1601.33
2131.99, 1601.71
2132.06, 1602.1
2132.13, 1602.5
2132.21, 1602.91
2132.28, 1603.32
2132.36, 1603.74
2132.44, 1604.16

waypoints
x, y
2128.32, 1581.73
2128.39, 1582.14
2128.47, 1582.55
2128.55, 1582.97
2128.63, 1583.39
2128.75, 1584.03
2128.88, 1584.69
2128.99, 1585.32
2129.11, 1585.94
2129.22, 1586.56
2129.33, 1587.16
2129.44, 1587.76
2129.54, 1588.33
2129.64, 1588.89
2129.74, 1589.44
2129.84, 1589.96
2129.93, 1590.47
2130.02, 1590.97
2130.11, 1591.44
2130.2, 1591.9
2130.28, 1592.34
2130.35, 1592.77
2130.43, 1593.18
2130.5, 1593.58
2130.57, 1593.96
2130.64, 1594.33
2130.7, 1594.69
2130.77, 1595.04
2130.83, 1595.38
2130.89, 1595.71
2130.95, 1596.03
2131.01, 1596.35
2131.07, 1596.66
2131.12, 1596.98
2131.18, 1597.29
2131.24, 1597.6
2131.29, 1597.91
2131.35, 1598.23
2131.41, 1598.55
2131.47, 1598.87
2131.53, 1599.2
2131.59, 1599.53
2131.65, 1599.88
2131.72, 1600.23
2131.78, 1600.58
2131.85, 1600.95
2131.92, 1601.33
2131.99, 1601.71
2132.06, 1602.1
2132.13, 1602.5
2132.21, 1602.91
2132.28, 1603.32
2132.36, 1603.74
2132.44, 1604.16

waypoints
x, y
2128.63, 1583.39
2128.75, 1584.03
2128.88, 1584.69
2128.99, 1585.32
2129.11, 1585.94
2129.22, 1586.56
2129.33, 1587.16
2129.44, 1587.76
2129.54, 1588.33
2129.64, 1588.89
2129.74, 1589.44
2129.84, 1589.96
2129.93, 1590.47
2130.02, 1590.97
2130.11, 1591.44
2130.2, 1591.9
2130.28, 1592.34
2130.35, 1592.77
2130.43, 1593.18
2130.5, 1593.58
2130.57, 1593.96
2130.64, 1594.33
2130.7, 1594.69
2130.77, 1595.04
2130.83, 1595.38
2130.89, 1595.71
2130.95, 1596.03
2131.01, 1596.35
2131.07, 1596.66
2131.12, 1596.98
2131.18, 1597.29
2131.24, 1597.6
2131.29, 1597.91
2131.35, 1598.23
2131.41, 1598.55
2131.47, 1598.87
2131.53, 1599.2
2131.59, 1599.53
2131.65, 1599.88
2131.72, 1600.23
2131.78, 1600.58
2131.85, 1600.95
2131.92, 1601.33
2131.99, 1601.71
2132.06, 1602.1
2132.13, 1602.5
2132.21, 1602.91
2132.28, 1603.32
2132.36, 1603.74
2132.44, 1604.16

waypoints
x, y
2129.11, 1585.94
2129.22, 1586.56
2129.33, 1587.16
2129.44, 1587.76
2129.54, 1588.33
2129.64, 1588.89
2129.74, 1589.44
2129.84, 1589.96
2129.93, 1590.47
2130.02, 1590.97
2130.11, 1591.44
2130.2, 1591.9
2130.28, 1592.34
2130.35, 1592.77
2130.43, 1593.18
2130.5, 1593.58
2130.57, 1593.96
2130.64, 1594.33
2130.7, 1594.69
2130.77, 1595.04
2130.83, 1595.38
2130.89, 1595.71
2130.95, 1596.03
2131.01, 1596.35
2131.07, 1596.66
2131.12, 1596.98
2131.18, 1597.29
2131.24, 1597.6
2131.29, 1597.91
2131.35, 1598.23
2131.41, 1598.55
2131.47, 1598.87
2131.53, 1599.2
2131.59, 1599.53
2131.65, 1599.88
2131.72, 1600.23
2131.78, 1600.58
2131.85, 1600.95
2131.92, 1601.33
2131.99, 1601.71
2132.06, 1602.1
2132.13, 1602.5
2132.21, 1602.91
2132.28, 1603.32
2132.36, 1603.74
2132.44, 1604.16
2132.55, 1604.79
2132.67, 1605.42
2132.78, 1606.04
2132.89, 1606.66
2133, 1607.27
2133.11, 1607.86
2133.22, 1608.45
2133.32, 1609.02
2133.43, 1609.57
2133.52, 1610.11
2133.62, 1610.63
2133.71, 1611.14
2133.8, 1611.63
2133.89, 1612.1
2133.97, 1612.56
2134.05, 1613
2134.13, 1613.42
2134.21, 1613.84
2134.28, 1614.23
2134.35, 1614.62
2134.42, 1614.99
2134.48, 1615.35
2134.55, 1615.7
2134.61, 1616.05
2134.67, 1616.38
2134.73, 1616.71
2134.79, 1617.03
2134.85, 1617.36
2134.91, 1617.67
2134.97, 1617.99
2135.02, 1618.31
2135.08, 1618.62
2135.14, 1618.94
2135.2, 1619.27
2135.26, 1619.6
2135.32, 1619.93
2135.38, 1620.27
2135.45, 1620.61
2135.51, 1620.97
2135.58, 1621.33
2135.64, 1621.7
2135.71, 1622.07
2135.78, 1622.46
2135.86, 1622.85
2135.93, 1623.25
2136, 1623.66
2136.08, 1624.07
2136.16, 1624.49
2136.23, 1624.91

waypoints
x, y
2129.44, 1587.76
2129.54, 1588.33
2129.64, 1588.89
2129.74, 1589.44
2129.84, 1589.96
2129.93, 1590.47
2130.02, 1590.97
2130.11, 1591.44
2130.2, 1591.9
2130.28, 1592.34
2130.35, 1592.77
2130.43, 1593.18
2130.5, 1593.58
2130.57, 1593.96
2130.64, 1594.33
2130.7, 1594.69
2130.77, 1595.04
2130.83, 1595.38
2130.89, 1595.71
2130.95, 1596.03
2131.01, 1596.35
2131.07, 1596.66
2131.12, 1596.98
2131.18, 1597.29
2131.24, 1597.6
2131.29, 1597.91
2131.35, 1598.23
2131.41, 1598.55
2131.47, 1598.87
2131.53, 1599.2
2131.59, 1599.53
2131.65, 1599.88
2131.72, 1600.23
2131.78, 1600.58
2131.85, 1600.95
2131.92, 1601.33
2131.99, 1601.71
2132.06, 1602.1
2132.13, 1602.5
2132.21, 1602.91
2132.28, 1603.32
2132.36, 1603.74
2132.44, 1604.16
2132.55, 1604.79
2132.67, 1605.42
2132.78, 1606.04
2132.89, 1606.66
2133.01, 1607.27
2133.11, 1607.86
2133.22, 1608.45
2133.32, 1609.02
2133.43, 1609.57
2133.53, 1610.11
2133.62, 1610.63
2133.71, 1611.14
2133.8, 1611.63
2133.89, 1612.1
2133.97, 1612.56
2134.05, 1613
2134.13, 1613.42
2134.21, 1613.84
2134.28, 1614.23
2134.35, 1614.62
2134.42, 1614.99
2134.48, 1615.35
2134.55, 1615.7
2134.61, 1616.05
2134.67, 1616.38
2134.73, 1616.71
2134.79, 1617.04
2134.85, 1617.36
2134.91, 1617.67
2134.97, 1617.99
2135.02, 1618.31
2135.08, 1618.62
2135.14, 1618.94
2135.2, 1619.27
2135.26, 1619.6
2135.32, 1619.93
2135.38, 1620.27
2135.45, 1620.61
2135.51, 1620.97
2135.58, 1621.33
2135.64, 1621.7
2135.71, 1622.07
2135.78, 1622.46
2135.86, 1622.85
2135.93, 1623.25
2136, 1623.66
2136.08, 1624.07
2136.16, 1624.49
2136.23, 1624.91

waypoints
x, y
2129.84, 1589.96
2129.93, 1590.47
2130.02, 1590.97
2130.11, 1591.44
2130.2, 1591.9
2130.28, 1592.34
2130.35, 1592.77
2130.43, 1593.18
2130.5, 1593.58
2130.57, 1593.96
2130.64, 1594.33
2130.7, 1594.69
2130.77, 1595.04
2130.83, 1595.38
2130.89, 1595.71
2130.95, 1596.03
2131.01, 1596.35
2131.07, 1596.66
2131.12, 1596.98
2131.18, 1597.29
2131.24, 1597.6
2131.29, 1597.91
2131.35, 1598.23
2131.41, 1598.55
2131.47, 1598.87
2131.53, 1599.2
2131.59, 1599.53
2131.65, 1599.88
2131.72, 1600.23
2131.78, 1600.58
2131.85, 1600.95
2131.92, 1601.33
2131.99, 1601.71
2132.06, 1602.1
2132.13, 1602.5
2132.21, 1602.91
2132.28, 1603.32
2132.36, 1603.74
2132.44, 1604.16
2132.55, 1604.79
2132.67, 1605.42
2132.78, 1606.04
2132.89, 1606.66
2133.01, 1607.27
2133.11, 1607.86
2133.22, 1608.45
2133.32, 1609.02
2133.43, 1609.57
2133.53, 1610.11
2133.62, 1610.63
2133.71, 1611.14
2133.8, 1611.63
2133.89, 1612.1
2133.97, 1612.56
2134.05, 1613
2134.13, 1613.42
2134.21, 1613.84
2134.28, 1614.23
2134.35, 1614.62
2134.42, 1614.99
2134.48, 1615.35
2134.55, 1615.7
2134.61, 1616.05
2134.67, 1616.38
2134.73, 1616.71
2134.79, 1617.04
2134.85, 1617.36
2134.91, 1617.67
2134.97, 1617.99
2135.02, 1618.31
2135.08, 1618.62
2135.14, 1618.94
2135.2, 1619.27
2135.26, 1619.6
2135.32, 1619.93
2135.38, 1620.27
2135.45, 1620.61
2135.51, 1620.97
2135.58, 1621.33
2135.64, 1621.7
2135.71, 1622.07
2135.78, 1622.46
2135.86, 1622.85
2135.93, 1623.25
2136, 1623.66
2136.08, 1624.07
2136.16, 1624.49
2136.23, 1624.91

waypoints
x, y
2130.2, 1591.9
2130.28, 1592.34
2130.35, 1592.77
2130.43, 1593.18
2130.5, 1593.58
2130.57, 1593.96
2130.64, 1594.33
2130.7, 1594.69
2130.77, 1595.04
2130.83, 1595.38
2130.89, 1595.71
2130.95, 1596.03
2131.01, 1596.35
2131.07, 1596.66
2131.12, 1596.98
2131.18, 1597.29
2131.24, 1597.6
2131.29, 1597.91
2131.35, 1598.23
2131.41, 1598.55
2131.47, 1598.87
2131.53, 1599.2
2131.59, 1599.53
2131.65, 1599.88
2131.72, 1600.23
2131.78, 1600.58
2131.85, 1600.95
2131.92, 1601.33
2131.99, 1601.71
2132.06, 1602.1
2132.13, 1602.5
2132.21, 1602.91
2132.28, 1603.32
2132.36, 1603.74
2132.44, 1604.16
2132.55, 1604.79
2132.67, 1605.42
2132.78, 1606.04
2132.89, 1606.66
2133.01, 1607.27
2133.11, 1607.86
2133.22, 1608.45
2133.32, 1609.02
2133.43, 1609.57
2133.53, 1610.11
2133.62, 1610.63
2133.71, 1611.14
2133.8, 1611.63
2133.89, 1612.1
2133.97, 1612.56
2134.05, 1613
2134.13, 1613.42
2134.21, 1613.84
2134.28, 1614.23
2134.35, 1614.62
2134.42, 1614.99
2134.48, 1615.35
2134.55, 1615.7
2134.61, 1616.05
2134.67, 1616.38
2134.73, 1616.71
2134.79, 1617.04
2134.85, 1617.36
2134.91, 1617.67
2134.97, 1617.99
2135.02, 1618.31
2135.08, 1618.62
2135.14, 1618.94
2135.2, 1619.27
2135.26, 1619.6
2135.32, 1619.93
2135.38, 1620.27
2135.45, 1620.61
2135.51, 1620.97
2135.58, 1621.33
2135.64, 1621.7
2135.71, 1622.07
2135.78, 1622.46
2135.86, 1622.85
2135.93, 1623.25
2136, 1623.66
2136.08, 1624.07
2136.16, 1624.49
2136.23, 1624.91

waypoints
x, y
2130.5, 1593.58
2130.57, 1593.96
2130.64, 1594.33
2130.7, 1594.69
2130.77, 1595.04
2130.83, 1595.38
2130.89, 1595.71
2130.95, 1596.03
2131.01, 1596.35
2131.07, 1596.66
2131.12, 1596.98
2131.18, 1597.29
2131.24, 1597.6
2131.29, 1597.91
2131.35, 1598.23
2131.41, 1598.55
2131.47, 1598.87
2131.53, 1599.2
2131.59, 1599.53
2131.65, 1599.88
2131.72, 1600.23
2131.78, 1600.58
2131.85, 1600.95
2131.92, 1601.33
2131.99, 1601.71
2132.06, 1602.1
2132.13, 1602.5
2132.21, 1602.91
2132.28, 1603.32
2132.36, 1603.74
2132.44, 1604.16
2132.55, 1604.79
2132.67, 1605.42
2132.78, 1606.04
2132.89, 1606.66
2133.01, 1607.27
2133.11, 1607.86
2133.22, 1608.45
2133.32, 1609.02
2133.43, 1609.57
2133.53, 1610.11
2133.62, 1610.63
2133.71, 1611.14
2133.8, 1611.63
2133.89, 1612.1
2133.97, 1612.56
2134.05, 1613
2134.13, 1613.42
2134.21, 1613.84
2134.28, 1614.23
2134.35, 1614.62
2134.42, 1614.99
2134.48, 1615.35
2134.55, 1615.7
2134.61, 1616.05
2134.67, 1616.38
2134.73, 1616.71
2134.79, 1617.04
2134.85, 1617.36
2134.91, 1617.67
2134.97, 1617.99
2135.02, 1618.31
2135.08, 1618.62
2135.14, 1618.94
2135.2, 1619.27
2135.26, 1619.6
2135.32, 1619.93
2135.38, 1620.27
2135.45, 1620.61
2135.51, 1620.97
2135.58, 1621.33
2135.64, 1621.7
2135.71, 1622.07
2135.78, 1622.46
2135.86, 1622.85
2135.93, 1623.25
2136, 1623.66
2136.08, 1624.07
2136.16, 1624.49
2136.23, 1624.91

waypoints
x, y
2130.7, 1594.69
2130.77, 1595.04
2130.83, 1595.38
2130.89, 1595.71
2130.95, 1596.03
2131.01, 1596.35
2131.07, 1596.66
2131.12, 1596.98
2131.18, 1597.29
2131.24, 1597.6
2131.29, 1597.91
2131.35, 1598.23
2131.41, 1598.55
2131.47, 1598.87
2131.53, 1599.2
2131.59, 1599.53
2131.65, 1599.88
2131.72, 1600.23
2131.78, 1600.58
2131.85, 1600.95
2131.92, 1601.33
2131.99, 1601.71
2132.06, 1602.1
2132.13, 1602.5
2132.21, 1602.91
2132.28, 1603.32
2132.36, 1603.74
2132.44, 1604.16
2132.55, 1604.79
2132.67, 1605.42
2132.78, 1606.04
2132.89, 1606.66
2133.01, 1607.27
2133.11, 1607.86
2133.22, 1608.45
2133.32, 1609.02
2133.43, 1609.57
2133.53, 1610.11
2133.62, 1610.63
2133.71, 1611.14
2133.8, 1611.63
2133.89, 1612.1
2133.97, 1612.56
2134.05, 1613
2134.13, 1613.42
2134.21, 1613.84
2134.28, 1614.23
2134.35, 1614.62
2134.42, 1614.99
2134.48, 1615.35
2134.55, 1615.7
2134.61, 1616.05
2134.67, 1616.38
2134.73, 1616.71
2134.79, 1617.04
2134.85, 1617.36
2134.91, 1617.67
2134.97, 1617.99
2135.02, 1618.31
2135.08, 1618.62
2135.14, 1618.94
2135.2, 1619.27
2135.26, 1619.6
2135.32, 1619.93
2135.38, 1620.27
2135.45, 1620.61
2135.51, 1620.97
2135.58, 1621.33
2135.64, 1621.7
2135.71, 1622.07
2135.78, 1622.46
2135.86, 1622.85
2135.93, 1623.25
2136, 1623.66
2136.08, 1624.07
2136.16, 1624.49
2136.23, 1624.91

waypoints
x, y
2130.95, 1596.03
2131.01, 1596.35
2131.07, 1596.66
2131.12, 1596.98
2131.18, 1597.29
2131.24, 1597.6
2131.29, 1597.91
2131.35, 1598.23
2131.41, 1598.55
2131.47, 1598.87
2131.53, 1599.2
2131.59, 1599.53
2131.65, 1599.88
2131.72, 1600.23
2131.78, 1600.58
2131.85, 1600.95
2131.92, 1601.33
2131.99, 1601.71
2132.06, 1602.1
2132.13, 1602.5
2132.21, 1602.91
2132.28, 1603.32
2132.36, 1603.74
2132.44, 1604.16
2132.55, 1604.79
2132.67, 1605.42
2132.78, 1606.04
2132.89, 1606.66
2133.01, 1607.27
2133.11, 1607.86
2133.22, 1608.45
2133.32, 1609.02
2133.43, 1609.57
2133.53, 1610.11
2133.62, 1610.63
2133.71, 1611.14
2133.8, 1611.63
2133.89, 1612.1
2133.97, 1612.56
2134.05, 1613
2134.13, 1613.42
2134.21, 1613.84
2134.28, 1614.23
2134.35, 1614.62
2134.42, 1614.99
2134.48, 1615.35
2134.55, 1615.7
2134.61, 1616.05
2134.67, 1616.38
2134.73, 1616.71
2134.79, 1617.04
2134.85, 1617.36
2134.91, 1617.67
2134.97, 1617.99
2135.02, 1618.31
2135.08, 1618.62
2135.14, 1618.94
2135.2, 1619.27
2135.26, 1619.6
2135.32, 1619.93
2135.38, 1620.27
2135.45, 1620.61
2135.51, 1620.97
2135.58, 1621.33
2135.64, 1621.7
2135.71, 1622.07
2135.78, 1622.46
2135.86, 1622.85
2135.93, 1623.25
2136, 1623.66
2136.08, 1624.07
2136.16, 1624.49
2136.23, 1624.91

waypoints
x, y
2131.18, 1597.29
2131.24, 1597.6
2131.29, 1597.91
2131.35, 1598.23
2131.41, 1598.55
2131.47, 1598.87
2131.53, 1599.2
2131.59, 1599.53
2131.65, 1599.88
2131.72, 1600.23
2131.78, 1600.58
2131.85, 1600.95
2131.92, 1601.33
2131.99, 1601.71
2132.06, 1602.1
2132.13, 1602.5
2132.21, 1602.91
2132.28, 1603.32
2132.36, 1603.74
2132.44, 1604.16
2132.55, 1604.79
2132.67, 1605.42
2132.78, 1606.04
2132.89, 1606.66
2133.01, 1607.27
2133.11, 1607.86
2133.22, 1608.45
2133.32, 1609.02
2133.43, 1609.57
2133.53, 1610.11
2133.62, 1610.63
2133.71, 1611.14
2133.8, 1611.63
2133.89, 1612.1
2133.97, 1612.56
2134.05, 1613
2134.13, 1613.42
2134.21, 1613.84
2134.28, 1614.23
2134.35, 1614.62
2134.42, 1614.99
2134.48, 1615.35
2134.55, 1615.7
2134.61, 1616.05
2134.67, 1616.38
2134.73, 1616.71
2134.79, 1617.04
2134.85, 1617.36
2134.91, 1617.67
2134.97, 1617.99
2135.02, 1618.31
2135.08, 1618.62
2135.14, 1618.94
2135.2, 1619.27
2135.26, 1619.6
2135.32, 1619.93
2135.38, 1620.27
2135.45, 1620.61
2135.51, 1620.97
2135.58, 1621.33
2135.64, 1621.7
2135.71, 1622.07
2135.78, 1622.46
2135.86, 1622.85
2135.93, 1623.25
2136, 1623.66
2136.08, 1624.07
2136.16, 1624.49
2136.23, 1624.91

waypoints
x, y
2131.35, 1598.23
2131.41, 1598.55
2131.47, 1598.87
2131.53, 1599.2
2131.59, 1599.53
2131.65, 1599.88
2131.72, 1600.23
2131.78, 1600.58
2131.85, 1600.95
2131.92, 1601.33
2131.99, 1601.71
2132.06, 1602.1
2132.13, 1602.5
2132.21, 1602.91
2132.28, 1603.32
2132.36, 1603.74
2132.44, 1604.16
2132.55, 1604.79
2132.67, 1605.42
2132.78, 1606.04
2132.89, 1606.66
2133.01, 1607.27
2133.11, 1607.86
2133.22, 1608.45
2133.32, 1609.02
2133.43, 1609.57
2133.53, 1610.11
2133.62, 1610.63
2133.71, 1611.14
2133.8, 1611.63
2133.89, 1612.1
2133.97, 1612.56
2134.05, 1613
2134.13, 1613.42
2134.21, 1613.84
2134.28, 1614.23
2134.35, 1614.62
2134.42, 1614.99
2134.48, 1615.35
2134.55, 1615.7
2134.61, 1616.05
2134.67, 1616.38
2134.73, 1616.71
2134.79, 1617.04
2134.85, 1617.36
2134.91, 1617.67
2134.97, 1617.99
2135.02, 1618.31
2135.08, 1618.62
2135.14, 1618.94
2135.2, 1619.27
2135.26, 1619.6
2135.32, 1619.93
2135.38, 1620.27
2135.45, 1620.61
2135.51, 1620.97
2135.58, 1621.33
2135.64, 1621.7
2135.71, 1622.07
2135.78, 1622.46
2135.86, 1622.85
2135.93, 1623.25
2136, 1623.66
2136.08, 1624.07
2136.16, 1624.49
2136.23, 1624.91

waypoints
x, y
2131.59, 1599.53
2131.65, 1599.88
2131.72, 1600.23
2131.78, 1600.58
2131.85, 1600.95
2131.92, 1601.33
2131.99, 1601.71
2132.06, 1602.1
2132.13, 1602.5
2132.21, 1602.91
2132.28, 1603.32
2132.36, 1603.74
2132.44, 1604.16
2132.55, 1604.79
2132.67, 1605.42
2132.78, 1606.04
2132.89, 1606.66
2133.01, 1607.27
2133.11, 1607.86
2133.22, 1608.45
2133.32, 1609.02
2133.43, 1609.57
2133.53, 1610.11
2133.62, 1610.63
2133.71, 1611.14
2133.8, 1611.63
2133.89, 1612.1
2133.97, 1612.56
2134.05, 1613
2134.13, 1613.42
2134.21, 1613.84
2134.28, 1614.23
2134.35, 1614.62
2134.42, 1614.99
2134.48, 1615.35
2134.55, 1615.7
2134.61, 1616.05
2134.67, 1616.38
2134.73, 1616.71
2134.79, 1617.04
2134.85, 1617.36
2134.91, 1617.67
2134.97, 1617.99
2135.02, 1618.31
2135.08, 1618.62
2135.14, 1618.94
2135.2, 1619.27
2135.26, 1619.6
2135.32, 1619.93
2135.38, 1620.27
2135.45, 1620.61
2135.51, 1620.97
2135.58, 1621.33
2135.64, 1621.7
2135.71, 1622.07
2135.78, 1622.46
2135.86, 1622.85
2135.93, 1623.25
2136, 1623.66
2136.08, 1624.07
2136.16, 1624.49
2136.23, 1624.91

waypoints
x, y
2131.85, 1600.95
2131.92, 1601.33
2131.99, 1601.71
2132.06, 1602.1
2132.13, 1602.5
2132.21, 1602.91
2132.28, 1603.32
2132.36, 1603.74
2132.44, 1604.16
2132.55, 1604.79
2132.67, 1605.42
2132.78, 1606.04
2132.89, 1606.66
2133.01, 1607.27
2133.11, 1607.86
2133.22, 1608.45
2133.32, 1609.02
2133.43, 1609.57
2133.53, 1610.11
2133.62, 1610.63
2133.71, 1611.14
2133.8, 1611.63
2133.89, 1612.1
2133.97, 1612.56
2134.05, 1613
2134.13, 1613.42
2134.21, 1613.84
2134.28, 1614.23
2134.35, 1614.62
2134.42, 1614.99
2134.48, 1615.35
2134.55, 1615.7
2134.61, 1616.05
2134.67, 1616.38
2134.73, 1616.71
2134.79, 1617.04
2134.85, 1617.36
2134.91, 1617.67
2134.97, 1617.99
2135.02, 1618.31
2135.08, 1618.62
2135.14, 1618.94
2135.2, 1619.27
2135.26, 1619.6
2135.32, 1619.93
2135.38, 1620.27
2135.45, 1620.61
2135.51, 1620.97
2135.58, 1621.33
2135.64, 1621.7
2135.71, 1622.07
2135.78, 1622.46
2135.86, 1622.85
2135.93, 1623.25
2136, 1623.66
2136.08, 1624.07
2136.16, 1624.49
2136.23, 1624.91

waypoints
x, y
2132.13, 1602.5
2132.21, 1602.91
2132.28, 1603.32
2132.36, 1603.74
2132.44, 1604.16
2132.55, 1604.79
2132.67, 1605.42
2132.78, 1606.04
2132.89, 1606.66
2133.01, 1607.27
2133.11, 1607.86
2133.22, 1608.45
2133.32, 1609.02
2133.43, 1609.57
2133.53, 1610.11
2133.62, 1610.63
2133.71, 1611.14
2133.8, 1611.63
2133.89, 1612.1
2133.97, 1612.56
2134.05, 1613
2134.13, 1613.42
2134.21, 1613.84
2134.28, 1614.23
2134.35, 1614.62
2134.42, 1614.99
2134.48, 1615.35
2134.55, 1615.7
2134.61, 1616.05
2134.67, 1616.38
2134.73, 1616.71
2134.79, 1617.04
2134.85, 1617.36
2134.91, 1617.67
2134.97, 1617.99
2135.02, 1618.31
2135.08, 1618.62
2135.14, 1618.94
2135.2, 1619.27
2135.26, 1619.6
2135.32, 1619.93
2135.38, 1620.27
2135.45, 1620.61
2135.51, 1620.97
2135.58, 1621.33
2135.64, 1621.7
2135.71, 1622.07
2135.78, 1622.46
2135.86, 1622.85
2135.93, 1623.25
2136, 1623.66
2136.08, 1624.07
2136.16, 1624.49
2136.23, 1624.91

waypoints
x, y
2132.44, 1604.16
2132.55, 1604.79
2132.67, 1605.42
2132.78, 1606.04
2132.89, 1606.66
2133.01, 1607.27
2133.11, 1607.86
2133.22, 1608.45
2133.32, 1609.02
2133.43, 1609.57
2133.53, 1610.11
2133.62, 1610.63
2133.71, 1611.14
2133.8, 1611.63
2133.89, 1612.1
2133.97, 1612.56
2134.05, 1613
2134.13, 1613.42
2134.21, 1613.84
2134.28, 1614.23
2134.35, 1614.62
2134.42, 1614.99
2134.48, 1615.35
2134.55, 1615.7
2134.61, 1616.05
2134.67, 1616.38
2134.73, 1616.71
2134.79, 1617.04
2134.85, 1617.36
2134.91, 1617.67
2134.97, 1617.99
2135.02, 1618.31
2135.08, 1618.62
2135.14, 1618.94
2135.2, 1619.27
2135.26, 1619.6
2135.32, 1619.93
2135.38, 1620.27
2135.45, 1620.61
2135.51, 1620.97
2135.58, 1621.33
2135.64, 1621.7
2135.71, 1622.07
2135.78, 1622.46
2135.86, 1622.85
2135.93, 1623.25
2136, 1623.66
2136.08, 1624.07
2136.16, 1624.49
2136.23, 1624.91

waypoints
x, y
2132.78, 1606.04
2132.89, 1606.66
2133.01, 1607.27
2133.11, 1607.86
2133.22, 1608.45
2133.32, 1609.02
2133.43, 1609.57
2133.53, 1610.11
2133.62, 1610.63
2133.71, 1611.14
2133.8, 1611.63
2133.89, 1612.1
2133.97, 1612.56
2134.05, 1613
2134.13, 1613.42
2134.21, 1613.84
2134.28, 1614.23
2134.35, 1614.62
2134.42, 1614.99
2134.48, 1615.35
2134.55, 1615.7
2134.61, 1616.05
2134.67, 1616.38
2134.73, 1616.71
2134.79, 1617.04
2134.85, 1617.36
2134.91, 1617.67
2134.97, 1617.99
2135.02, 1618.31
2135.08, 1618.62
2135.14, 1618.94
2135.2, 1619.27
2135.26, 1619.6
2135.32, 1619.93
2135.38, 1620.27
2135.45, 1620.61
2135.51, 1620.97
2135.58, 1621.33
2135.64, 1621.7
2135.71, 1622.07
2135.78, 1622.46
2135.86, 1622.85
2135.93, 1623.25
2136, 1623.66
2136.08, 1624.07
2136.16, 1624.49
2136.23, 1624.91
2136.35, 1625.54
2136.46, 1626.17
2136.58, 1626.79
2136.69, 1627.4
2136.8, 1628
2136.91, 1628.6
2137.01, 1629.18
2137.12, 1629.74
2137.22, 1630.3
2137.32, 1630.83
2137.41, 1631.35
2137.5, 1631.86
2137.59, 1632.35
2137.68, 1632.82
2137.76, 1633.27
2137.84, 1633.72
2137.92, 1634.14
2138, 1634.55
2138.05, 1634.85
2138.14, 1635.23
2138.23, 1635.6
2138.31, 1635.96
2138.4, 1636.3
2138.48, 1636.64
2138.56, 1636.98
2138.63, 1637.3
2138.71, 1637.63
2138.79, 1637.95
2138.86, 1638.26
2138.94, 1638.58
2139.01, 1638.89
2139.09, 1639.21
2139.16, 1639.53
2139.24, 1639.85
2139.32, 1640.17
2139.4, 1640.5
2139.48, 1640.84
2139.56, 1641.19
2139.64, 1641.54
2139.73, 1641.89
2139.82, 1642.26
2139.91, 1642.63
2140, 1643.02
2140.09, 1643.4
2140.19, 1643.8
2140.28, 1644.2
2140.38, 1644.61
2140.48, 1645.03
2140.58, 1645.44

waypoints
x, y
2133.22, 1608.45
2133.32, 1609.02
2133.43, 1609.57
2133.53, 1610.11
2133.62, 1610.63
2133.71, 1611.14
2133.8, 1611.63
2133.89, 1612.1
2133.97, 1612.56
2134.05, 1613
2134.13, 1613.42
2134.21, 1613.84
2134.28, 1614.23
2134.35, 1614.62
2134.42, 1614.99
2134.48, 1615.35
2134.55, 1615.7
2134.61, 1616.05
2134.67, 1616.38
2134.73, 1616.71
2134.79, 1617.04
2134.85, 1617.36
2134.91, 1617.67
2134.97, 1617.99
2135.02, 1618.31
2135.08, 1618.62
2135.14, 1618.94
2135.2, 1619.27
2135.26, 1619.6
2135.32, 1619.93
2135.38, 1620.27
2135.45, 1620.61
2135.51, 1620.97
2135.58, 1621.33
2135.64, 1621.7
2135.71, 1622.07
2135.78, 1622.46
2135.86, 1622.85
2135.93, 1623.25
2136, 1623.66
2136.08, 1624.07
2136.16, 1624.49
2136.23, 1624.91
2136.35, 1625.54
2136.46, 1626.17
2136.58, 1626.79
2136.69, 1627.4
2136.8, 1628
2136.91, 1628.6
2137.01, 1629.18
2137.12, 1629.74
2137.22, 1630.3
2137.32, 1630.83
2137.41, 1631.35
2137.5, 1631.86
2137.59, 1632.35
2137.68, 1632.82
2137.76, 1633.28
2137.84, 1633.72
2137.92, 1634.14
2138, 1634.55
2138.05, 1634.85
2138.14, 1635.23
2138.23, 1635.6
2138.31, 1635.95
2138.4, 1636.3
2138.48, 1636.64
2138.56, 1636.98
2138.64, 1637.31
2138.71, 1637.63
2138.79, 1637.95
2138.86, 1638.26
2138.94, 1638.58
2139.01, 1638.89
2139.09, 1639.21
2139.16, 1639.53
2139.24, 1639.85
2139.32, 1640.17
2139.4, 1640.51
2139.48, 1640.84
2139.56, 1641.18
2139.64, 1641.54
2139.73, 1641.89
2139.82, 1642.26
2139.91, 1642.63
2140, 1643.02
2140.09, 1643.4
2140.18, 1643.8
2140.28, 1644.2
2140.38, 1644.61
2140.48, 1645.03
2140.58, 1645.44

waypoints
x, y
2133.71, 1611.14
2133.8, 1611.63
2133.89, 1612.1
2133.97, 1612.56
2134.05, 1613
2134.13, 1613.42
2134.21, 1613.84
2134.28, 1614.23
2134.35, 1614.62
2134.42, 1614.99
2134.48, 1615.35
2134.55, 1615.7
2134.61, 1616.05
2134.67, 1616.38
2134.73, 1616.71
2134.79, 1617.04
2134.85, 1617.36
2134.91, 1617.67
2134.97, 1617.99
2135.02, 1618.31
2135.08, 1618.62
2135.14, 1618.94
2135.2, 1619.27
2135.26, 1619.6
2135.32, 1619.93
2135.38, 1620.27
2135.45, 1620.61
2135.51, 1620.97
2135.58, 1621.33
2135.64, 1621.7
2135.71, 1622.07
2135.78, 1622.46
2135.86, 1622.85
2135.93, 1623.25
2136, 1623.66
2136.08, 1624.07
2136.16, 1624.49
2136.23, 1624.91
2136.35, 1625.54
2136.46, 1626.17
2136.58, 1626.79
2136.69, 1627.4
2136.8, 1628
2136.91, 1628.6
2137.01, 1629.18
2137.12, 1629.74
2137.22, 1630.3
2137.32, 1630.83
2137.41, 1631.35
2137.5, 1631.86
2137.59, 1632.35
2137.68, 1632.82
2137.76, 1633.28
2137.84, 1633.72
2137.92, 1634.14
2138, 1634.55
2138.05, 1634.85
2138.14, 1635.23
2138.23, 1635.6
2138.31, 1635.95
2138.4, 1636.3
2138.48, 1636.64
2138.56, 1636.98
2138.64, 1637.31
2138.71, 1637.63
2138.79, 1637.95
2138.86, 1638.26
2138.94, 1638.58
2139.01, 1638.89
2139.09, 1639.21
2139.16, 1639.53
2139.24, 1639.85
2139.32, 1640.17
2139.4, 1640.51
2139.48, 1640.84
2139.56, 1641.18
2139.64, 1641.54
2139.73, 1641.89
2139.82, 1642.26
2139.91, 1642.63
2140, 1643.02
2140.09, 1643.4
2140.18, 1643.8
2140.28, 1644.2
2140.38, 1644.61
2140.48, 1645.03
2140.58, 1645.44

waypoints
x, y
2133.97, 1612.56
2134.05, 1613
2134.13, 1613.42
2134.21, 1613.84
2134.28, 1614.23
2134.35, 1614.62
2134.42, 1614.99
2134.48, 1615.35
2134.55, 1615.7
2134.61, 1616.05
2134.67, 1616.38
2134.73, 1616.71
2134.79, 1617.04
2134.85, 1617.36
2134.91, 1617.67
2134.97, 1617.99
2135.02, 1618.31
2135.08, 1618.62
2135.14, 1618.94
2135.2, 1619.27
2135.26, 1619.6
2135.32, 1619.93
2135.38, 1620.27
2135.45, 1620.61
2135.51, 1620.97
2135.58, 1621.33
2135.64, 1621.7
2135.71, 1622.07
2135.78, 1622.46
2135.86, 1622.85
2135.93, 1623.25
2136, 1623.66
2136.08, 1624.07
2136.16, 1624.49
2136.23, 1624.91
2136.35, 1625.54
2136.46, 1626.17
2136.58, 1626.79
2136.69, 1627.4
2136.8, 1628
2136.91, 1628.6
2137.01, 1629.18
2137.12, 1629.74
2137.22, 1630.3
2137.32, 1630.83
2137.41, 1631.35
2137.5, 1631.86
2137.59, 1632.35
2137.68, 1632.82
2137.76, 1633.28
2137.84, 1633.72
2137.92, 1634.14
2138, 1634.55
2138.05, 1634.85
2138.14, 1635.23
2138.23, 1635.6
2138.31, 1635.95
2138.4, 1636.3
2138.48, 1636.64
2138.56, 1636.98
2138.64, 1637.31
2138.71, 1637.63
2138.79, 1637.95
2138.86, 1638.26
2138.94, 1638.58
2139.01, 1638.89
2139.09, 1639.21
2139.16, 1639.53
2139.24, 1639.85
2139.32, 1640.17
2139.4, 1640.51
2139.48, 1640.84
2139.56, 1641.18
2139.64, 1641.54
2139.73, 1641.89
2139.82, 1642.26
2139.91, 1642.63
2140, 1643.02
2140.09, 1643.4
2140.18, 1643.8
2140.28, 1644.2
2140.38, 1644.61
2140.48, 1645.03
2140.58, 1645.44

waypoints
x, y
2134.28, 1614.23
2134.35, 1614.62
2134.42, 1614.99
2134.48, 1615.35
2134.55, 1615.7
2134.61, 1616.05
2134.67, 1616.38
2134.73, 1616.71
2134.79, 1617.04
2134.85, 1617.36
2134.91, 1617.67
2134.97, 1617.99
2135.02, 1618.31
2135.08, 1618.62
2135.14, 1618.94
2135.2, 1619.27
2135.26, 1619.6
2135.32, 1619.93
2135.38, 1620.27
2135.45, 1620.61
2135.51, 1620.97
2135.58, 1621.33
2135.64, 1621.7
2135.71, 1622.07
2135.78, 1622.46
2135.86, 1622.85
2135.93, 1623.25
2136, 1623.66
2136.08, 1624.07
2136.16, 1624.49
2136.23, 1624.91
2136.35, 1625.54
2136.46, 1626.17
2136.58, 1626.79
2136.69, 1627.4
2136.8, 1628
2136.91, 1628.6
2137.01, 1629.18
2137.12, 1629.74
2137.22, 1630.3
2137.32, 1630.83
2137.41, 1631.35
2137.5, 1631.86
2137.59, 1632.35
2137.68, 1632.82
2137.76, 1633.28
2137.84, 1633.72
2137.92, 1634.14
2138, 1634.55
2138.05, 1634.85
2138.14, 1635.23
2138.23, 1635.6
2138.31, 1635.95
2138.4, 1636.3
2138.48, 1636.64
2138.56, 1636.98
2138.64, 1637.31
2138.71, 1637.63
2138.79, 1637.95
2138.86, 1638.26
2138.94, 1638.58
2139.01, 1638.89
2139.09, 1639.21
2139.16, 1639.53
2139.24, 1639.85
2139.32, 1640.17
2139.4, 1640.51
2139.48, 1640.84
2139.56, 1641.18
2139.64, 1641.54
2139.73, 1641.89
2139.82, 1642.26
2139.91, 1642.63
2140, 1643.02
2140.09, 1643.4
2140.18, 1643.8
2140.28, 1644.2
2140.38, 1644.61
2140.48, 1645.03
2140.58, 1645.44

waypoints
x, y
2134.48, 1615.35
2134.55, 1615.7
2134.61, 1616.05
2134.67, 1616.38
2134.73, 1616.71
2134.79, 1617.04
2134.85, 1617.36
2134.91, 1617.67
2134.97, 1617.99
2135.02, 1618.31
2135.08, 1618.62
2135.14, 1618.94
2135.2, 1619.27
2135.26, 1619.6
2135.32, 1619.93
2135.38, 1620.27
2135.45, 1620.61
2135.51, 1620.97
2135.58, 1621.33
2135.64, 1621.7
2135.71, 1622.07
2135.78, 1622.46
2135.86, 1622.85
2135.93, 1623.25
2136, 1623.66
2136.08, 1624.07
2136.16, 1624.49
2136.23, 1624.91
2136.35, 1625.54
2136.46, 1626.17
2136.58, 1626.79
2136.69, 1627.4
2136.8, 1628
2136.91, 1628.6
2137.01, 1629.18
2137.12, 1629.74
2137.22, 1630.3
2137.32, 1630.83
2137.41, 1631.35
2137.5, 1631.86
2137.59, 1632.35
2137.68, 1632.82
2137.76, 1633.28
2137.84, 1633.72
2137.92, 1634.14
2138, 1634.55
2138.05, 1634.85
2138.14, 1635.23
2138.23, 1635.6
2138.31, 1635.95
2138.4, 1636.3
2138.48, 1636.64
2138.56, 1636.98
2138.64, 1637.31
2138.71, 1637.63
2138.79, 1637.95
2138.86, 1638.26
2138.94, 1638.58
2139.01, 1638.89
2139.09, 1639.21
2139.16, 1639.53
2139.24, 1639.85
2139.32, 1640.17
2139.4, 1640.51
2139.48, 1640.84
2139.56, 1641.18
2139.64, 1641.54
2139.73, 1641.89
2139.82, 1642.26
2139.91, 1642.63
2140, 1643.02
2140.09, 1643.4
2140.18, 1643.8
2140.28, 1644.2
2140.38, 1644.61
2140.48, 1645.03
2140.58, 1645.44

waypoints
x, y
2134.73, 1616.71
2134.79, 1617.04
2134.85, 1617.36
2134.91, 1617.67
2134.97, 1617.99
2135.02, 1618.31
2135.08, 1618.62
2135.14, 1618.94
2135.2, 1619.27
2135.26, 1619.6
2135.32, 1619.93
2135.38, 1620.27
2135.45, 1620.61
2135.51, 1620.97
2135.58, 1621.33
2135.64, 1621.7
2135.71, 1622.07
2135.78, 1622.46
2135.86, 1622.85
2135.93, 1623.25
2136, 1623.66
2136.08, 1624.07
2136.16, 1624.49
2136.23, 1624.91
2136.35, 1625.54
2136.46, 1626.17
2136.58, 1626.79
2136.69, 1627.4
2136.8, 1628
2136.91, 1628.6
2137.01, 1629.18
2137.12, 1629.74
2137.22, 1630.3
2137.32, 1630.83
2137.41, 1631.35
2137.5, 1631.86
2137.59, 1632.35
2137.68, 1632.82
2137.76, 1633.28
2137.84, 1633.72
2137.92, 1634.14
2138, 1634.55
2138.05, 1634.85
2138.14, 1635.23
2138.23, 1635.6
2138.31, 1635.95
2138.4, 1636.3
2138.48, 1636.64
2138.56, 1636.98
2138.64, 1637.31
2138.71, 1637.63
2138.79, 1637.95
2138.86, 1638.26
2138.94, 1638.58
2139.01, 1638.89
2139.09, 1639.21
2139.16, 1639.53
2139.24, 1639.85
2139.32, 1640.17
2139.4, 1640.51
2139.48, 1640.84
2139.56, 1641.18
2139.64, 1641.54
2139.73, 1641.89
2139.82, 1642.26
2139.91, 1642.63
2140, 1643.02
2140.09, 1643.4
2140.18, 1643.8
2140.28, 1644.2
2140.38, 1644.61
2140.48, 1645.03
2140.58, 1645.44

waypoints
x, y
2134.97, 1617.99
2135.02, 1618.31
2135.08, 1618.62
2135.14, 1618.94
2135.2, 1619.27
2135.26, 1619.6
2135.32, 1619.93
2135.38, 1620.27
2135.45, 1620.61
2135.51, 1620.97
2135.58, 1621.33
2135.64, 1621.7
2135.71, 1622.07
2135.78, 1622.46
2135.86, 1622.85
2135.93, 1623.25
2136, 1623.66
2136.08, 1624.07
2136.16, 1624.49
2136.23, 1624.91
2136.35, 1625.54
2136.46, 1626.17
2136.58, 1626.79
2136.69, 1627.4
2136.8, 1628
2136.91, 1628.6
2137.01, 1629.18
2137.12, 1629.74
2137.22, 1630.3
2137.32, 1630.83
2137.41, 1631.35
2137.5, 1631.86
2137.59, 1632.35
2137.68, 1632.82
2137.76, 1633.28
2137.84, 1633.72
2137.92, 1634.14
2138, 1634.55
2138.05, 1634.85
2138.14, 1635.23
2138.23, 1635.6
2138.31, 1635.95
2138.4, 1636.3
2138.48, 1636.64
2138.56, 1636.98
2138.64, 1637.31
2138.71, 1637.63
2138.79, 1637.95
2138.86, 1638.26
2138.94, 1638.58
2139.01, 1638.89
2139.09, 1639.21
2139.16, 1639.53
2139.24, 1639.85
2139.32, 1640.17
2139.4, 1640.51
2139.48, 1640.84
2139.56, 1641.18
2139.64, 1641.54
2139.73, 1641.89
2139.82, 1642.26
2139.91, 1642.63
2140, 1643.02
2140.09, 1643.4
2140.18, 1643.8
2140.28, 1644.2
2140.38, 1644.61
2140.48, 1645.03
2140.58, 1645.44

waypoints
x, y
2135.2, 1619.27
2135.26, 1619.6
2135.32, 1619.93
2135.38, 1620.27
2135.45, 1620.61
2135.51, 1620.97
2135.58, 1621.33
2135.64, 1621.7
2135.71, 1622.07
2135.78, 1622.46
2135.86, 1622.85
2135.93, 1623.25
2136, 1623.66
2136.08, 1624.07
2136.16, 1624.49
2136.23, 1624.91
2136.35, 1625.54
2136.46, 1626.17
2136.58, 1626.79
2136.69, 1627.4
2136.8, 1628
2136.91, 1628.6
2137.01, 1629.18
2137.12, 1629.74
2137.22, 1630.3
2137.32, 1630.83
2137.41, 1631.35
2137.5, 1631.86
2137.59, 1632.35
2137.68, 1632.82
2137.76, 1633.28
2137.84, 1633.72
2137.92, 1634.14
2138, 1634.55
2138.05, 1634.85
2138.14, 1635.23
2138.23, 1635.6
2138.31, 1635.95
2138.4, 1636.3
2138.48, 1636.64
2138.56, 1636.98
2138.64, 1637.31
2138.71, 1637.63
2138.79, 1637.95
2138.86, 1638.26
2138.94, 1638.58
2139.01, 1638.89
2139.09, 1639.21
2139.16, 1639.53
2139.24, 1639.85
2139.32, 1640.17
2139.4, 1640.51
2139.48, 1640.84
2139.56, 1641.18
2139.64, 1641.54
2139.73, 1641.89
2139.82, 1642.26
2139.91, 1642.63
2140, 1643.02
2140.09, 1643.4
2140.18, 1643.8
2140.28, 1644.2
2140.38, 1644.61
2140.48, 1645.03
2140.58, 1645.44

waypoints
x, y
2135.38, 1620.27
2135.45, 1620.61
2135.51, 1620.97
2135.58, 1621.33
2135.64, 1621.7
2135.71, 1622.07
2135.78, 1622.46
2135.86, 1622.85
2135.93, 1623.25
2136, 1623.66
2136.08, 1624.07
2136.16, 1624.49
2136.23, 1624.91
2136.35, 1625.54
2136.46, 1626.17
2136.58, 1626.79
2136.69, 1627.4
2136.8, 1628
2136.91, 1628.6
2137.01, 1629.18
2137.12, 1629.74
2137.22, 1630.3
2137.32, 1630.83
2137.41, 1631.35
2137.5, 1631.86
2137.59, 1632.35
2137.68, 1632.82
2137.76, 1633.28
2137.84, 1633.72
2137.92, 1634.14
2138, 1634.55
2138.05, 1634.85
2138.14, 1635.23
2138.23, 1635.6
2138.31, 1635.95
2138.4, 1636.3
2138.48, 1636.64
2138.56, 1636.98
2138.64, 1637.31
2138.71, 1637.63
2138.79, 1637.95
2138.86, 1638.26
2138.94, 1638.58
2139.01, 1638.89
2139.09, 1639.21
2139.16, 1639.53
2139.24, 1639.85
2139.32, 1640.17
2139.4, 1640.51
2139.48, 1640.84
2139.56, 1641.18
2139.64, 1641.54
2139.73, 1641.89
2139.82, 1642.26
2139.91, 1642.63
2140, 1643.02
2140.09, 1643.4
2140.18, 1643.8
2140.28, 1644.2
2140.38, 1644.61
2140.48, 1645.03
2140.58, 1645.44

waypoints
x, y
2135.64, 1621.7
2135.71, 1622.07
2135.78, 1622.46
2135.86, 1622.85
2135.93, 1623.25
2136, 1623.66
2136.08, 1624.07
2136.16, 1624.49
2136.23, 1624.91
2136.35, 1625.54
2136.46, 1626.17
2136.58, 1626.79
2136.69, 1627.4
2136.8, 1628
2136.91, 1628.6
2137.01, 1629.18
2137.12, 1629.74
2137.22, 1630.3
2137.32, 1630.83
2137.41, 1631.35
2137.5, 1631.86
2137.59, 1632.35
2137.68, 1632.82
2137.76, 1633.28
2137.84, 1633.72
2137.92, 1634.14
2138, 1634.55
2138.05, 1634.85
2138.14, 1635.23
2138.23, 1635.6
2138.31, 1635.95
2138.4, 1636.3
2138.48, 1636.64
2138.56, 1636.98
2138.64, 1637.31
2138.71, 1637.63
2138.79, 1637.95
2138.86, 1638.26
2138.94, 1638.58
2139.01, 1638.89
2139.09, 1639.21
2139.16, 1639.53
2139.24, 1639.85
2139.32, 1640.17
2139.4, 1640.51
2139.48, 1640.84
2139.56, 1641.18
2139.64, 1641.54
2139.73, 1641.89
2139.82, 1642.26
2139.91, 1642.63
2140, 1643.02
2140.09, 1643.4
2140.18, 1643.8
2140.28, 1644.2
2140.38, 1644.61
2140.48, 1645.03
2140.58, 1645.44

waypoints
x, y
2135.93, 1623.25
2136, 1623.66
2136.08, 1624.07
2136.16, 1624.49
2136.23, 1624.91
2136.35, 1625.54
2136.46, 1626.17
2136.58, 1626.79
2136.69, 1627.4
2136.8, 1628
2136.91, 1628.6
2137.01, 1629.18
2137.12, 1629.74
2137.22, 1630.3
2137.32, 1630.83
2137.41, 1631.35
2137.5, 1631.86
2137.59, 1632.35
2137.68, 1632.82
2137.76, 1633.28
2137.84, 1633.72
2137.92, 1634.14
2138, 1634.55
2138.05, 1634.85
2138.14, 1635.23
2138.23, 1635.6
2138.31, 1635.95
2138.4, 1636.3
2138.48, 1636.64
2138.56, 1636.98
2138.64, 1637.31
2138.71, 1637.63
2138.79, 1637.95
2138.86, 1638.26
2138.94, 1638.58
2139.01, 1638.89
2139.09, 1639.21
2139.16, 1639.53
2139.24, 1639.85
2139.32, 1640.17
2139.4, 1640.51
2139.48, 1640.84
2139.56, 1641.18
2139.64, 1641.54
2139.73, 1641.89
2139.82, 1642.26
2139.91, 1642.63
2140, 1643.02
2140.09, 1643.4
2140.18, 1643.8
2140.28, 1644.2
2140.38, 1644.61
2140.48, 1645.03
2140.58, 1645.44

waypoints
x, y
2136.16, 1624.49
2136.23, 1624.91
2136.35, 1625.54
2136.46, 1626.17
2136.58, 1626.79
2136.69, 1627.4
2136.8, 1628
2136.91, 1628.6
2137.01, 1629.18
2137.12, 1629.74
2137.22, 1630.3
2137.32, 1630.83
2137.41, 1631.35
2137.5, 1631.86
2137.59, 1632.35
2137.68, 1632.82
2137.76, 1633.28
2137.84, 1633.72
2137.92, 1634.14
2138, 1634.55
2138.05, 1634.85
2138.14, 1635.23
2138.23, 1635.6
2138.31, 1635.95
2138.4, 1636.3
2138.48, 1636.64
2138.56, 1636.98
2138.64, 1637.31
2138.71, 1637.63
2138.79, 1637.95
2138.86, 1638.26
2138.94, 1638.58
2139.01, 1638.89
2139.09, 1639.21
2139.16, 1639.53
2139.24, 1639.85
2139.32, 1640.17
2139.4, 1640.51
2139.48, 1640.84
2139.56, 1641.18
2139.64, 1641.54
2139.73, 1641.89
2139.82, 1642.26
2139.91, 1642.63
2140, 1643.02
2140.09, 1643.4
2140.18, 1643.8
2140.28, 1644.2
2140.38, 1644.61
2140.48, 1645.03
2140.58, 1645.44

waypoints
x, y
2136.58, 1626.79
2136.69, 1627.4
2136.8, 1628
2136.91, 1628.6
2137.01, 1629.18
2137.12, 1629.74
2137.22, 1630.3
2137.32, 1630.83
2137.41, 1631.35
2137.5, 1631.86
2137.59, 1632.35
2137.68, 1632.82
2137.76, 1633.28
2137.84, 1633.72
2137.92, 1634.14
2138, 1634.55
2138.05, 1634.85
2138.14, 1635.23
2138.23, 1635.6
2138.31, 1635.95
2138.4, 1636.3
2138.48, 1636.64
2138.56, 1636.98
2138.64, 1637.31
2138.71, 1637.63
2138.79, 1637.95
2138.86, 1638.26
2138.94, 1638.58
2139.01, 1638.89
2139.09, 1639.21
2139.16, 1639.53
2139.24, 1639.85
2139.32, 1640.17
2139.4, 1640.51
2139.48, 1640.84
2139.56, 1641.18
2139.64, 1641.54
2139.73, 1641.89
2139.82, 1642.26
2139.91, 1642.63
2140, 1643.02
2140.09, 1643.4
2140.18, 1643.8
2140.28, 1644.2
2140.38, 1644.61
2140.48, 1645.03
2140.58, 1645.44
2140.72, 1646.06
2140.87, 1646.68
2141.02, 1647.28
2141.16, 1647.89
2141.3, 1648.48
2141.44, 1649.06
2141.58, 1649.63
2141.71, 1650.19
2141.84, 1650.73
2141.97, 1651.26
2142.09, 1651.78
2142.21, 1652.27
2142.32, 1652.75
2142.43, 1653.22
2142.54, 1653.67
2142.64, 1654.11
2142.75, 1654.53
2142.84, 1654.94
2142.94, 1655.33
2143.03, 1655.71
2143.12, 1656.08
2143.2, 1656.44
2143.29, 1656.79
2143.37, 1657.13
2143.45, 1657.47
2143.53, 1657.8
2143.6, 1658.12
2143.68, 1658.44
2143.76, 1658.76
2143.83, 1659.08
2143.91, 1659.39
2143.98, 1659.71
2144.06, 1660.03
2144.14, 1660.36
2144.21, 1660.68
2144.29, 1661.02
2144.38, 1661.36
2144.46, 1661.7
2144.54, 1662.05
2144.63, 1662.41
2144.71, 1662.78
2144.8, 1663.15
2144.9, 1663.54
2144.99, 1663.93
2145.08, 1664.32
2145.18, 1664.73
2145.28, 1665.13
2145.38, 1665.55
2145.48, 1665.97

waypoints
x, y
2137.01, 1629.18
2137.12, 1629.74
2137.22, 1630.3
2137.32, 1630.83
2137.41, 1631.35
2137.5, 1631.86
2137.59, 1632.35
2137.68, 1632.82
2137.76, 1633.28
2137.84, 1633.72
2137.92, 1634.14
2138, 1634.55
2138.05, 1634.85
2138.14, 1635.23
2138.23, 1635.6
2138.31, 1635.95
2138.4, 1636.3
2138.48, 1636.64
2138.56, 1636.98
2138.64, 1637.31
2138.71, 1637.63
2138.79, 1637.95
2138.86, 1638.26
2138.94, 1638.58
2139.01, 1638.89
2139.09, 1639.21
2139.16, 1639.53
2139.24, 1639.85
2139.32, 1640.17
2139.4, 1640.51
2139.48, 1640.84
2139.56, 1641.18
2139.64, 1641.54
2139.73, 1641.89
2139.82, 1642.26
2139.91, 1642.63
2140, 1643.02
2140.09, 1643.4
2140.18, 1643.8
2140.28, 1644.2
2140.38, 1644.61
2140.48, 1645.03
2140.58, 1645.44
2140.72, 1646.06
2140.87, 1646.67
2141.02, 1647.29
2141.16, 1647.89
2141.3, 1648.48
2141.44, 1649.06
2141.58, 1649.63
2141.71, 1650.19
2141.84, 1650.73
2141.97, 1651.26
2142.09, 1651.78
2142.21, 1652.27
2142.32, 1652.76
2142.43, 1653.22
2142.54, 1653.67
2142.64, 1654.11
2142.74, 1654.53
2142.84, 1654.94
2142.94, 1655.33
2143.03, 1655.71
2143.12, 1656.08
2143.2, 1656.44
2143.29, 1656.79
2143.37, 1657.13
2143.45, 1657.47
2143.53, 1657.8
2143.6, 1658.12
2143.68, 1658.44
2143.76, 1658.76
2143.83, 1659.08
2143.91, 1659.39
2143.98, 1659.71
2144.06, 1660.03
2144.14, 1660.36
2144.22, 1660.68
2144.29, 1661.02
2144.38, 1661.36
2144.46, 1661.7
2144.54, 1662.05
2144.63, 1662.41
2144.72, 1662.78
2144.8, 1663.15
2144.89, 1663.54
2144.99, 1663.93
2145.08, 1664.32
2145.18, 1664.73
2145.28, 1665.13
2145.38, 1665.55
2145.47, 1665.96

waypoints
x, y
2137.41, 1631.35
2137.5, 1631.86
2137.59, 1632.35
2137.68, 1632.82
2137.76, 1633.28
2137.84, 1633.72
2137.92, 1634.14
2138, 1634.55
2138.05, 1634.85
2138.14, 1635.23
2138.23, 1635.6
2138.31, 1635.95
2138.4, 1636.3
2138.48, 1636.64
2138.56, 1636.98
2138.64, 1637.31
2138.71, 1637.63
2138.79, 1637.95
2138.86, 1638.26
2138.94, 1638.58
2139.01, 1638.89
2139.09, 1639.21
2139.16, 1639.53
2139.24, 1639.85
2139.32, 1640.17
2139.4, 1640.51
2139.48, 1640.84
2139.56, 1641.18
2139.64, 1641.54
2139.73, 1641.89
2139.82, 1642.26
2139.91, 1642.63
2140, 1643.02
2140.09, 1643.4
2140.18, 1643.8
2140.28, 1644.2
2140.38, 1644.61
2140.48, 1645.03
2140.58, 1645.44
2140.72, 1646.06
2140.87, 1646.67
2141.02, 1647.29
2141.16, 1647.89
2141.3, 1648.48
2141.44, 1649.06
2141.58, 1649.63
2141.71, 1650.19
2141.84, 1650.73
2141.97, 1651.26
2142.09, 1651.78
2142.21, 1652.27
2142.32, 1652.76
2142.43, 1653.22
2142.54, 1653.67
2142.64, 1654.11
2142.74, 1654.53
2142.84, 1654.94
2142.94, 1655.33
2143.03, 1655.71
2143.12, 1656.08
2143.2, 1656.44
2143.29, 1656.79
2143.37, 1657.13
2143.45, 1657.47
2143.53, 1657.8
2143.6, 1658.12
2143.68, 1658.44
2143.76, 1658.76
2143.83, 1659.08
2143.91, 1659.39
2143.98, 1659.71
2144.06, 1660.03
2144.14, 1660.36
2144.22, 1660.68
2144.29, 1661.02
2144.38, 1661.36
2144.46, 1661.7
2144.54, 1662.05
2144.63, 1662.41
2144.72, 1662.78
2144.8, 1663.15
2144.89, 1663.54
2144.99, 1663.93
2145.08, 1664.32
2145.18, 1664.73
2145.28, 1665.13
2145.38, 1665.55
2145.47, 1665.96

waypoints
x, y
2137.68, 1632.82
2137.76, 1633.28
2137.84, 1633.72
2137.92, 1634.14
2138, 1634.55
2138.05, 1634.85
2138.14, 1635.23
2138.23, 1635.6
2138.31, 1635.95
2138.4, 1636.3
2138.48, 1636.64
2138.56, 1636.98
2138.64, 1637.31
2138.71, 1637.63
2138.79, 1637.95
2138.86, 1638.26
2138.94, 1638.58
2139.01, 1638.89
2139.09, 1639.21
2139.16, 1639.53
2139.24, 1639.85
2139.32, 1640.17
2139.4, 1640.51
2139.48, 1640.84
2139.56, 1641.18
2139.64, 1641.54
2139.73, 1641.89
2139.82, 1642.26
2139.91, 1642.63
2140, 1643.02
2140.09, 1643.4
2140.18, 1643.8
2140.28, 1644.2
2140.38, 1644.61
2140.48, 1645.03
2140.58, 1645.44
2140.72, 1646.06
2140.87, 1646.67
2141.02, 1647.29
2141.16, 1647.89
2141.3, 1648.48
2141.44, 1649.06
2141.58, 1649.63
2141.71, 1650.19
2141.84, 1650.73
2141.97, 1651.26
2142.09, 1651.78
2142.21, 1652.27
2142.32, 1652.76
2142.43, 1653.22
2142.54, 1653.67
2142.64, 1654.11
2142.74, 1654.53
2142.84, 1654.94
2142.94, 1655.33
2143.03, 1655.71
2143.12, 1656.08
2143.2, 1656.44
2143.29, 1656.79
2143.37, 1657.13
2143.45, 1657.47
2143.53, 1657.8
2143.6, 1658.12
2143.68, 1658.44
2143.76, 1658.76
2143.83, 1659.08
2143.91, 1659.39
2143.98, 1659.71
2144.06, 1660.03
2144.14, 1660.36
2144.22, 1660.68
2144.29, 1661.02
2144.38, 1661.36
2144.46, 1661.7
2144.54, 1662.05
2144.63, 1662.41
2144.72, 1662.78
2144.8, 1663.15
2144.89, 1663.54
2144.99, 1663.93
2145.08, 1664.32
2145.18, 1664.73
2145.28, 1665.13
2145.38, 1665.55
2145.47, 1665.96

waypoints
x, y
2138, 1634.55
2138.05, 1634.85
2138.14, 1635.23
2138.23, 1635.6
2138.31, 1635.95
2138.4, 1636.3
2138.48, 1636.64
2138.56, 1636.98
2138.64, 1637.31
2138.71, 1637.63
2138.79, 1637.95
2138.86, 1638.26
2138.94, 1638.58
2139.01, 1638.89
2139.09, 1639.21
2139.16, 1639.53
2139.24, 1639.85
2139.32, 1640.17
2139.4, 1640.51
2139.48, 1640.84
2139.56, 1641.18
2139.64, 1641.54
2139.73, 1641.89
2139.82, 1642.26
2139.91, 1642.63
2140, 1643.02
2140.09, 1643.4
2140.18, 1643.8
2140.28, 1644.2
2140.38, 1644.61
2140.48, 1645.03
2140.58, 1645.44
2140.72, 1646.06
2140.87, 1646.67
2141.02, 1647.29
2141.16, 1647.89
2141.3, 1648.48
2141.44, 1649.06
2141.58, 1649.63
2141.71, 1650.19
2141.84, 1650.73
2141.97, 1651.26
2142.09, 1651.78
2142.21, 1652.27
2142.32, 1652.76
2142.43, 1653.22
2142.54, 1653.67
2142.64, 1654.11
2142.74, 1654.53
2142.84, 1654.94
2142.94, 1655.33
2143.03, 1655.71
2143.12, 1656.08
2143.2, 1656.44
2143.29, 1656.79
2143.37, 1657.13
2143.45, 1657.47
2143.53, 1657.8
2143.6, 1658.12
2143.68, 1658.44
2143.76, 1658.76
2143.83, 1659.08
2143.91, 1659.39
2143.98, 1659.71
2144.06, 1660.03
2144.14, 1660.36
2144.22, 1660.68
2144.29, 1661.02
2144.38, 1661.36
2144.46, 1661.7
2144.54, 1662.05
2144.63, 1662.41
2144.72, 1662.78
2144.8, 1663.15
2144.89, 1663.54
2144.99, 1663.93
2145.08, 1664.32
2145.18, 1664.73
2145.28, 1665.13
2145.38, 1665.55
2145.47, 1665.96

waypoints
x, y
2138.31, 1635.95
2138.4, 1636.3
2138.48, 1636.64
2138.56, 1636.98
2138.64, 1637.31
2138.71, 1637.63
2138.79, 1637.95
2138.86, 1638.26
2138.94, 1638.58
2139.01, 1638.89
2139.09, 1639.21
2139.16, 1639.53
2139.24, 1639.85
2139.32, 1640.17
2139.4, 1640.51
2139.48, 1640.84
2139.56, 1641.18
2139.64, 1641.54
2139.73, 1641.89
2139.82, 1642.26
2139.91, 1642.63
2140, 1643.02
2140.09, 1643.4
2140.18, 1643.8
2140.28, 1644.2
2140.38, 1644.61
2140.48, 1645.03
2140.58, 1645.44
2140.72, 1646.06
2140.87, 1646.67
2141.02, 1647.29
2141.16, 1647.89
2141.3, 1648.48
2141.44, 1649.06
2141.58, 1649.63
2141.71, 1650.19
2141.84, 1650.73
2141.97, 1651.26
2142.09, 1651.78
2142.21, 1652.27
2142.32, 1652.76
2142.43, 1653.22
2142.54, 1653.67
2142.64, 1654.11
2142.74, 1654.53
2142.84, 1654.94
2142.94, 1655.33
2143.03, 1655.71
2143.12, 1656.08
2143.2, 1656.44
2143.29, 1656.79
2143.37, 1657.13
2143.45, 1657.47
2143.53, 1657.8
2143.6, 1658.12
2143.68, 1658.44
2143.76, 1658.76
2143.83, 1659.08
2143.91, 1659.39
2143.98, 1659.71
2144.06, 1660.03
2144.14, 1660.36
2144.22, 1660.68
2144.29, 1661.02
2144.38, 1661.36
2144.46, 1661.7
2144.54, 1662.05
2144.63, 1662.41
2144.72, 1662.78
2144.8, 1663.15
2144.89, 1663.54
2144.99, 1663.93
2145.08, 1664.32
2145.18, 1664.73
2145.28, 1665.13
2145.38, 1665.55
2145.47, 1665.96

waypoints
x, y
2138.64, 1637.31
2138.71, 1637.63
2138.79, 1637.95
2138.86, 1638.26
2138.94, 1638.58
2139.01, 1638.89
2139.09, 1639.21
2139.16, 1639.53
2139.24, 1639.85
2139.32, 1640.17
2139.4, 1640.51
2139.48, 1640.84
2139.56, 1641.18
2139.64, 1641.54
2139.73, 1641.89
2139.82, 1642.26
2139.91, 1642.63
2140, 1643.02
2140.09, 1643.4
2140.18, 1643.8
2140.28, 1644.2
2140.38, 1644.61
2140.48, 1645.03
2140.58, 1645.44
2140.72, 1646.06
2140.87, 1646.67
2141.02, 1647.29
2141.16, 1647.89
2141.3, 1648.48
2141.44, 1649.06
2141.58, 1649.63
2141.71, 1650.19
2141.84, 1650.73
2141.97, 1651.26
2142.09, 1651.78
2142.21, 1652.27
2142.32, 1652.76
2142.43, 1653.22
2142.54, 1653.67
2142.64, 1654.11
2142.74, 1654.53
2142.84, 1654.94
2142.94, 1655.33
2143.03, 1655.71
2143.12, 1656.08
2143.2, 1656.44
2143.29, 1656.79
2143.37, 1657.13
2143.45, 1657.47
2143.53, 1657.8
2143.6, 1658.12
2143.68, 1658.44
2143.76, 1658.76
2143.83, 1659.08
2143.91, 1659.39
2143.98, 1659.71
2144.06, 1660.03
2144.14, 1660.36
2144.22, 1660.68
2144.29, 1661.02
2144.38, 1661.36
2144.46, 1661.7
2144.54, 1662.05
2144.63, 1662.41
2144.72, 1662.78
2144.8, 1663.15
2144.89, 1663.54
2144.99, 1663.93
2145.08, 1664.32
2145.18, 1664.73
2145.28, 1665.13
2145.38, 1665.55
2145.47, 1665.96

waypoints
x, y
2138.94, 1638.58
2139.01, 1638.89
2139.09, 1639.21
2139.16, 1639.53
2139.24, 1639.85
2139.32, 1640.17
2139.4, 1640.51
2139.48, 1640.84
2139.56, 1641.18
2139.64, 1641.54
2139.73, 1641.89
2139.82, 1642.26
2139.91, 1642.63
2140, 1643.02
2140.09, 1643.4
2140.18, 1643.8
2140.28, 1644.2
2140.38, 1644.61
2140.48, 1645.03
2140.58, 1645.44
2140.72, 1646.06
2140.87, 1646.67
2141.02, 1647.29
2141.16, 1647.89
2141.3, 1648.48
2141.44, 1649.06
2141.58, 1649.63
2141.71, 1650.19
2141.84, 1650.73
2141.97, 1651.26
2142.09, 1651.78
2142.21, 1652.27
2142.32, 1652.76
2142.43, 1653.22
2142.54, 1653.67
2142.64, 1654.11
2142.74, 1654.53
2142.84, 1654.94
2142.94, 1655.33
2143.03, 1655.71
2143.12, 1656.08
2143.2, 1656.44
2143.29, 1656.79
2143.37, 1657.13
2143.45, 1657.47
2143.53, 1657.8
2143.6, 1658.12
2143.68, 1658.44
2143.76, 1658.76
2143.83, 1659.08
2143.91, 1659.39
2143.98, 1659.71
2144.06, 1660.03
2144.14, 1660.36
2144.22, 1660.68
2144.29, 1661.02
2144.38, 1661.36
2144.46, 1661.7
2144.54, 1662.05
2144.63, 1662.41
2144.72, 1662.78
2144.8, 1663.15
2144.89, 1663.54
2144.99, 1663.93
2145.08, 1664.32
2145.18, 1664.73
2145.28, 1665.13
2145.38, 1665.55
2145.47, 1665.96

waypoints
x, y
2139.24, 1639.85
2139.32, 1640.17
2139.4, 1640.51
2139.48, 1640.84
2139.56, 1641.18
2139.64, 1641.54
2139.73, 1641.89
2139.82, 1642.26
2139.91, 1642.63
2140, 1643.02
2140.09, 1643.4
2140.18, 1643.8
2140.28, 1644.2
2140.38, 1644.61
2140.48, 1645.03
2140.58, 1645.44
2140.72, 1646.06
2140.87, 1646.67
2141.02, 1647.29
2141.16, 1647.89
2141.3, 1648.48
2141.44, 1649.06
2141.58, 1649.63
2141.71, 1650.19
2141.84, 1650.73
2141.97, 1651.26
2142.09, 1651.78
2142.21, 1652.27
2142.32, 1652.76
2142.43, 1653.22
2142.54, 1653.67
2142.64, 1654.11
2142.74, 1654.53
2142.84, 1654.94
2142.94, 1655.33
2143.03, 1655.71
2143.12, 1656.08
2143.2, 1656.44
2143.29, 1656.79
2143.37, 1657.13
2143.45, 1657.47
2143.53, 1657.8
2143.6, 1658.12
2143.68, 1658.44
2143.76, 1658.76
2143.83, 1659.08
2143.91, 1659.39
2143.98, 1659.71
2144.06, 1660.03
2144.14, 1660.36
2144.22, 1660.68
2144.29, 1661.02
2144.38, 1661.36
2144.46, 1661.7
2144.54, 1662.05
2144.63, 1662.41
2144.72, 1662.78
2144.8, 1663.15
2144.89, 1663.54
2144.99, 1663.93
2145.08, 1664.32
2145.18, 1664.73
2145.28, 1665.13
2145.38, 1665.55
2145.47, 1665.96

waypoints
x, y
2139.48, 1640.84
2139.56, 1641.18
2139.64, 1641.54
2139.73, 1641.89
2139.82, 1642.26
2139.91, 1642.63
2140, 1643.02
2140.09, 1643.4
2140.18, 1643.8
2140.28, 1644.2
2140.38, 1644.61
2140.48, 1645.03
2140.58, 1645.44
2140.72, 1646.06
2140.87, 1646.67
2141.02, 1647.29
2141.16, 1647.89
2141.3, 1648.48
2141.44, 1649.06
2141.58, 1649.63
2141.71, 1650.19
2141.84, 1650.73
2141.97, 1651.26
2142.09, 1651.78
2142.21, 1652.27
2142.32, 1652.76
2142.43, 1653.22
2142.54, 1653.67
2142.64, 1654.11
2142.74, 1654.53
2142.84, 1654.94
2142.94, 1655.33
2143.03, 1655.71
2143.12, 1656.08
2143.2, 1656.44
2143.29, 1656.79
2143.37, 1657.13
2143.45, 1657.47
2143.53, 1657.8
2143.6, 1658.12
2143.68, 1658.44
2143.76, 1658.76
2143.83, 1659.08
2143.91, 1659.39
2143.98, 1659.71
2144.06, 1660.03
2144.14, 1660.36
2144.22, 1660.68
2144.29, 1661.02
2144.38, 1661.36
2144.46, 1661.7
2144.54, 1662.05
2144.63, 1662.41
2144.72, 1662.78
2144.8, 1663.15
2144.89, 1663.54
2144.99, 1663.93
2145.08, 1664.32
2145.18, 1664.73
2145.28, 1665.13
2145.38, 1665.55
2145.47, 1665.96

waypoints
x, y
2139.82, 1642.26
2139.91, 1642.63
2140, 1643.02
2140.09, 1643.4
2140.18, 1643.8
2140.28, 1644.2
2140.38, 1644.61
2140.48, 1645.03
2140.58, 1645.44
2140.72, 1646.06
2140.87, 1646.67
2141.02, 1647.29
2141.16, 1647.89
2141.3, 1648.48
2141.44, 1649.06
2141.58, 1649.63
2141.71, 1650.19
2141.84, 1650.73
2141.97, 1651.26
2142.09, 1651.78
2142.21, 1652.27
2142.32, 1652.76
2142.43, 1653.22
2142.54, 1653.67
2142.64, 1654.11
2142.74, 1654.53
2142.84, 1654.94
2142.94, 1655.33
2143.03, 1655.71
2143.12, 1656.08
2143.2, 1656.44
2143.29, 1656.79
2143.37, 1657.13
2143.45, 1657.47
2143.53, 1657.8
2143.6, 1658.12
2143.68, 1658.44
2143.76, 1658.76
2143.83, 1659.08
2143.91, 1659.39
2143.98, 1659.71
2144.06, 1660.03
2144.14, 1660.36
2144.22, 1660.68
2144.29, 1661.02
2144.38, 1661.36
2144.46, 1661.7
2144.54, 1662.05
2144.63, 1662.41
2144.72, 1662.78
2144.8, 1663.15
2144.89, 1663.54
2144.99, 1663.93
2145.08, 1664.32
2145.18, 1664.73
2145.28, 1665.13
2145.38, 1665.55
2145.47, 1665.96

waypoints
x, y
2140.18, 1643.8
2140.28, 1644.2
2140.38, 1644.61
2140.48, 1645.03
2140.58, 1645.44
2140.72, 1646.06
2140.87, 1646.67
2141.02, 1647.29
2141.16, 1647.89
2141.3, 1648.48
2141.44, 1649.06
2141.58, 1649.63
2141.71, 1650.19
2141.84, 1650.73
2141.97, 1651.26
2142.09, 1651.78
2142.21, 1652.27
2142.32, 1652.76
2142.43, 1653.22
2142.54, 1653.67
2142.64, 1654.11
2142.74, 1654.53
2142.84, 1654.94
2142.94, 1655.33
2143.03, 1655.71
2143.12, 1656.08
2143.2, 1656.44
2143.29, 1656.79
2143.37, 1657.13
2143.45, 1657.47
2143.53, 1657.8
2143.6, 1658.12
2143.68, 1658.44
2143.76, 1658.76
2143.83, 1659.08
2143.91, 1659.39
2143.98, 1659.71
2144.06, 1660.03
2144.14, 1660.36
2144.22, 1660.68
2144.29, 1661.02
2144.38, 1661.36
2144.46, 1661.7
2144.54, 1662.05
2144.63, 1662.41
2144.72, 1662.78
2144.8, 1663.15
2144.89, 1663.54
2144.99, 1663.93
2145.08, 1664.32
2145.18, 1664.73
2145.28, 1665.13
2145.38, 1665.55
2145.47, 1665.96

waypoints
x, y
2140.58, 1645.44
2140.72, 1646.06
2140.87, 1646.67
2141.02, 1647.29
2141.16, 1647.89
2141.3, 1648.48
2141.44, 1649.06
2141.58, 1649.63
2141.71, 1650.19
2141.84, 1650.73
2141.97, 1651.26
2142.09, 1651.78
2142.21, 1652.27
2142.32, 1652.76
2142.43, 1653.22
2142.54, 1653.67
2142.64, 1654.11
2142.74, 1654.53
2142.84, 1654.94
2142.94, 1655.33
2143.03, 1655.71
2143.12, 1656.08
2143.2, 1656.44
2143.29, 1656.79
2143.37, 1657.13
2143.45, 1657.47
2143.53, 1657.8
2143.6, 1658.12
2143.68, 1658.44
2143.76, 1658.76
2143.83, 1659.08
2143.91, 1659.39
2143.98, 1659.71
2144.06, 1660.03
2144.14, 1660.36
2144.22, 1660.68
2144.29, 1661.02
2144.38, 1661.36
2144.46, 1661.7
2144.54, 1662.05
2144.63, 1662.41
2144.72, 1662.78
2144.8, 1663.15
2144.89, 1663.54
2144.99, 1663.93
2145.08, 1664.32
2145.18, 1664.73
2145.28, 1665.13
2145.38, 1665.55
2145.47, 1665.96

waypoints
x, y
2141.16, 1647.89
2141.3, 1648.48
2141.44, 1649.06
2141.58, 1649.63
2141.71, 1650.19
2141.84, 1650.73
2141.97, 1651.26
2142.09, 1651.78
2142.21, 1652.27
2142.32, 1652.76
2142.43, 1653.22
2142.54, 1653.67
2142.64, 1654.11
2142.74, 1654.53
2142.84, 1654.94
2142.94, 1655.33
2143.03, 1655.71
2143.12, 1656.08
2143.2, 1656.44
2143.29, 1656.79
2143.37, 1657.13
2143.45, 1657.47
2143.53, 1657.8
2143.6, 1658.12
2143.68, 1658.44
2143.76, 1658.76
2143.83, 1659.08
2143.91, 1659.39
2143.98, 1659.71
2144.06, 1660.03
2144.14, 1660.36
2144.22, 1660.68
2144.29, 1661.02
2144.38, 1661.36
2144.46, 1661.7
2144.54, 1662.05
2144.63, 1662.41
2144.72, 1662.78
2144.8, 1663.15
2144.89, 1663.54
2144.99, 1663.93
2145.08, 1664.32
2145.18, 1664.73
2145.28, 1665.13
2145.38, 1665.55
2145.47, 1665.96
2145.62, 1666.57
2145.77, 1667.18
2145.91, 1667.78
2146.05, 1668.38
2146.19, 1668.96
2146.33, 1669.54
2146.46, 1670.1
2146.59, 1670.66
2146.72, 1671.19
2146.85, 1671.72
2146.97, 1672.23
2147.09, 1672.72
2147.2, 1673.2
2147.31, 1673.66
2147.42, 1674.11
2147.52, 1674.55
2147.62, 1674.97
2147.72, 1675.38
2147.82, 1675.77
2147.91, 1676.16
2148, 1676.53
2148.08, 1676.89
2148.17, 1677.24
2148.25, 1677.59
2148.33, 1677.93
2148.41, 1678.26
2148.49, 1678.59
2148.57, 1678.91
2148.64, 1679.23
2148.72, 1679.56
2148.8, 1679.88
2148.87, 1680.2
2148.95, 1680.52
2149.03, 1680.85
2149.11, 1681.18
2149.19, 1681.52
2149.27, 1681.86
2149.35, 1682.21
2149.44, 1682.56
2149.52, 1682.92
2149.61, 1683.29
2149.7, 1683.67
2149.79, 1684.05
2149.89, 1684.45
2149.98, 1684.84
2150.08, 1685.25
2150.17, 1685.66
2150.27, 1686.07
2150.37, 1686.49

waypoints
x, y
2141.71, 1650.19
2141.84, 1650.73
2141.97, 1651.26
2142.09, 1651.78
2142.21, 1652.27
2142.32, 1652.76
2142.43, 1653.22
2142.54, 1653.67
2142.64, 1654.11
2142.74, 1654.53
2142.84, 1654.94
2142.94, 1655.33
2143.03, 1655.71
2143.12, 1656.08
2143.2, 1656.44
2143.29, 1656.79
2143.37, 1657.13
2143.45, 1657.47
2143.53, 1657.8
2143.6, 1658.12
2143.68, 1658.44
2143.76, 1658.76
2143.83, 1659.08
2143.91, 1659.39
2143.98, 1659.71
2144.06, 1660.03
2144.14, 1660.36
2144.22, 1660.68
2144.29, 1661.02
2144.38, 1661.36
2144.46, 1661.7
2144.54, 1662.05
2144.63, 1662.41
2144.72, 1662.78
2144.8, 1663.15
2144.89, 1663.54
2144.99, 1663.93
2145.08, 1664.32
2145.18, 1664.73
2145.28, 1665.13
2145.38, 1665.55
2145.47, 1665.96
2145.62, 1666.57
2145.76, 1667.18
2145.91, 1667.78
2146.05, 1668.38
2146.19, 1668.96
2146.33, 1669.54
2146.46, 1670.1
2146.59, 1670.66
2146.72, 1671.19
2146.85, 1671.72
2146.97, 1672.23
2147.09, 1672.72
2147.2, 1673.2
2147.31, 1673.66
2147.42, 1674.11
2147.52, 1674.55
2147.62, 1674.97
2147.72, 1675.38
2147.82, 1675.77
2147.91, 1676.16
2148, 1676.53
2148.08, 1676.89
2148.17, 1677.24
2148.25, 1677.59
2148.33, 1677.93
2148.41, 1678.26
2148.49, 1678.59
2148.57, 1678.91
2148.64, 1679.23
2148.72, 1679.56
2148.8, 1679.88
2148.87, 1680.2
2148.95, 1680.52
2149.03, 1680.85
2149.11, 1681.18
2149.19, 1681.52
2149.27, 1681.86
2149.35, 1682.21
2149.44, 1682.56
2149.52, 1682.92
2149.61, 1683.29
2149.7, 1683.67
2149.79, 1684.05
2149.89, 1684.44
2149.98, 1684.84
2150.08, 1685.25
2150.18, 1685.66
2150.27, 1686.07
2150.37, 1686.49

waypoints
x, y
2142.09, 1651.78
2142.21, 1652.27
2142.32, 1652.76
2142.43, 1653.22
2142.54, 1653.67
2142.64, 1654.11
2142.74, 1654.53
2142.84, 1654.94
2142.94, 1655.33
2143.03, 1655.71
2143.12, 1656.08
2143.2, 1656.44
2143.29, 1656.79
2143.37, 1657.13
2143.45, 1657.47
2143.53, 1657.8
2143.6, 1658.12
2143.68, 1658.44
2143.76, 1658.76
2143.83, 1659.08
2143.91, 1659.39
2143.98, 1659.71
2144.06, 1660.03
2144.14, 1660.36
2144.22, 1660.68
2144.29, 1661.02
2144.38, 1661.36
2144.46, 1661.7
2144.54, 1662.05
2144.63, 1662.41
2144.72, 1662.78
2144.8, 1663.15
2144.89, 1663.54
2144.99, 1663.93
2145.08, 1664.32
2145.18, 1664.73
2145.28, 1665.13
2145.38, 1665.55
2145.47, 1665.96
2145.62, 1666.57
2145.76, 1667.18
2145.91, 1667.78
2146.05, 1668.38
2146.19, 1668.96
2146.33, 1669.54
2146.46, 1670.1
2146.59, 1670.66
2146.72, 1671.19
2146.85, 1671.72
2146.97, 1672.23
2147.09, 1672.72
2147.2, 1673.2
2147.31, 1673.66
2147.42, 1674.11
2147.52, 1674.55
2147.62, 1674.97
2147.72, 1675.38
2147.82, 1675.77
2147.91, 1676.16
2148, 1676.53
2148.08, 1676.89
2148.17, 1677.24
2148.25, 1677.59
2148.33, 1677.93
2148.41, 1678.26
2148.49, 1678.59
2148.57, 1678.91
2148.64, 1679.23
2148.72, 1679.56
2148.8, 1679.88
2148.87, 1680.2
2148.95, 1680.52
2149.03, 1680.85
2149.11, 1681.18
2149.19, 1681.52
2149.27, 1681.86
2149.35, 1682.21
2149.44, 1682.56
2149.52, 1682.92
2149.61, 1683.29
2149.7, 1683.67
2149.79, 1684.05
2149.89, 1684.44
2149.98, 1684.84
2150.08, 1685.25
2150.18, 1685.66
2150.27, 1686.07
2150.37, 1686.49

waypoints
x, y
2142.54, 1653.67
2142.64, 1654.11
2142.74, 1654.53
2142.84, 1654.94
2142.94, 1655.33
2143.03, 1655.71
2143.12, 1656.08
2143.2, 1656.44
2143.29, 1656.79
2143.37, 1657.13
2143.45, 1657.47
2143.53, 1657.8
2143.6, 1658.12
2143.68, 1658.44
2143.76, 1658.76
2143.83, 1659.08
2143.91, 1659.39
2143.98, 1659.71
2144.06, 1660.03
2144.14, 1660.36
2144.22, 1660.68
2144.29, 1661.02
2144.38, 1661.36
2144.46, 1661.7
2144.54, 1662.05
2144.63, 1662.41
2144.72, 1662.78
2144.8, 1663.15
2144.89, 1663.54
2144.99, 1663.93
2145.08, 1664.32
2145.18, 1664.73
2145.28, 1665.13
2145.38, 1665.55
2145.47, 1665.96
2145.62, 1666.57
2145.76, 1667.18
2145.91, 1667.78
2146.05, 1668.38
2146.19, 1668.96
2146.33, 1669.54
2146.46, 1670.1
2146.59, 1670.66
2146.72, 1671.19
2146.85, 1671.72
2146.97, 1672.23
2147.09, 1672.72
2147.2, 1673.2
2147.31, 1673.66
2147.42, 1674.11
2147.52, 1674.55
2147.62, 1674.97
2147.72, 1675.38
2147.82, 1675.77
2147.91, 1676.16
2148, 1676.53
2148.08, 1676.89
2148.17, 1677.24
2148.25, 1677.59
2148.33, 1677.93
2148.41, 1678.26
2148.49, 1678.59
2148.57, 1678.91
2148.64, 1679.23
2148.72, 1679.56
2148.8, 1679.88
2148.87, 1680.2
2148.95, 1680.52
2149.03, 1680.85
2149.11, 1681.18
2149.19, 1681.52
2149.27, 1681.86
2149.35, 1682.21
2149.44, 1682.56
2149.52, 1682.92
2149.61, 1683.29
2149.7, 1683.67
2149.79, 1684.05
2149.89, 1684.44
2149.98, 1684.84
2150.08, 1685.25
2150.18, 1685.66
2150.27, 1686.07
2150.37, 1686.49

waypoints
x, y
2142.94, 1655.33
2143.03, 1655.71
2143.12, 1656.08
2143.2, 1656.44
2143.29, 1656.79
2143.37, 1657.13
2143.45, 1657.47
2143.53, 1657.8
2143.6, 1658.12
2143.68, 1658.44
2143.76, 1658.76
2143.83, 1659.08
2143.91, 1659.39
2143.98, 1659.71
2144.06, 1660.03
2144.14, 1660.36
2144.22, 1660.68
2144.29, 1661.02
2144.38, 1661.36
2144.46, 1661.7
2144.54, 1662.05
2144.63, 1662.41
2144.72, 1662.78
2144.8, 1663.15
2144.89, 1663.54
2144.99, 1663.93
2145.08, 1664.32
2145.18, 1664.73
2145.28, 1665.13
2145.38, 1665.55
2145.47, 1665.96
2145.62, 1666.57
2145.76, 1667.18
2145.91, 1667.78
2146.05, 1668.38
2146.19, 1668.96
2146.33, 1669.54
2146.46, 1670.1
2146.59, 1670.66
2146.72, 1671.19
2146.85, 1671.72
2146.97, 1672.23
2147.09, 1672.72
2147.2, 1673.2
2147.31, 1673.66
2147.42, 1674.11
2147.52, 1674.55
2147.62, 1674.97
2147.72, 1675.38
2147.82, 1675.77
2147.91, 1676.16
2148, 1676.53
2148.08, 1676.89
2148.17, 1677.24
2148.25, 1677.59
2148.33, 1677.93
2148.41, 1678.26
2148.49, 1678.59
2148.57, 1678.91
2148.64, 1679.23
2148.72, 1679.56
2148.8, 1679.88
2148.87, 1680.2
2148.95, 1680.52
2149.03, 1680.85
2149.11, 1681.18
2149.19, 1681.52
2149.27, 1681.86
2149.35, 1682.21
2149.44, 1682.56
2149.52, 1682.92
2149.61, 1683.29
2149.7, 1683.67
2149.79, 1684.05
2149.89, 1684.44
2149.98, 1684.84
2150.08, 1685.25
2150.18, 1685.66
2150.27, 1686.07
2150.37, 1686.49

waypoints
x, y
2143.29, 1656.79
2143.37, 1657.13
2143.45, 1657.47
2143.53, 1657.8
2143.6, 1658.12
2143.68, 1658.44
2143.76, 1658.76
2143.83, 1659.08
2143.91, 1659.39
2143.98, 1659.71
2144.06, 1660.03
2144.14, 1660.36
2144.22, 1660.68
2144.29, 1661.02
2144.38, 1661.36
2144.46, 1661.7
2144.54, 1662.05
2144.63, 1662.41
2144.72, 1662.78
2144.8, 1663.15
2144.89, 1663.54
2144.99, 1663.93
2145.08, 1664.32
2145.18, 1664.73
2145.28, 1665.13
2145.38, 1665.55
2145.47, 1665.96
2145.62, 1666.57
2145.76, 1667.18
2145.91, 1667.78
2146.05, 1668.38
2146.19, 1668.96
2146.33, 1669.54
2146.46, 1670.1
2146.59, 1670.66
2146.72, 1671.19
2146.85, 1671.72
2146.97, 1672.23
2147.09, 1672.72
2147.2, 1673.2
2147.31, 1673.66
2147.42, 1674.11
2147.52, 1674.55
2147.62, 1674.97
2147.72, 1675.38
2147.82, 1675.77
2147.91, 1676.16
2148, 1676.53
2148.08, 1676.89
2148.17, 1677.24
2148.25, 1677.59
2148.33, 1677.93
2148.41, 1678.26
2148.49, 1678.59
2148.57, 1678.91
2148.64, 1679.23
2148.72, 1679.56
2148.8, 1679.88
2148.87, 1680.2
2148.95, 1680.52
2149.03, 1680.85
2149.11, 1681.18
2149.19, 1681.52
2149.27, 1681.86
2149.35, 1682.21
2149.44, 1682.56
2149.52, 1682.92
2149.61, 1683.29
2149.7, 1683.67
2149.79, 1684.05
2149.89, 1684.44
2149.98, 1684.84
2150.08, 1685.25
2150.18, 1685.66
2150.27, 1686.07
2150.37, 1686.49

waypoints
x, y
2143.53, 1657.8
2143.6, 1658.12
2143.68, 1658.44
2143.76, 1658.76
2143.83, 1659.08
2143.91, 1659.39
2143.98, 1659.71
2144.06, 1660.03
2144.14, 1660.36
2144.22, 1660.68
2144.29, 1661.02
2144.38, 1661.36
2144.46, 1661.7
2144.54, 1662.05
2144.63, 1662.41
2144.72, 1662.78
2144.8, 1663.15
2144.89, 1663.54
2144.99, 1663.93
2145.08, 1664.32
2145.18, 1664.73
2145.28, 1665.13
2145.38, 1665.55
2145.47, 1665.96
2145.62, 1666.57
2145.76, 1667.18
2145.91, 1667.78
2146.05, 1668.38
2146.19, 1668.96
2146.33, 1669.54
2146.46, 1670.1
2146.59, 1670.66
2146.72, 1671.19
2146.85, 1671.72
2146.97, 1672.23
2147.09, 1672.72
2147.2, 1673.2
2147.31, 1673.66
2147.42, 1674.11
2147.52, 1674.55
2147.62, 1674.97
2147.72, 1675.38
2147.82, 1675.77
2147.91, 1676.16
2148, 1676.53
2148.08, 1676.89
2148.17, 1677.24
2148.25, 1677.59
2148.33, 1677.93
2148.41, 1678.26
2148.49, 1678.59
2148.57, 1678.91
2148.64, 1679.23
2148.72, 1679.56
2148.8, 1679.88
2148.87, 1680.2
2148.95, 1680.52
2149.03, 1680.85
2149.11, 1681.18
2149.19, 1681.52
2149.27, 1681.86
2149.35, 1682.21
2149.44, 1682.56
2149.52, 1682.92
2149.61, 1683.29
2149.7, 1683.67
2149.79, 1684.05
2149.89, 1684.44
2149.98, 1684.84
2150.08, 1685.25
2150.18, 1685.66
2150.27, 1686.07
2150.37, 1686.49

waypoints
x, y
2143.83, 1659.08
2143.91, 1659.39
2143.98, 1659.71
2144.06, 1660.03
2144.14, 1660.36
2144.22, 1660.68
2144.29, 1661.02
2144.38, 1661.36
2144.46, 1661.7
2144.54, 1662.05
2144.63, 1662.41
2144.72, 1662.78
2144.8, 1663.15
2144.89, 1663.54
2144.99, 1663.93
2145.08, 1664.32
2145.18, 1664.73
2145.28, 1665.13
2145.38, 1665.55
2145.47, 1665.96
2145.62, 1666.57
2145.76, 1667.18
2145.91, 1667.78
2146.05, 1668.38
2146.19, 1668.96
2146.33, 1669.54
2146.46, 1670.1
2146.59, 1670.66
2146.72, 1671.19
2146.85, 1671.72
2146.97, 1672.23
2147.09, 1672.72
2147.2, 1673.2
2147.31, 1673.66
2147.42, 1674.11
2147.52, 1674.55
2147.62, 1674.97
2147.72, 1675.38
2147.82, 1675.77
2147.91, 1676.16
2148, 1676.53
2148.08, 1676.89
2148.17, 1677.24
2148.25, 1677.59
2148.33, 1677.93
2148.41, 1678.26
2148.49, 1678.59
2148.57, 1678.91
2148.64, 1679.23
2148.72, 1679.56
2148.8, 1679.88
2148.87, 1680.2
2148.95, 1680.52
2149.03, 1680.85
2149.11, 1681.18
2149.19, 1681.52
2149.27, 1681.86
2149.35, 1682.21
2149.44, 1682.56
2149.52, 1682.92
2149.61, 1683.29
2149.7, 1683.67
2149.79, 1684.05
2149.89, 1684.44
2149.98, 1684.84
2150.08, 1685.25
2150.18, 1685.66
2150.27, 1686.07
2150.37, 1686.49

waypoints
x, y
2144.14, 1660.36
2144.22, 1660.68
2144.29, 1661.02
2144.38, 1661.36
2144.46, 1661.7
2144.54, 1662.05
2144.63, 1662.41
2144.72, 1662.78
2144.8, 1663.15
2144.89, 1663.54
2144.99, 1663.93
2145.08, 1664.32
2145.18, 1664.73
2145.28, 1665.13
2145.38, 1665.55
2145.47, 1665.96
2145.62, 1666.57
2145.76, 1667.18
2145.91, 1667.78
2146.05, 1668.38
2146.19, 1668.96
2146.33, 1669.54
2146.46, 1670.1
2146.59, 1670.66
2146.72, 1671.19
2146.85, 1671.72
2146.97, 1672.23
2147.09, 1672.72
2147.2, 1673.2
2147.31, 1673.66
2147.42, 1674.11
2147.52, 1674.55
2147.62, 1674.97
2147.72, 1675.38
2147.82, 1675.77
2147.91, 1676.16
2148, 1676.53
2148.08, 1676.89
2148.17, 1677.24
2148.25, 1677.59
2148.33, 1677.93
2148.41, 1678.26
2148.49, 1678.59
2148.57, 1678.91
2148.64, 1679.23
2148.72, 1679.56
2148.8, 1679.88
2148.87, 1680.2
2148.95, 1680.52
2149.03, 1680.85
2149.11, 1681.18
2149.19, 1681.52
2149.27, 1681.86
2149.35, 1682.21
2149.44, 1682.56
2149.52, 1682.92
2149.61, 1683.29
2149.7, 1683.67
2149.79, 1684.05
2149.89, 1684.44
2149.98, 1684.84
2150.08, 1685.25
2150.18, 1685.66
2150.27, 1686.07
2150.37, 1686.49

waypoints
x, y
2144.38, 1661.36
2144.46, 1661.7
2144.54, 1662.05
2144.63, 1662.41
2144.72, 1662.78
2144.8, 1663.15
2144.89, 1663.54
2144.99, 1663.93
2145.08, 1664.32
2145.18, 1664.73
2145.28, 1665.13
2145.38, 1665.55
2145.47, 1665.96
2145.62, 1666.57
2145.76, 1667.18
2145.91, 1667.78
2146.05, 1668.38
2146.19, 1668.96
2146.33, 1669.54
2146.46, 1670.1
2146.59, 1670.66
2146.72, 1671.19
2146.85, 1671.72
2146.97, 1672.23
2147.09, 1672.72
2147.2, 1673.2
2147.31, 1673.66
2147.42, 1674.11
2147.52, 1674.55
2147.62, 1674.97
2147.72, 1675.38
2147.82, 1675.77
2147.91, 1676.16
2148, 1676.53
2148.08, 1676.89
2148.17, 1677.24
2148.25, 1677.59
2148.33, 1677.93
2148.41, 1678.26
2148.49, 1678.59
2148.57, 1678.91
2148.64, 1679.23
2148.72, 1679.56
2148.8, 1679.88
2148.87, 1680.2
2148.95, 1680.52
2149.03, 1680.85
2149.11, 1681.18
2149.19, 1681.52
2149.27, 1681.86
2149.35, 1682.21
2149.44, 1682.56
2149.52, 1682.92
2149.61, 1683.29
2149.7, 1683.67
2149.79, 1684.05
2149.89, 1684.44
2149.98, 1684.84
2150.08, 1685.25
2150.18, 1685.66
2150.27, 1686.07
2150.37, 1686.49

waypoints
x, y
2144.72, 1662.78
2144.8, 1663.15
2144.89, 1663.54
2144.99, 1663.93
2145.08, 1664.32
2145.18, 1664.73
2145.28, 1665.13
2145.38, 1665.55
2145.47, 1665.96
2145.62, 1666.57
2145.76, 1667.18
2145.91, 1667.78
2146.05, 1668.38
2146.19, 1668.96
2146.33, 1669.54
2146.46, 1670.1
2146.59, 1670.66
2146.72, 1671.19
2146.85, 1671.72
2146.97, 1672.23
2147.09, 1672.72
2147.2, 1673.2
2147.31, 1673.66
2147.42, 1674.11
2147.52, 1674.55
2147.62, 1674.97
2147.72, 1675.38
2147.82, 1675.77
2147.91, 1676.16
2148, 1676.53
2148.08, 1676.89
2148.17, 1677.24
2148.25, 1677.59
2148.33, 1677.93
2148.41, 1678.26
2148.49, 1678.59
2148.57, 1678.91
2148.64, 1679.23
2148.72, 1679.56
2148.8, 1679.88
2148.87, 1680.2
2148.95, 1680.52
2149.03, 1680.85
2149.11, 1681.18
2149.19, 1681.52
2149.27, 1681.86
2149.35, 1682.21
2149.44, 1682.56
2149.52, 1682.92
2149.61, 1683.29
2149.7, 1683.67
2149.79, 1684.05
2149.89, 1684.44
2149.98, 1684.84
2150.08, 1685.25
2150.18, 1685.66
2150.27, 1686.07
2150.37, 1686.49

waypoints
x, y
2145.08, 1664.32
2145.18, 1664.73
2145.28, 1665.13
2145.38, 1665.55
2145.47, 1665.96
2145.62, 1666.57
2145.76, 1667.18
2145.91, 1667.78
2146.05, 1668.38
2146.19, 1668.96
2146.33, 1669.54
2146.46, 1670.1
2146.59, 1670.66
2146.72, 1671.19
2146.85, 1671.72
2146.97, 1672.23
2147.09, 1672.72
2147.2, 1673.2
2147.31, 1673.66
2147.42, 1674.11
2147.52, 1674.55
2147.62, 1674.97
2147.72, 1675.38
2147.82, 1675.77
2147.91, 1676.16
2148, 1676.53
2148.08, 1676.89
2148.17, 1677.24
2148.25, 1677.59
2148.33, 1677.93
2148.41, 1678.26
2148.49, 1678.59
2148.57, 1678.91
2148.64, 1679.23
2148.72, 1679.56
2148.8, 1679.88
2148.87, 1680.2
2148.95, 1680.52
2149.03, 1680.85
2149.11, 1681.18
2149.19, 1681.52
2149.27, 1681.86
2149.35, 1682.21
2149.44, 1682.56
2149.52, 1682.92
2149.61, 1683.29
2149.7, 1683.67
2149.79, 1684.05
2149.89, 1684.44
2149.98, 1684.84
2150.08, 1685.25
2150.18, 1685.66
2150.27, 1686.07
2150.37, 1686.49

waypoints
x, y
2145.47, 1665.96
2145.62, 1666.57
2145.76, 1667.18
2145.91, 1667.78
2146.05, 1668.38
2146.19, 1668.96
2146.33, 1669.54
2146.46, 1670.1
2146.59, 1670.66
2146.72, 1671.19
2146.85, 1671.72
2146.97, 1672.23
2147.09, 1672.72
2147.2, 1673.2
2147.31, 1673.66
2147.42, 1674.11
2147.52, 1674.55
2147.62, 1674.97
2147.72, 1675.38
2147.82, 1675.77
2147.91, 1676.16
2148, 1676.53
2148.08, 1676.89
2148.17, 1677.24
2148.25, 1677.59
2148.33, 1677.93
2148.41, 1678.26
2148.49, 1678.59
2148.57, 1678.91
2148.64, 1679.23
2148.72, 1679.56
2148.8, 1679.88
2148.87, 1680.2
2148.95, 1680.52
2149.03, 1680.85
2149.11, 1681.18
2149.19, 1681.52
2149.27, 1681.86
2149.35, 1682.21
2149.44, 1682.56
2149.52, 1682.92
2149.61, 1683.29
2149.7, 1683.67
2149.79, 1684.05
2149.89, 1684.44
2149.98, 1684.84
2150.08, 1685.25
2150.18, 1685.66
2150.27, 1686.07
2150.37, 1686.49

waypoints
x, y
2146.05, 1668.38
2146.19, 1668.96
2146.33, 1669.54
2146.46, 1670.1
2146.59, 1670.66
2146.72, 1671.19
2146.85, 1671.72
2146.97, 1672.23
2147.09, 1672.72
2147.2, 1673.2
2147.31, 1673.66
2147.42, 1674.11
2147.52, 1674.55
2147.62, 1674.97
2147.72, 1675.38
2147.82, 1675.77
2147.91, 1676.16
2148, 1676.53
2148.08, 1676.89
2148.17, 1677.24
2148.25, 1677.59
2148.33, 1677.93
2148.41, 1678.26
2148.49, 1678.59
2148.57, 1678.91
2148.64, 1679.23
2148.72, 1679.56
2148.8, 1679.88
2148.87, 1680.2
2148.95, 1680.52
2149.03, 1680.85
2149.11, 1681.18
2149.19, 1681.52
2149.27, 1681.86
2149.35, 1682.21
2149.44, 1682.56
2149.52, 1682.92
2149.61, 1683.29
2149.7, 1683.67
2149.79, 1684.05
2149.89, 1684.44
2149.98, 1684.84
2150.08, 1685.25
2150.18, 1685.66
2150.27, 1686.07
2150.37, 1686.49
2150.52, 1687.09
2150.66, 1687.69
2150.8, 1688.28
2150.94, 1688.87
2151.08, 1689.45
2151.22, 1690.02
2151.35, 1690.58
2151.48, 1691.12
2151.61, 1691.66
2151.73, 1692.18
2151.85, 1692.68
2151.97, 1693.17
2152.08, 1693.65
2152.19, 1694.11
2152.3, 1694.56
2152.4, 1694.99
2152.5, 1695.42
2152.6, 1695.82
2152.7, 1696.22
2152.79, 1696.6
2152.88, 1696.98
2152.96, 1697.34
2153.05, 1697.7
2153.13, 1698.05
2153.21, 1698.39
2153.29, 1698.72
2153.37, 1699.06
2153.45, 1699.38
2153.53, 1699.71
2153.61, 1700.04
2153.68, 1700.36
2153.76, 1700.69
2153.84, 1701.02
2153.92, 1701.35
2154, 1701.68
2154.08, 1702.02
2154.16, 1702.37
2154.25, 1702.72
2154.33, 1703.07
2154.42, 1703.44
2154.51, 1703.81
2154.6, 1704.19
2154.69, 1704.57
2154.78, 1704.97
2154.88, 1705.36
2154.98, 1705.77
2155.07, 1706.18
2155.17, 1706.59
2155.27, 1707.01

waypoints
x, y
2146.59, 1670.66
2146.72, 1671.19
2146.85, 1671.72
2146.97, 1672.23
2147.09, 1672.72
2147.2, 1673.2
2147.31, 1673.66
2147.42, 1674.11
2147.52, 1674.55
2147.62, 1674.97
2147.72, 1675.38
2147.82, 1675.77
2147.91, 1676.16
2148, 1676.53
2148.08, 1676.89
2148.17, 1677.24
2148.25, 1677.59
2148.33, 1677.93
2148.41, 1678.26
2148.49, 1678.59
2148.57, 1678.91
2148.64, 1679.23
2148.72, 1679.56
2148.8, 1679.88
2148.87, 1680.2
2148.95, 1680.52
2149.03, 1680.85
2149.11, 1681.18
2149.19, 1681.52
2149.27, 1681.86
2149.35, 1682.21
2149.44, 1682.56
2149.52, 1682.92
2149.61, 1683.29
2149.7, 1683.67
2149.79, 1684.05
2149.89, 1684.44
2149.98, 1684.84
2150.08, 1685.25
2150.18, 1685.66
2150.27, 1686.07
2150.37, 1686.49
2150.52, 1687.09
2150.66, 1687.69
2150.8, 1688.28
2150.94, 1688.87
2151.08, 1689.45
2151.22, 1690.02
2151.35, 1690.58
2151.48, 1691.12
2151.61, 1691.66
2151.73, 1692.18
2151.85, 1692.68
2151.97, 1693.17
2152.08, 1693.65
2152.19, 1694.11
2152.3, 1694.56
2152.4, 1694.99
2152.5, 1695.41
2152.6, 1695.82
2152.7, 1696.22
2152.79, 1696.6
2152.88, 1696.98
2152.96, 1697.34
2153.05, 1697.7
2153.13, 1698.05
2153.21, 1698.39
2153.29, 1698.72
2153.37, 1699.06
2153.45, 1699.38
2153.53, 1699.71
2153.61, 1700.04
2153.68, 1700.36
2153.76, 1700.69
2153.84, 1701.02
2153.92, 1701.35
2154, 1701.68
2154.08, 1702.02
2154.16, 1702.37
2154.25, 1702.72
2154.33, 1703.08
2154.42, 1703.44
2154.51, 1703.81
2154.6, 1704.19
2154.69, 1704.57
2154.78, 1704.96
2154.88, 1705.36
2154.97, 1705.77
2155.07, 1706.18
2155.17, 1706.59
2155.27, 1707.01

waypoints
x, y
2147.09, 1672.72
2147.2, 1673.2
2147.31, 1673.66
2147.42, 1674.11
2147.52, 1674.55
2147.62, 1674.97
2147.72, 1675.38
2147.82, 1675.77
2147.91, 1676.16
2148, 1676.53
2148.08, 1676.89
2148.17, 1677.24
2148.25, 1677.59
2148.33, 1677.93
2148.41, 1678.26
2148.49, 1678.59
2148.57, 1678.91
2148.64, 1679.23
2148.72, 1679.56
2148.8, 1679.88
2148.87, 1680.2
2148.95, 1680.52
2149.03, 1680.85
2149.11, 1681.18
2149.19, 1681.52
2149.27, 1681.86
2149.35, 1682.21
2149.44, 1682.56
2149.52, 1682.92
2149.61, 1683.29
2149.7, 1683.67
2149.79, 1684.05
2149.89, 1684.44
2149.98, 1684.84
2150.08, 1685.25
2150.18, 1685.66
2150.27, 1686.07
2150.37, 1686.49
2150.52, 1687.09
2150.66, 1687.69
2150.8, 1688.28
2150.94, 1688.87
2151.08, 1689.45
2151.22, 1690.02
2151.35, 1690.58
2151.48, 1691.12
2151.61, 1691.66
2151.73, 1692.18
2151.85, 1692.68
2151.97, 1693.17
2152.08, 1693.65
2152.19, 1694.11
2152.3, 1694.56
2152.4, 1694.99
2152.5, 1695.41
2152.6, 1695.82
2152.7, 1696.22
2152.79, 1696.6
2152.88, 1696.98
2152.96, 1697.34
2153.05, 1697.7
2153.13, 1698.05
2153.21, 1698.39
2153.29, 1698.72
2153.37, 1699.06
2153.45, 1699.38
2153.53, 1699.71
2153.61, 1700.04
2153.68, 1700.36
2153.76, 1700.69
2153.84, 1701.02
2153.92, 1701.35
2154, 1701.68
2154.08, 1702.02
2154.16, 1702.37
2154.25, 1702.72
2154.33, 1703.08
2154.42, 1703.44
2154.51, 1703.81
2154.6, 1704.19
2154.69, 1704.57
2154.78, 1704.96
2154.88, 1705.36
2154.97, 1705.77
2155.07, 1706.18
2155.17, 1706.59
2155.27, 1707.01

waypoints
x, y
2147.42, 1674.11
2147.52, 1674.55
2147.62, 1674.97
2147.72, 1675.38
2147.82, 1675.77
2147.91, 1676.16
2148, 1676.53
2148.08, 1676.89
2148.17, 1677.24
2148.25, 1677.59
2148.33, 1677.93
2148.41, 1678.26
2148.49, 1678.59
2148.57, 1678.91
2148.64, 1679.23
2148.72, 1679.56
2148.8, 1679.88
2148.87, 1680.2
2148.95, 1680.52
2149.03, 1680.85
2149.11, 1681.18
2149.19, 1681.52
2149.27, 1681.86
2149.35, 1682.21
2149.44, 1682.56
2149.52, 1682.92
2149.61, 1683.29
2149.7, 1683.67
2149.79, 1684.05
2149.89, 1684.44
2149.98, 1684.84
2150.08, 1685.25
2150.18, 1685.66
2150.27, 1686.07
2150.37, 1686.49
2150.52, 1687.09
2150.66, 1687.69
2150.8, 1688.28
2150.94, 1688.87
2151.08, 1689.45
2151.22, 1690.02
2151.35, 1690.58
2151.48, 1691.12
2151.61, 1691.66
2151.73, 1692.18
2151.85, 1692.68
2151.97, 1693.17
2152.08, 1693.65
2152.19, 1694.11
2152.3, 1694.56
2152.4, 1694.99
2152.5, 1695.41
2152.6, 1695.82
2152.7, 1696.22
2152.79, 1696.6
2152.88, 1696.98
2152.96, 1697.34
2153.05, 1697.7
2153.13, 1698.05
2153.21, 1698.39
2153.29, 1698.72
2153.37, 1699.06
2153.45, 1699.38
2153.53, 1699.71
2153.61, 1700.04
2153.68, 1700.36
2153.76, 1700.69
2153.84, 1701.02
2153.92, 1701.35
2154, 1701.68
2154.08, 1702.02
2154.16, 1702.37
2154.25, 1702.72
2154.33, 1703.08
2154.42, 1703.44
2154.51, 1703.81
2154.6, 1704.19
2154.69, 1704.57
2154.78, 1704.96
2154.88, 1705.36
2154.97, 1705.77
2155.07, 1706.18
2155.17, 1706.59
2155.27, 1707.01

waypoints
x, y
2147.82, 1675.77
2147.91, 1676.16
2148, 1676.53
2148.08, 1676.89
2148.17, 1677.24
2148.25, 1677.59
2148.33, 1677.93
2148.41, 1678.26
2148.49, 1678.59
2148.57, 1678.91
2148.64, 1679.23
2148.72, 1679.56
2148.8, 1679.88
2148.87, 1680.2
2148.95, 1680.52
2149.03, 1680.85
2149.11, 1681.18
2149.19, 1681.52
2149.27, 1681.86
2149.35, 1682.21
2149.44, 1682.56
2149.52, 1682.92
2149.61, 1683.29
2149.7, 1683.67
2149.79, 1684.05
2149.89, 1684.44
2149.98, 1684.84
2150.08, 1685.25
2150.18, 1685.66
2150.27, 1686.07
2150.37, 1686.49
2150.52, 1687.09
2150.66, 1687.69
2150.8, 1688.28
2150.94, 1688.87
2151.08, 1689.45
2151.22, 1690.02
2151.35, 1690.58
2151.48, 1691.12
2151.61, 1691.66
2151.73, 1692.18
2151.85, 1692.68
2151.97, 1693.17
2152.08, 1693.65
2152.19, 1694.11
2152.3, 1694.56
2152.4, 1694.99
2152.5, 1695.41
2152.6, 1695.82
2152.7, 1696.22
2152.79, 1696.6
2152.88, 1696.98
2152.96, 1697.34
2153.05, 1697.7
2153.13, 1698.05
2153.21, 1698.39
2153.29, 1698.72
2153.37, 1699.06
2153.45, 1699.38
2153.53, 1699.71
2153.61, 1700.04
2153.68, 1700.36
2153.76, 1700.69
2153.84, 1701.02
2153.92, 1701.35
2154, 1701.68
2154.08, 1702.02
2154.16, 1702.37
2154.25, 1702.72
2154.33, 1703.08
2154.42, 1703.44
2154.51, 1703.81
2154.6, 1704.19
2154.69, 1704.57
2154.78, 1704.96
2154.88, 1705.36
2154.97, 1705.77
2155.07, 1706.18
2155.17, 1706.59
2155.27, 1707.01

waypoints
x, y
2148.17, 1677.24
2148.25, 1677.59
2148.33, 1677.93
2148.41, 1678.26
2148.49, 1678.59
2148.57, 1678.91
2148.64, 1679.23
2148.72, 1679.56
2148.8, 1679.88
2148.87, 1680.2
2148.95, 1680.52
2149.03, 1680.85
2149.11, 1681.18
2149.19, 1681.52
2149.27, 1681.86
2149.35, 1682.21
2149.44, 1682.56
2149.52, 1682.92
2149.61, 1683.29
2149.7, 1683.67
2149.79, 1684.05
2149.89, 1684.44
2149.98, 1684.84
2150.08, 1685.25
2150.18, 1685.66
2150.27, 1686.07
2150.37, 1686.49
2150.52, 1687.09
2150.66, 1687.69
2150.8, 1688.28
2150.94, 1688.87
2151.08, 1689.45
2151.22, 1690.02
2151.35, 1690.58
2151.48, 1691.12
2151.61, 1691.66
2151.73, 1692.18
2151.85, 1692.68
2151.97, 1693.17
2152.08, 1693.65
2152.19, 1694.11
2152.3, 1694.56
2152.4, 1694.99
2152.5, 1695.41
2152.6, 1695.82
2152.7, 1696.22
2152.79, 1696.6
2152.88, 1696.98
2152.96, 1697.34
2153.05, 1697.7
2153.13, 1698.05
2153.21, 1698.39
2153.29, 1698.72
2153.37, 1699.06
2153.45, 1699.38
2153.53, 1699.71
2153.61, 1700.04
2153.68, 1700.36
2153.76, 1700.69
2153.84, 1701.02
2153.92, 1701.35
2154, 1701.68
2154.08, 1702.02
2154.16, 1702.37
2154.25, 1702.72
2154.33, 1703.08
2154.42, 1703.44
2154.51, 1703.81
2154.6, 1704.19
2154.69, 1704.57
2154.78, 1704.96
2154.88, 1705.36
2154.97, 1705.77
2155.07, 1706.18
2155.17, 1706.59
2155.27, 1707.01

waypoints
x, y
2148.49, 1678.59
2148.57, 1678.91
2148.64, 1679.23
2148.72, 1679.56
2148.8, 1679.88
2148.87, 1680.2
2148.95, 1680.52
2149.03, 1680.85
2149.11, 1681.18
2149.19, 1681.52
2149.27, 1681.86
2149.35, 1682.21
2149.44, 1682.56
2149.52, 1682.92
2149.61, 1683.29
2149.7, 1683.67
2149.79, 1684.05
2149.89, 1684.44
2149.98, 1684.84
2150.08, 1685.25
2150.18, 1685.66
2150.27, 1686.07
2150.37, 1686.49
2150.52, 1687.09
2150.66, 1687.69
2150.8, 1688.28
2150.94, 1688.87
2151.08, 1689.45
2151.22, 1690.02
2151.35, 1690.58
2151.48, 1691.12
2151.61, 1691.66
2151.73, 1692.18
2151.85, 1692.68
2151.97, 1693.17
2152.08, 1693.65
2152.19, 1694.11
2152.3, 1694.56
2152.4, 1694.99
2152.5, 1695.41
2152.6, 1695.82
2152.7, 1696.22
2152.79, 1696.6
2152.88, 1696.98
2152.96, 1697.34
2153.05, 1697.7
2153.13, 1698.05
2153.21, 1698.39
2153.29, 1698.72
2153.37, 1699.06
2153.45, 1699.38
2153.53, 1699.71
2153.61, 1700.04
2153.68, 1700.36
2153.76, 1700.69
2153.84, 1701.02
2153.92, 1701.35
2154, 1701.68
2154.08, 1702.02
2154.16, 1702.37
2154.25, 1702.72
2154.33, 1703.08
2154.42, 1703.44
2154.51, 1703.81
2154.6, 1704.19
2154.69, 1704.57
2154.78, 1704.96
2154.88, 1705.36
2154.97, 1705.77
2155.07, 1706.18
2155.17, 1706.59
2155.27, 1707.01

waypoints
x, y
2148.8, 1679.88
2148.87, 1680.2
2148.95, 1680.52
2149.03, 1680.85
2149.11, 1681.18
2149.19, 1681.52
2149.27, 1681.86
2149.35, 1682.21
2149.44, 1682.56
2149.52, 1682.92
2149.61, 1683.29
2149.7, 1683.67
2149.79, 1684.05
2149.89, 1684.44
2149.98, 1684.84
2150.08, 1685.25
2150.18, 1685.66
2150.27, 1686.07
2150.37, 1686.49
2150.52, 1687.09
2150.66, 1687.69
2150.8, 1688.28
2150.94, 1688.87
2151.08, 1689.45
2151.22, 1690.02
2151.35, 1690.58
2151.48, 1691.12
2151.61, 1691.66
2151.73, 1692.18
2151.85, 1692.68
2151.97, 1693.17
2152.08, 1693.65
2152.19, 1694.11
2152.3, 1694.56
2152.4, 1694.99
2152.5, 1695.41
2152.6, 1695.82
2152.7, 1696.22
2152.79, 1696.6
2152.88, 1696.98
2152.96, 1697.34
2153.05, 1697.7
2153.13, 1698.05
2153.21, 1698.39
2153.29, 1698.72
2153.37, 1699.06
2153.45, 1699.38
2153.53, 1699.71
2153.61, 1700.04
2153.68, 1700.36
2153.76, 1700.69
2153.84, 1701.02
2153.92, 1701.35
2154, 1701.68
2154.08, 1702.02
2154.16, 1702.37
2154.25, 1702.72
2154.33, 1703.08
2154.42, 1703.44
2154.51, 1703.81
2154.6, 1704.19
2154.69, 1704.57
2154.78, 1704.96
2154.88, 1705.36
2154.97, 1705.77
2155.07, 1706.18
2155.17, 1706.59
2155.27, 1707.01

waypoints
x, y
2149.11, 1681.18
2149.19, 1681.52
2149.27, 1681.86
2149.35, 1682.21
2149.44, 1682.56
2149.52, 1682.92
2149.61, 1683.29
2149.7, 1683.67
2149.79, 1684.05
2149.89, 1684.44
2149.98, 1684.84
2150.08, 1685.25
2150.18, 1685.66
2150.27, 1686.07
2150.37, 1686.49
2150.52, 1687.09
2150.66, 1687.69
2150.8, 1688.28
2150.94, 1688.87
2151.08, 1689.45
2151.22, 1690.02
2151.35, 1690.58
2151.48, 1691.12
2151.61, 1691.66
2151.73, 1692.18
2151.85, 1692.68
2151.97, 1693.17
2152.08, 1693.65
2152.19, 1694.11
2152.3, 1694.56
2152.4, 1694.99
2152.5, 1695.41
2152.6, 1695.82
2152.7, 1696.22
2152.79, 1696.6
2152.88, 1696.98
2152.96, 1697.34
2153.05, 1697.7
2153.13, 1698.05
2153.21, 1698.39
2153.29, 1698.72
2153.37, 1699.06
2153.45, 1699.38
2153.53, 1699.71
2153.61, 1700.04
2153.68, 1700.36
2153.76, 1700.69
2153.84, 1701.02
2153.92, 1701.35
2154, 1701.68
2154.08, 1702.02
2154.16, 1702.37
2154.25, 1702.72
2154.33, 1703.08
2154.42, 1703.44
2154.51, 1703.81
2154.6, 1704.19
2154.69, 1704.57
2154.78, 1704.96
2154.88, 1705.36
2154.97, 1705.77
2155.07, 1706.18
2155.17, 1706.59
2155.27, 1707.01

waypoints
x, y
2149.44, 1682.56
2149.52, 1682.92
2149.61, 1683.29
2149.7, 1683.67
2149.79, 1684.05
2149.89, 1684.44
2149.98, 1684.84
2150.08, 1685.25
2150.18, 1685.66
2150.27, 1686.07
2150.37, 1686.49
2150.52, 1687.09
2150.66, 1687.69
2150.8, 1688.28
2150.94, 1688.87
2151.08, 1689.45
2151.22, 1690.02
2151.35, 1690.58
2151.48, 1691.12
2151.61, 1691.66
2151.73, 1692.18
2151.85, 1692.68
2151.97, 1693.17
2152.08, 1693.65
2152.19, 1694.11
2152.3, 1694.56
2152.4, 1694.99
2152.5, 1695.41
2152.6, 1695.82
2152.7, 1696.22
2152.79, 1696.6
2152.88, 1696.98
2152.96, 1697.34
2153.05, 1697.7
2153.13, 1698.05
2153.21, 1698.39
2153.29, 1698.72
2153.37, 1699.06
2153.45, 1699.38
2153.53, 1699.71
2153.61, 1700.04
2153.68, 1700.36
2153.76, 1700.69
2153.84, 1701.02
2153.92, 1701.35
2154, 1701.68
2154.08, 1702.02
2154.16, 1702.37
2154.25, 1702.72
2154.33, 1703.08
2154.42, 1703.44
2154.51, 1703.81
2154.6, 1704.19
2154.69, 1704.57
2154.78, 1704.96
2154.88, 1705.36
2154.97, 1705.77
2155.07, 1706.18
2155.17, 1706.59
2155.27, 1707.01

waypoints
x, y
2149.7, 1683.67
2149.79, 1684.05
2149.89, 1684.44
2149.98, 1684.84
2150.08, 1685.25
2150.18, 1685.66
2150.27, 1686.07
2150.37, 1686.49
2150.52, 1687.09
2150.66, 1687.69
2150.8, 1688.28
2150.94, 1688.87
2151.08, 1689.45
2151.22, 1690.02
2151.35, 1690.58
2151.48, 1691.12
2151.61, 1691.66
2151.73, 1692.18
2151.85, 1692.68
2151.97, 1693.17
2152.08, 1693.65
2152.19, 1694.11
2152.3, 1694.56
2152.4, 1694.99
2152.5, 1695.41
2152.6, 1695.82
2152.7, 1696.22
2152.79, 1696.6
2152.88, 1696.98
2152.96, 1697.34
2153.05, 1697.7
2153.13, 1698.05
2153.21, 1698.39
2153.29, 1698.72
2153.37, 1699.06
2153.45, 1699.38
2153.53, 1699.71
2153.61, 1700.04
2153.68, 1700.36
2153.76, 1700.69
2153.84, 1701.02
2153.92, 1701.35
2154, 1701.68
2154.08, 1702.02
2154.16, 1702.37
2154.25, 1702.72
2154.33, 1703.08
2154.42, 1703.44
2154.51, 1703.81
2154.6, 1704.19
2154.69, 1704.57
2154.78, 1704.96
2154.88, 1705.36
2154.97, 1705.77
2155.07, 1706.18
2155.17, 1706.59
2155.27, 1707.01

waypoints
x, y
2150.08, 1685.25
2150.18, 1685.66
2150.27, 1686.07
2150.37, 1686.49
2150.52, 1687.09
2150.66, 1687.69
2150.8, 1688.28
2150.94, 1688.87
2151.08, 1689.45
2151.22, 1690.02
2151.35, 1690.58
2151.48, 1691.12
2151.61, 1691.66
2151.73, 1692.18
2151.85, 1692.68
2151.97, 1693.17
2152.08, 1693.65
2152.19, 1694.11
2152.3, 1694.56
2152.4, 1694.99
2152.5, 1695.41
2152.6, 1695.82
2152.7, 1696.22
2152.79, 1696.6
2152.88, 1696.98
2152.96, 1697.34
2153.05, 1697.7
2153.13, 1698.05
2153.21, 1698.39
2153.29, 1698.72
2153.37, 1699.06
2153.45, 1699.38
2153.53, 1699.71
2153.61, 1700.04
2153.68, 1700.36
2153.76, 1700.69
2153.84, 1701.02
2153.92, 1701.35
2154, 1701.68
2154.08, 1702.02
2154.16, 1702.37
2154.25, 1702.72
2154.33, 1703.08
2154.42, 1703.44
2154.51, 1703.81
2154.6, 1704.19
2154.69, 1704.57
2154.78, 1704.96
2154.88, 1705.36
2154.97, 1705.77
2155.07, 1706.18
2155.17, 1706.59
2155.27, 1707.01

waypoints
x, y
2150.52, 1687.09
2150.66, 1687.69
2150.8, 1688.28
2150.94, 1688.87
2151.08, 1689.45
2151.22, 1690.02
2151.35, 1690.58
2151.48, 1691.12
2151.61, 1691.66
2151.73, 1692.18
2151.85, 1692.68
2151.97, 1693.17
2152.08, 1693.65
2152.19, 1694.11
2152.3, 1694.56
2152.4, 1694.99
2152.5, 1695.41
2152.6, 1695.82
2152.7, 1696.22
2152.79, 1696.6
2152.88, 1696.98
2152.96, 1697.34
2153.05, 1697.7
2153.13, 1698.05
2153.21, 1698.39
2153.29, 1698.72
2153.37, 1699.06
2153.45, 1699.38
2153.53, 1699.71
2153.61, 1700.04
2153.68, 1700.36
2153.76, 1700.69
2153.84, 1701.02
2153.92, 1701.35
2154, 1701.68
2154.08, 1702.02
2154.16, 1702.37
2154.25, 1702.72
2154.33, 1703.08
2154.42, 1703.44
2154.51, 1703.81
2154.6, 1704.19
2154.69, 1704.57
2154.78, 1704.96
2154.88, 1705.36
2154.97, 1705.77
2155.07, 1706.18
2155.17, 1706.59
2155.27, 1707.01
2155.37, 1707.43
2155.47, 1707.84
2155.57, 1708.26
2155.67, 1708.68
2155.77, 1709.09
2155.87, 1709.51
2155.97, 1709.93
2156.07, 1710.35
2156.17, 1710.76
2156.27, 1711.18
2156.37, 1711.6
2156.47, 1712.02
2156.57, 1712.44
2156.67, 1712.85
2156.77, 1713.27
2156.87, 1713.69
2156.97, 1714.11
2157.07, 1714.53
2157.17, 1714.95
2157.27, 1715.37
2157.37, 1715.79
2157.47, 1716.21
2157.57, 1716.63
2157.67, 1717.05
2157.77, 1717.46
2157.87, 1717.88
2157.97, 1718.3
2158.07, 1718.72
2158.17, 1719.14
2158.27, 1719.56
2158.37, 1719.98
2158.47, 1720.4
2158.57, 1720.82
2158.67, 1721.24
2158.77, 1721.66
2158.87, 1722.08
2158.97, 1722.5
2159.07, 1722.92
2159.17, 1723.34
2159.27, 1723.76
2159.37, 1724.18
2159.47, 1724.6
2159.57, 1725.02
2159.69, 1725.57
2159.76, 1726
2159.83, 1726.42
2159.9, 1726.84
2159.97, 1727.27
2160.05, 1727.69

waypoints
x, y
2151.08, 1689.45
2151.22, 1690.02
2151.35, 1690.58
2151.48, 1691.12
2151.61, 1691.66
2151.73, 1692.18
2151.85, 1692.68
2151.97, 1693.17
2152.08, 1693.65
2152.19, 1694.11
2152.3, 1694.56
2152.4, 1694.99
2152.5, 1695.41
2152.6, 1695.82
2152.7, 1696.22
2152.79, 1696.6
2152.88, 1696.98
2152.96, 1697.34
2153.05, 1697.7
2153.13, 1698.05
2153.21, 1698.39
2153.29, 1698.72
2153.37, 1699.06
2153.45, 1699.38
2153.53, 1699.71
2153.61, 1700.04
2153.68, 1700.36
2153.76, 1700.69
2153.84, 1701.02
2153.92, 1701.35
2154, 1701.68
2154.08, 1702.02
2154.16, 1702.37
2154.25, 1702.72
2154.33, 1703.08
2154.42, 1703.44
2154.51, 1703.81
2154.6, 1704.19
2154.69, 1704.57
2154.78, 1704.96
2154.88, 1705.36
2154.97, 1705.77
2155.07, 1706.18
2155.17, 1706.59
2155.27, 1707.01
2155.37, 1707.43
2155.47, 1707.84
2155.57, 1708.26
2155.67, 1708.68
2155.77, 1709.09
2155.87, 1709.51
2155.97, 1709.93
2156.07, 1710.35
2156.17, 1710.76
2156.27, 1711.18
2156.37, 1711.6
2156.47, 1712.02
2156.57, 1712.44
2156.67, 1712.86
2156.77, 1713.27
2156.87, 1713.69
2156.97, 1714.11
2157.07, 1714.53
2157.17, 1714.95
2157.27, 1715.37
2157.37, 1715.79
2157.47, 1716.21
2157.57, 1716.63
2157.67, 1717.05
2157.77, 1717.46
2157.87, 1717.88
2157.97, 1718.3
2158.07, 1718.72
2158.17, 1719.14
2158.27, 1719.56
2158.37, 1719.98
2158.47, 1720.4
2158.57, 1720.82
2158.67, 1721.24
2158.77, 1721.66
2158.87, 1722.08
2158.97, 1722.5
2159.07, 1722.92
2159.17, 1723.34
2159.27, 1723.76
2159.37, 1724.18
2159.47, 1724.6
2159.57, 1725.02
2159.69, 1725.57
2159.76, 1725.99
2159.83, 1726.42
2159.9, 1726.85
2159.97, 1727.27
2160.05, 1727.69

waypoints
x, y
2151.61, 1691.66
2151.73, 1692.18
2151.85, 1692.68
2151.97, 1693.17
2152.08, 1693.65
2152.19, 1694.11
2152.3, 1694.56
2152.4, 1694.99
2152.5, 1695.41
2152.6, 1695.82
2152.7, 1696.22
2152.79, 1696.6
2152.88, 1696.98
2152.96, 1697.34
2153.05, 1697.7
2153.13, 1698.05
2153.21, 1698.39
2153.29, 1698.72
2153.37, 1699.06
2153.45, 1699.38
2153.53, 1699.71
2153.61, 1700.04
2153.68, 1700.36
2153.76, 1700.69
2153.84, 1701.02
2153.92, 1701.35
2154, 1701.68
2154.08, 1702.02
2154.16, 1702.37
2154.25, 1702.72
2154.33, 1703.08
2154.42, 1703.44
2154.51, 1703.81
2154.6, 1704.19
2154.69, 1704.57
2154.78, 1704.96
2154.88, 1705.36
2154.97, 1705.77
2155.07, 1706.18
2155.17, 1706.59
2155.27, 1707.01
2155.37, 1707.43
2155.47, 1707.84
2155.57, 1708.26
2155.67, 1708.68
2155.77, 1709.09
2155.87, 1709.51
2155.97, 1709.93
2156.07, 1710.35
2156.17, 1710.76
2156.27, 1711.18
2156.37, 1711.6
2156.47, 1712.02
2156.57, 1712.44
2156.67, 1712.86
2156.77, 1713.27
2156.87, 1713.69
2156.97, 1714.11
2157.07, 1714.53
2157.17, 1714.95
2157.27, 1715.37
2157.37, 1715.79
2157.47, 1716.21
2157.57, 1716.63
2157.67, 1717.05
2157.77, 1717.46
2157.87, 1717.88
2157.97, 1718.3
2158.07, 1718.72
2158.17, 1719.14
2158.27, 1719.56
2158.37, 1719.98
2158.47, 1720.4
2158.57, 1720.82
2158.67, 1721.24
2158.77, 1721.66
2158.87, 1722.08
2158.97, 1722.5
2159.07, 1722.92
2159.17, 1723.34
2159.27, 1723.76
2159.37, 1724.18
2159.47, 1724.6
2159.57, 1725.02
2159.69, 1725.57
2159.76, 1725.99
2159.83, 1726.42
2159.9, 1726.85
2159.97, 1727.27
2160.05, 1727.69

waypoints
x, y
2151.97, 1693.17
2152.08, 1693.65
2152.19, 1694.11
2152.3, 1694.56
2152.4, 1694.99
2152.5, 1695.41
2152.6, 1695.82
2152.7, 1696.22
2152.79, 1696.6
2152.88, 1696.98
2152.96, 1697.34
2153.05, 1697.7
2153.13, 1698.05
2153.21, 1698.39
2153.29, 1698.72
2153.37, 1699.06
2153.45, 1699.38
2153.53, 1699.71
2153.61, 1700.04
2153.68, 1700.36
2153.76, 1700.69
2153.84, 1701.02
2153.92, 1701.35
2154, 1701.68
2154.08, 1702.02
2154.16, 1702.37
2154.25, 1702.72
2154.33, 1703.08
2154.42, 1703.44
2154.51, 1703.81
2154.6, 1704.19
2154.69, 1704.57
2154.78, 1704.96
2154.88, 1705.36
2154.97, 1705.77
2155.07, 1706.18
2155.17, 1706.59
2155.27, 1707.01
2155.37, 1707.43
2155.47, 1707.84
2155.57, 1708.26
2155.67, 1708.68
2155.77, 1709.09
2155.87, 1709.51
2155.97, 1709.93
2156.07, 1710.35
2156.17, 1710.76
2156.27, 1711.18
2156.37, 1711.6
2156.47, 1712.02
2156.57, 1712.44
2156.67, 1712.86
2156.77, 1713.27
2156.87, 1713.69
2156.97, 1714.11
2157.07, 1714.53
2157.17, 1714.95
2157.27, 1715.37
2157.37, 1715.79
2157.47, 1716.21
2157.57, 1716.63
2157.67, 1717.05
2157.77, 1717.46
2157.87, 1717.88
2157.97, 1718.3
2158.07, 1718.72
2158.17, 1719.14
2158.27, 1719.56
2158.37, 1719.98
2158.47, 1720.4
2158.57, 1720.82
2158.67, 1721.24
2158.77, 1721.66
2158.87, 1722.08
2158.97, 1722.5
2159.07, 1722.92
2159.17, 1723.34
2159.27, 1723.76
2159.37, 1724.18
2159.47, 1724.6
2159.57, 1725.02
2159.69, 1725.57
2159.76, 1725.99
2159.83, 1726.42
2159.9, 1726.85
2159.97, 1727.27
2160.05, 1727.69

waypoints
x, y
2152.4, 1694.99
2152.5, 1695.41
2152.6, 1695.82
2152.7, 1696.22
2152.79, 1696.6
2152.88, 1696.98
2152.96, 1697.34
2153.05, 1697.7
2153.13, 1698.05
2153.21, 1698.39
2153.29, 1698.72
2153.37, 1699.06
2153.45, 1699.38
2153.53, 1699.71
2153.61, 1700.04
2153.68, 1700.36
2153.76, 1700.69
2153.84, 1701.02
2153.92, 1701.35
2154, 1701.68
2154.08, 1702.02
2154.16, 1702.37
2154.25, 1702.72
2154.33, 1703.08
2154.42, 1703.44
2154.51, 1703.81
2154.6, 1704.19
2154.69, 1704.57
2154.78, 1704.96
2154.88, 1705.36
2154.97, 1705.77
2155.07, 1706.18
2155.17, 1706.59
2155.27, 1707.01
2155.37, 1707.43
2155.47, 1707.84
2155.57, 1708.26
2155.67, 1708.68
2155.77, 1709.09
2155.87, 1709.51
2155.97, 1709.93
2156.07, 1710.35
2156.17, 1710.76
2156.27, 1711.18
2156.37, 1711.6
2156.47, 1712.02
2156.57, 1712.44
2156.67, 1712.86
2156.77, 1713.27
2156.87, 1713.69
2156.97, 1714.11
2157.07, 1714.53
2157.17, 1714.95
2157.27, 1715.37
2157.37, 1715.79
2157.47, 1716.21
2157.57, 1716.63
2157.67, 1717.05
2157.77, 1717.46
2157.87, 1717.88
2157.97, 1718.3
2158.07, 1718.72
2158.17, 1719.14
2158.27, 1719.56
2158.37, 1719.98
2158.47, 1720.4
2158.57, 1720.82
2158.67, 1721.24
2158.77, 1721.66
2158.87, 1722.08
2158.97, 1722.5
2159.07, 1722.92
2159.17, 1723.34
2159.27, 1723.76
2159.37, 1724.18
2159.47, 1724.6
2159.57, 1725.02
2159.69, 1725.57
2159.76, 1725.99
2159.83, 1726.42
2159.9, 1726.85
2159.97, 1727.27
2160.05, 1727.69

waypoints
x, y
2152.79, 1696.6
2152.88, 1696.98
2152.96, 1697.34
2153.05, 1697.7
2153.13, 1698.05
2153.21, 1698.39
2153.29, 1698.72
2153.37, 1699.06
2153.45, 1699.38
2153.53, 1699.71
2153.61, 1700.04
2153.68, 1700.36
2153.76, 1700.69
2153.84, 1701.02
2153.92, 1701.35
2154, 1701.68
2154.08, 1702.02
2154.16, 1702.37
2154.25, 1702.72
2154.33, 1703.08
2154.42, 1703.44
2154.51, 1703.81
2154.6, 1704.19
2154.69, 1704.57
2154.78, 1704.96
2154.88, 1705.36
2154.97, 1705.77
2155.07, 1706.18
2155.17, 1706.59
2155.27, 1707.01
2155.37, 1707.43
2155.47, 1707.84
2155.57, 1708.26
2155.67, 1708.68
2155.77, 1709.09
2155.87, 1709.51
2155.97, 1709.93
2156.07, 1710.35
2156.17, 1710.76
2156.27, 1711.18
2156.37, 1711.6
2156.47, 1712.02
2156.57, 1712.44
2156.67, 1712.86
2156.77, 1713.27
2156.87, 1713.69
2156.97, 1714.11
2157.07, 1714.53
2157.17, 1714.95
2157.27, 1715.37
2157.37, 1715.79
2157.47, 1716.21
2157.57, 1716.63
2157.67, 1717.05
2157.77, 1717.46
2157.87, 1717.88
2157.97, 1718.3
2158.07, 1718.72
2158.17, 1719.14
2158.27, 1719.56
2158.37, 1719.98
2158.47, 1720.4
2158.57, 1720.82
2158.67, 1721.24
2158.77, 1721.66
2158.87, 1722.08
2158.97, 1722.5
2159.07, 1722.92
2159.17, 1723.34
2159.27, 1723.76
2159.37, 1724.18
2159.47, 1724.6
2159.57, 1725.02
2159.69, 1725.57
2159.76, 1725.99
2159.83, 1726.42
2159.9, 1726.85
2159.97, 1727.27
2160.05, 1727.69

waypoints
x, y
2153.13, 1698.05
2153.21, 1698.39
2153.29, 1698.72
2153.37, 1699.06
2153.45, 1699.38
2153.53, 1699.71
2153.61, 1700.04
2153.68, 1700.36
2153.76, 1700.69
2153.84, 1701.02
2153.92, 1701.35
2154, 1701.68
2154.08, 1702.02
2154.16, 1702.37
2154.25, 1702.72
2154.33, 1703.08
2154.42, 1703.44
2154.51, 1703.81
2154.6, 1704.19
2154.69, 1704.57
2154.78, 1704.96
2154.88, 1705.36
2154.97, 1705.77
2155.07, 1706.18
2155.17, 1706.59
2155.27, 1707.01
2155.37, 1707.43
2155.47, 1707.84
2155.57, 1708.26
2155.67, 1708.68
2155.77, 1709.09
2155.87, 1709.51
2155.97, 1709.93
2156.07, 1710.35
2156.17, 1710.76
2156.27, 1711.18
2156.37, 1711.6
2156.47, 1712.02
2156.57, 1712.44
2156.67, 1712.86
2156.77, 1713.27
2156.87, 1713.69
2156.97, 1714.11
2157.07, 1714.53
2157.17, 1714.95
2157.27, 1715.37
2157.37, 1715.79
2157.47, 1716.21
2157.57, 1716.63
2157.67, 1717.05
2157.77, 1717.46
2157.87, 1717.88
2157.97, 1718.3
2158.07, 1718.72
2158.17, 1719.14
2158.27, 1719.56
2158.37, 1719.98
2158.47, 1720.4
2158.57, 1720.82
2158.67, 1721.24
2158.77, 1721.66
2158.87, 1722.08
2158.97, 1722.5
2159.07, 1722.92
2159.17, 1723.34
2159.27, 1723.76
2159.37, 1724.18
2159.47, 1724.6
2159.57, 1725.02
2159.69, 1725.57
2159.76, 1725.99
2159.83, 1726.42
2159.9, 1726.85
2159.97, 1727.27
2160.05, 1727.69

waypoints
x, y
2153.45, 1699.38
2153.53, 1699.71
2153.61, 1700.04
2153.68, 1700.36
2153.76, 1700.69
2153.84, 1701.02
2153.92, 1701.35
2154, 1701.68
2154.08, 1702.02
2154.16, 1702.37
2154.25, 1702.72
2154.33, 1703.08
2154.42, 1703.44
2154.51, 1703.81
2154.6, 1704.19
2154.69, 1704.57
2154.78, 1704.96
2154.88, 1705.36
2154.97, 1705.77
2155.07, 1706.18
2155.17, 1706.59
2155.27, 1707.01
2155.37, 1707.43
2155.47, 1707.84
2155.57, 1708.26
2155.67, 1708.68
2155.77, 1709.09
2155.87, 1709.51
2155.97, 1709.93
2156.07, 1710.35
2156.17, 1710.76
2156.27, 1711.18
2156.37, 1711.6
2156.47, 1712.02
2156.57, 1712.44
2156.67, 1712.86
2156.77, 1713.27
2156.87, 1713.69
2156.97, 1714.11
2157.07, 1714.53
2157.17, 1714.95
2157.27, 1715.37
2157.37, 1715.79
2157.47, 1716.21
2157.57, 1716.63
2157.67, 1717.05
2157.77, 1717.46
2157.87, 1717.88
2157.97, 1718.3
2158.07, 1718.72
2158.17, 1719.14
2158.27, 1719.56
2158.37, 1719.98
2158.47, 1720.4
2158.57, 1720.82
2158.67, 1721.24
2158.77, 1721.66
2158.87, 1722.08
2158.97, 1722.5
2159.07, 1722.92
2159.17, 1723.34
2159.27, 1723.76
2159.37, 1724.18
2159.47, 1724.6
2159.57, 1725.02
2159.69, 1725.57
2159.76, 1725.99
2159.83, 1726.42
2159.9, 1726.85
2159.97, 1727.27
2160.05, 1727.69

waypoints
x, y
2153.76, 1700.69
2153.84, 1701.02
2153.92, 1701.35
2154, 1701.68
2154.08, 1702.02
2154.16, 1702.37
2154.25, 1702.72
2154.33, 1703.08
2154.42, 1703.44
2154.51, 1703.81
2154.6, 1704.19
2154.69, 1704.57
2154.78, 1704.96
2154.88, 1705.36
2154.97, 1705.77
2155.07, 1706.18
2155.17, 1706.59
2155.27, 1707.01
2155.37, 1707.43
2155.47, 1707.84
2155.57, 1708.26
2155.67, 1708.68
2155.77, 1709.09
2155.87, 1709.51
2155.97, 1709.93
2156.07, 1710.35
2156.17, 1710.76
2156.27, 1711.18
2156.37, 1711.6
2156.47, 1712.02
2156.57, 1712.44
2156.67, 1712.86
2156.77, 1713.27
2156.87, 1713.69
2156.97, 1714.11
2157.07, 1714.53
2157.17, 1714.95
2157.27, 1715.37
2157.37, 1715.79
2157.47, 1716.21
2157.57, 1716.63
2157.67, 1717.05
2157.77, 1717.46
2157.87, 1717.88
2157.97, 1718.3
2158.07, 1718.72
2158.17, 1719.14
2158.27, 1719.56
2158.37, 1719.98
2158.47, 1720.4
2158.57, 1720.82
2158.67, 1721.24
2158.77, 1721.66
2158.87, 1722.08
2158.97, 1722.5
2159.07, 1722.92
2159.17, 1723.34
2159.27, 1723.76
2159.37, 1724.18
2159.47, 1724.6
2159.57, 1725.02
2159.69, 1725.57
2159.76, 1725.99
2159.83, 1726.42
2159.9, 1726.85
2159.97, 1727.27
2160.05, 1727.69

waypoints
x, y
2154.08, 1702.02
2154.16, 1702.37
2154.25, 1702.72
2154.33, 1703.08
2154.42, 1703.44
2154.51, 1703.81
2154.6, 1704.19
2154.69, 1704.57
2154.78, 1704.96
2154.88, 1705.36
2154.97, 1705.77
2155.07, 1706.18
2155.17, 1706.59
2155.27, 1707.01
2155.37, 1707.43
2155.47, 1707.84
2155.57, 1708.26
2155.67, 1708.68
2155.77, 1709.09
2155.87, 1709.51
2155.97, 1709.93
2156.07, 1710.35
2156.17, 1710.76
2156.27, 1711.18
2156.37, 1711.6
2156.47, 1712.02
2156.57, 1712.44
2156.67, 1712.86
2156.77, 1713.27
2156.87, 1713.69
2156.97, 1714.11
2157.07, 1714.53
2157.17, 1714.95
2157.27, 1715.37
2157.37, 1715.79
2157.47, 1716.21
2157.57, 1716.63
2157.67, 1717.05
2157.77, 1717.46
2157.87, 1717.88
2157.97, 1718.3
2158.07, 1718.72
2158.17, 1719.14
2158.27, 1719.56
2158.37, 1719.98
2158.47, 1720.4
2158.57, 1720.82
2158.67, 1721.24
2158.77, 1721.66
2158.87, 1722.08
2158.97, 1722.5
2159.07, 1722.92
2159.17, 1723.34
2159.27, 1723.76
2159.37, 1724.18
2159.47, 1724.6
2159.57, 1725.02
2159.69, 1725.57
2159.76, 1725.99
2159.83, 1726.42
2159.9, 1726.85
2159.97, 1727.27
2160.05, 1727.69

waypoints
x, y
2154.42, 1703.44
2154.51, 1703.81
2154.6, 1704.19
2154.69, 1704.57
2154.78, 1704.96
2154.88, 1705.36
2154.97, 1705.77
2155.07, 1706.18
2155.17, 1706.59
2155.27, 1707.01
2155.37, 1707.43
2155.47, 1707.84
2155.57, 1708.26
2155.67, 1708.68
2155.77, 1709.09
2155.87, 1709.51
2155.97, 1709.93
2156.07, 1710.35
2156.17, 1710.76
2156.27, 1711.18
2156.37, 1711.6
2156.47, 1712.02
2156.57, 1712.44
2156.67, 1712.86
2156.77, 1713.27
2156.87, 1713.69
2156.97, 1714.11
2157.07, 1714.53
2157.17, 1714.95
2157.27, 1715.37
2157.37, 1715.79
2157.47, 1716.21
2157.57, 1716.63
2157.67, 1717.05
2157.77, 1717.46
2157.87, 1717.88
2157.97, 1718.3
2158.07, 1718.72
2158.17, 1719.14
2158.27, 1719.56
2158.37, 1719.98
2158.47, 1720.4
2158.57, 1720.82
2158.67, 1721.24
2158.77, 1721.66
2158.87, 1722.08
2158.97, 1722.5
2159.07, 1722.92
2159.17, 1723.34
2159.27, 1723.76
2159.37, 1724.18
2159.47, 1724.6
2159.57, 1725.02
2159.69, 1725.57
2159.76, 1725.99
2159.83, 1726.42
2159.9, 1726.85
2159.97, 1727.27
2160.05, 1727.69

waypoints
x, y
2154.78, 1704.96
2154.88, 1705.36
2154.97, 1705.77
2155.07, 1706.18
2155.17, 1706.59
2155.27, 1707.01
2155.37, 1707.43
2155.47, 1707.84
2155.57, 1708.26
2155.67, 1708.68
2155.77, 1709.09
2155.87, 1709.51
2155.97, 1709.93
2156.07, 1710.35
2156.17, 1710.76
2156.27, 1711.18
2156.37, 1711.6
2156.47, 1712.02
2156.57, 1712.44
2156.67, 1712.86
2156.77, 1713.27
2156.87, 1713.69
2156.97, 1714.11
2157.07, 1714.53
2157.17, 1714.95
2157.27, 1715.37
2157.37, 1715.79
2157.47, 1716.21
2157.57, 1716.63
2157.67, 1717.05
2157.77, 1717.46
2157.87, 1717.88
2157.97, 1718.3
2158.07, 1718.72
2158.17, 1719.14
2158.27, 1719.56
2158.37, 1719.98
2158.47, 1720.4
2158.57, 1720.82
2158.67, 1721.24
2158.77, 1721.66
2158.87, 1722.08
2158.97, 1722.5
2159.07, 1722.92
2159.17, 1723.34
2159.27, 1723.76
2159.37, 1724.18
2159.47, 1724.6
2159.57, 1725.02
2159.69, 1725.57
2159.76, 1725.99
2159.83, 1726.42
2159.9, 1726.85
2159.97, 1727.27
2160.05, 1727.69

waypoints
x, y
2155.07, 1706.18
2155.17, 1706.59
2155.27, 1707.01
2155.37, 1707.43
2155.47, 1707.84
2155.57, 1708.26
2155.67, 1708.68
2155.77, 1709.09
2155.87, 1709.51
2155.97, 1709.93
2156.07, 1710.35
2156.17, 1710.76
2156.27, 1711.18
2156.37, 1711.6
2156.47, 1712.02
2156.57, 1712.44
2156.67, 1712.86
2156.77, 1713.27
2156.87, 1713.69
2156.97, 1714.11
2157.07, 1714.53
2157.17, 1714.95
2157.27, 1715.37
2157.37, 1715.79
2157.47, 1716.21
2157.57, 1716.63
2157.67, 1717.05
2157.77, 1717.46
2157.87, 1717.88
2157.97, 1718.3
2158.07, 1718.72
2158.17, 1719.14
2158.27, 1719.56
2158.37, 1719.98
2158.47, 1720.4
2158.57, 1720.82
2158.67, 1721.24
2158.77, 1721.66
2158.87, 1722.08
2158.97, 1722.5
2159.07, 1722.92
2159.17, 1723.34
2159.27, 1723.76
2159.37, 1724.18
2159.47, 1724.6
2159.57, 1725.02
2159.69, 1725.57
2159.76, 1725.99
2159.83, 1726.42
2159.9, 1726.85
2159.97, 1727.27
2160.05, 1727.69

waypoints
x, y
2155.47, 1707.84
2155.57, 1708.26
2155.67, 1708.68
2155.77, 1709.09
2155.87, 1709.51
2155.97, 1709.93
2156.07, 1710.35
2156.17, 1710.76
2156.27, 1711.18
2156.37, 1711.6
2156.47, 1712.02
2156.57, 1712.44
2156.67, 1712.86
2156.77, 1713.27
2156.87, 1713.69
2156.97, 1714.11
2157.07, 1714.53
2157.17, 1714.95
2157.27, 1715.37
2157.37, 1715.79
2157.47, 1716.21
2157.57, 1716.63
2157.67, 1717.05
2157.77, 1717.46
2157.87, 1717.88
2157.97, 1718.3
2158.07, 1718.72
2158.17, 1719.14
2158.27, 1719.56
2158.37, 1719.98
2158.47, 1720.4
2158.57, 1720.82
2158.67, 1721.24
2158.77, 1721.66
2158.87, 1722.08
2158.97, 1722.5
2159.07, 1722.92
2159.17, 1723.34
2159.27, 1723.76
2159.37, 1724.18
2159.47, 1724.6
2159.57, 1725.02
2159.69, 1725.57
2159.76, 1725.99
2159.83, 1726.42
2159.9, 1726.85
2159.97, 1727.27
2160.05, 1727.69
2160.12, 1728.12
2160.19, 1728.54
2160.26, 1728.96
2160.33, 1729.38
2160.4, 1729.81
2160.47, 1730.23
2160.54, 1730.65
2160.61, 1731.08
2160.69, 1731.5
2160.76, 1731.92
2160.83, 1732.35
2160.9, 1732.77
2160.97, 1733.2
2161.04, 1733.62
2161.11, 1734.04
2161.18, 1734.47
2161.25, 1734.89
2161.33, 1735.32
2161.4, 1735.74
2161.47, 1736.17
2161.54, 1736.59
2161.61, 1737.02
2161.68, 1737.44
2161.75, 1737.87
2161.83, 1738.29
2161.9, 1738.72
2161.97, 1739.15
2162.04, 1739.57
2162.11, 1740
2162.18, 1740.42
2162.25, 1740.85
2162.33, 1741.27
2162.4, 1741.7
2162.47, 1742.12
2162.54, 1742.55
2162.61, 1742.98
2162.68, 1743.4
2162.75, 1743.83
2162.83, 1744.25
2162.9, 1744.68
2162.97, 1745.1
2163.04, 1745.53
2163.11, 1745.95
2163.18, 1746.38
2163.25, 1746.8
2163.33, 1747.23
2163.4, 1747.65
2163.47, 1748.08
2163.54, 1748.5

waypoints
x, y
2155.87, 1709.51
2155.97, 1709.93
2156.07, 1710.35
2156.17, 1710.76
2156.27, 1711.18
2156.37, 1711.6
2156.47, 1712.02
2156.57, 1712.44
2156.67, 1712.86
2156.77, 1713.27
2156.87, 1713.69
2156.97, 1714.11
2157.07, 1714.53
2157.17, 1714.95
2157.27, 1715.37
2157.37, 1715.79
2157.47, 1716.21
2157.57, 1716.63
2157.67, 1717.05
2157.77, 1717.46
2157.87, 1717.88
2157.97, 1718.3
2158.07, 1718.72
2158.17, 1719.14
2158.27, 1719.56
2158.37, 1719.98
2158.47, 1720.4
2158.57, 1720.82
2158.67, 1721.24
2158.77, 1721.66
2158.87, 1722.08
2158.97, 1722.5
2159.07, 1722.92
2159.17, 1723.34
2159.27, 1723.76
2159.37, 1724.18
2159.47, 1724.6
2159.57, 1725.02
2159.69, 1725.57
2159.76, 1725.99
2159.83, 1726.42
2159.9, 1726.85
2159.97, 1727.27
2160.05, 1727.69
2160.12, 1728.12
2160.19, 1728.54
2160.26, 1728.96
2160.33, 1729.38
2160.4, 1729.81
2160.47, 1730.23
2160.54, 1730.65
2160.61, 1731.08
2160.68, 1731.5
2160.76, 1731.92
2160.83, 1732.35
2160.9, 1732.77
2160.97, 1733.2
2161.04, 1733.62
2161.11, 1734.04
2161.18, 1734.47
2161.26, 1734.89
2161.33, 1735.32
2161.4, 1735.74
2161.47, 1736.17
2161.54, 1736.59
2161.61, 1737.02
2161.68, 1737.44
2161.75, 1737.87
2161.83, 1738.29
2161.9, 1738.72
2161.97, 1739.15
2162.04, 1739.57
2162.11, 1740
2162.18, 1740.42
2162.25, 1740.85
2162.33, 1741.27
2162.4, 1741.7
2162.47, 1742.12
2162.54, 1742.55
2162.61, 1742.98
2162.68, 1743.4
2162.75, 1743.83
2162.83, 1744.25
2162.9, 1744.68
2162.97, 1745.1
2163.04, 1745.53
2163.11, 1745.95
2163.18, 1746.38
2163.25, 1746.8
2163.32, 1747.23
2163.4, 1747.65
2163.47, 1748.08
2163.54, 1748.5

waypoints
x, y
2156.27, 1711.18
2156.37, 1711.6
2156.47, 1712.02
2156.57, 1712.44
2156.67, 1712.86
2156.77, 1713.27
2156.87, 1713.69
2156.97, 1714.11
2157.07, 1714.53
2157.17, 1714.95
2157.27, 1715.37
2157.37, 1715.79
2157.47, 1716.21
2157.57, 1716.63
2157.67, 1717.05
2157.77, 1717.46
2157.87, 1717.88
2157.97, 1718.3
2158.07, 1718.72
2158.17, 1719.14
2158.27, 1719.56
2158.37, 1719.98
2158.47, 1720.4
2158.57, 1720.82
2158.67, 1721.24
2158.77, 1721.66
2158.87, 1722.08
2158.97, 1722.5
2159.07, 1722.92
2159.17, 1723.34
2159.27, 1723.76
2159.37, 1724.18
2159.47, 1724.6
2159.57, 1725.02
2159.69, 1725.57
2159.76, 1725.99
2159.83, 1726.42
2159.9, 1726.85
2159.97, 1727.27
2160.05, 1727.69
2160.12, 1728.12
2160.19, 1728.54
2160.26, 1728.96
2160.33, 1729.38
2160.4, 1729.81
2160.47, 1730.23
2160.54, 1730.65
2160.61, 1731.08
2160.68, 1731.5
2160.76, 1731.92
2160.83, 1732.35
2160.9, 1732.77
2160.97, 1733.2
2161.04, 1733.62
2161.11, 1734.04
2161.18, 1734.47
2161.26, 1734.89
2161.33, 1735.32
2161.4, 1735.74
2161.47, 1736.17
2161.54, 1736.59
2161.61, 1737.02
2161.68, 1737.44
2161.75, 1737.87
2161.83, 1738.29
2161.9, 1738.72
2161.97, 1739.15
2162.04, 1739.57
2162.11, 1740
2162.18, 1740.42
2162.25, 1740.85
2162.33, 1741.27
2162.4, 1741.7
2162.47, 1742.12
2162.54, 1742.55
2162.61, 1742.98
2162.68, 1743.4
2162.75, 1743.83
2162.83, 1744.25
2162.9, 1744.68
2162.97, 1745.1
2163.04, 1745.53
2163.11, 1745.95
2163.18, 1746.38
2163.25, 1746.8
2163.32, 1747.23
2163.4, 1747.65
2163.47, 1748.08
2163.54, 1748.5

waypoints
x, y
2156.57, 1712.44
2156.67, 1712.86
2156.77, 1713.27
2156.87, 1713.69
2156.97, 1714.11
2157.07, 1714.53
2157.17, 1714.95
2157.27, 1715.37
2157.37, 1715.79
2157.47, 1716.21
2157.57, 1716.63
2157.67, 1717.05
2157.77, 1717.46
2157.87, 1717.88
2157.97, 1718.3
2158.07, 1718.72
2158.17, 1719.14
2158.27, 1719.56
2158.37, 1719.98
2158.47, 1720.4
2158.57, 1720.82
2158.67, 1721.24
2158.77, 1721.66
2158.87, 1722.08
2158.97, 1722.5
2159.07, 1722.92
2159.17, 1723.34
2159.27, 1723.76
2159.37, 1724.18
2159.47, 1724.6
2159.57, 1725.02
2159.69, 1725.57
2159.76, 1725.99
2159.83, 1726.42
2159.9, 1726.85
2159.97, 1727.27
2160.05, 1727.69
2160.12, 1728.12
2160.19, 1728.54
2160.26, 1728.96
2160.33, 1729.38
2160.4, 1729.81
2160.47, 1730.23
2160.54, 1730.65
2160.61, 1731.08
2160.68, 1731.5
2160.76, 1731.92
2160.83, 1732.35
2160.9, 1732.77
2160.97, 1733.2
2161.04, 1733.62
2161.11, 1734.04
2161.18, 1734.47
2161.26, 1734.89
2161.33, 1735.32
2161.4, 1735.74
2161.47, 1736.17
2161.54, 1736.59
2161.61, 1737.02
2161.68, 1737.44
2161.75, 1737.87
2161.83, 1738.29
2161.9, 1738.72
2161.97, 1739.15
2162.04, 1739.57
2162.11, 1740
2162.18, 1740.42
2162.25, 1740.85
2162.33, 1741.27
2162.4, 1741.7
2162.47, 1742.12
2162.54, 1742.55
2162.61, 1742.98
2162.68, 1743.4
2162.75, 1743.83
2162.83, 1744.25
2162.9, 1744.68
2162.97, 1745.1
2163.04, 1745.53
2163.11, 1745.95
2163.18, 1746.38
2163.25, 1746.8
2163.32, 1747.23
2163.4, 1747.65
2163.47, 1748.08
2163.54, 1748.5

waypoints
x, y
2156.97, 1714.11
2157.07, 1714.53
2157.17, 1714.95
2157.27, 1715.37
2157.37, 1715.79
2157.47, 1716.21
2157.57, 1716.63
2157.67, 1717.05
2157.77, 1717.46
2157.87, 1717.88
2157.97, 1718.3
2158.07, 1718.72
2158.17, 1719.14
2158.27, 1719.56
2158.37, 1719.98
2158.47, 1720.4
2158.57, 1720.82
2158.67, 1721.24
2158.77, 1721.66
2158.87, 1722.08
2158.97, 1722.5
2159.07, 1722.92
2159.17, 1723.34
2159.27, 1723.76
2159.37, 1724.18
2159.47, 1724.6
2159.57, 1725.02
2159.69, 1725.57
2159.76, 1725.99
2159.83, 1726.42
2159.9, 1726.85
2159.97, 1727.27
2160.05, 1727.69
2160.12, 1728.12
2160.19, 1728.54
2160.26, 1728.96
2160.33, 1729.38
2160.4, 1729.81
2160.47, 1730.23
2160.54, 1730.65
2160.61, 1731.08
2160.68, 1731.5
2160.76, 1731.92
2160.83, 1732.35
2160.9, 1732.77
2160.97, 1733.2
2161.04, 1733.62
2161.11, 1734.04
2161.18, 1734.47
2161.26, 1734.89
2161.33, 1735.32
2161.4, 1735.74
2161.47, 1736.17
2161.54, 1736.59
2161.61, 1737.02
2161.68, 1737.44
2161.75, 1737.87
2161.83, 1738.29
2161.9, 1738.72
2161.97, 1739.15
2162.04, 1739.57
2162.11, 1740
2162.18, 1740.42
2162.25, 1740.85
2162.33, 1741.27
2162.4, 1741.7
2162.47, 1742.12
2162.54, 1742.55
2162.61, 1742.98
2162.68, 1743.4
2162.75, 1743.83
2162.83, 1744.25
2162.9, 1744.68
2162.97, 1745.1
2163.04, 1745.53
2163.11, 1745.95
2163.18, 1746.38
2163.25, 1746.8
2163.32, 1747.23
2163.4, 1747.65
2163.47, 1748.08
2163.54, 1748.5

waypoints
x, y
2157.37, 1715.79
2157.47, 1716.21
2157.57, 1716.63
2157.67, 1717.05
2157.77, 1717.46
2157.87, 1717.88
2157.97, 1718.3
2158.07, 1718.72
2158.17, 1719.14
2158.27, 1719.56
2158.37, 1719.98
2158.47, 1720.4
2158.57, 1720.82
2158.67, 1721.24
2158.77, 1721.66
2158.87, 1722.08
2158.97, 1722.5
2159.07, 1722.92
2159.17, 1723.34
2159.27, 1723.76
2159.37, 1724.18
2159.47, 1724.6
2159.57, 1725.02
2159.69, 1725.57
2159.76, 1725.99
2159.83, 1726.42
2159.9, 1726.85
2159.97, 1727.27
2160.05, 1727.69
2160.12, 1728.12
2160.19, 1728.54
2160.26, 1728.96
2160.33, 1729.38
2160.4, 1729.81
2160.47, 1730.23
2160.54, 1730.65
2160.61, 1731.08
2160.68, 1731.5
2160.76, 1731.92
2160.83, 1732.35
2160.9, 1732.77
2160.97, 1733.2
2161.04, 1733.62
2161.11, 1734.04
2161.18, 1734.47
2161.26, 1734.89
2161.33, 1735.32
2161.4, 1735.74
2161.47, 1736.17
2161.54, 1736.59
2161.61, 1737.02
2161.68, 1737.44
2161.75, 1737.87
2161.83, 1738.29
2161.9, 1738.72
2161.97, 1739.15
2162.04, 1739.57
2162.11, 1740
2162.18, 1740.42
2162.25, 1740.85
2162.33, 1741.27
2162.4, 1741.7
2162.47, 1742.12
2162.54, 1742.55
2162.61, 1742.98
2162.68, 1743.4
2162.75, 1743.83
2162.83, 1744.25
2162.9, 1744.68
2162.97, 1745.1
2163.04, 1745.53
2163.11, 1745.95
2163.18, 1746.38
2163.25, 1746.8
2163.32, 1747.23
2163.4, 1747.65
2163.47, 1748.08
2163.54, 1748.5

waypoints
x, y
2157.77, 1717.46
2157.87, 1717.88
2157.97, 1718.3
2158.07, 1718.72
2158.17, 1719.14
2158.27, 1719.56
2158.37, 1719.98
2158.47, 1720.4
2158.57, 1720.82
2158.67, 1721.24
2158.77, 1721.66
2158.87, 1722.08
2158.97, 1722.5
2159.07, 1722.92
2159.17, 1723.34
2159.27, 1723.76
2159.37, 1724.18
2159.47, 1724.6
2159.57, 1725.02
2159.69, 1725.57
2159.76, 1725.99
2159.83, 1726.42
2159.9, 1726.85
2159.97, 1727.27
2160.05, 1727.69
2160.12, 1728.12
2160.19, 1728.54
2160.26, 1728.96
2160.33, 1729.38
2160.4, 1729.81
2160.47, 1730.23
2160.54, 1730.65
2160.61, 1731.08
2160.68, 1731.5
2160.76, 1731.92
2160.83, 1732.35
2160.9, 1732.77
2160.97, 1733.2
2161.04, 1733.62
2161.11, 1734.04
2161.18, 1734.47
2161.26, 1734.89
2161.33, 1735.32
2161.4, 1735.74
2161.47, 1736.17
2161.54, 1736.59
2161.61, 1737.02
2161.68, 1737.44
2161.75, 1737.87
2161.83, 1738.29
2161.9, 1738.72
2161.97, 1739.15
2162.04, 1739.57
2162.11, 1740
2162.18, 1740.42
2162.25, 1740.85
2162.33, 1741.27
2162.4, 1741.7
2162.47, 1742.12
2162.54, 1742.55
2162.61, 1742.98
2162.68, 1743.4
2162.75, 1743.83
2162.83, 1744.25
2162.9, 1744.68
2162.97, 1745.1
2163.04, 1745.53
2163.11, 1745.95
2163.18, 1746.38
2163.25, 1746.8
2163.32, 1747.23
2163.4, 1747.65
2163.47, 1748.08
2163.54, 1748.5

waypoints
x, y
2158.07, 1718.72
2158.17, 1719.14
2158.27, 1719.56
2158.37, 1719.98
2158.47, 1720.4
2158.57, 1720.82
2158.67, 1721.24
2158.77, 1721.66
2158.87, 1722.08
2158.97, 1722.5
2159.07, 1722.92
2159.17, 1723.34
2159.27, 1723.76
2159.37, 1724.18
2159.47, 1724.6
2159.57, 1725.02
2159.69, 1725.57
2159.76, 1725.99
2159.83, 1726.42
2159.9, 1726.85
2159.97, 1727.27
2160.05, 1727.69
2160.12, 1728.12
2160.19, 1728.54
2160.26, 1728.96
2160.33, 1729.38
2160.4, 1729.81
2160.47, 1730.23
2160.54, 1730.65
2160.61, 1731.08
2160.68, 1731.5
2160.76, 1731.92
2160.83, 1732.35
2160.9, 1732.77
2160.97, 1733.2
2161.04, 1733.62
2161.11, 1734.04
2161.18, 1734.47
2161.26, 1734.89
2161.33, 1735.32
2161.4, 1735.74
2161.47, 1736.17
2161.54, 1736.59
2161.61, 1737.02
2161.68, 1737.44
2161.75, 1737.87
2161.83, 1738.29
2161.9, 1738.72
2161.97, 1739.15
2162.04, 1739.57
2162.11, 1740
2162.18, 1740.42
2162.25, 1740.85
2162.33, 1741.27
2162.4, 1741.7
2162.47, 1742.12
2162.54, 1742.55
2162.61, 1742.98
2162.68, 1743.4
2162.75, 1743.83
2162.83, 1744.25
2162.9, 1744.68
2162.97, 1745.1
2163.04, 1745.53
2163.11, 1745.95
2163.18, 1746.38
2163.25, 1746.8
2163.32, 1747.23
2163.4, 1747.65
2163.47, 1748.08
2163.54, 1748.5

waypoints
x, y
2158.47, 1720.4
2158.57, 1720.82
2158.67, 1721.24
2158.77, 1721.66
2158.87, 1722.08
2158.97, 1722.5
2159.07, 1722.92
2159.17, 1723.34
2159.27, 1723.76
2159.37, 1724.18
2159.47, 1724.6
2159.57, 1725.02
2159.69, 1725.57
2159.76, 1725.99
2159.83, 1726.42
2159.9, 1726.85
2159.97, 1727.27
2160.05, 1727.69
2160.12, 1728.12
2160.19, 1728.54
2160.26, 1728.96
2160.33, 1729.38
2160.4, 1729.81
2160.47, 1730.23
2160.54, 1730.65
2160.61, 1731.08
2160.68, 1731.5
2160.76, 1731.92
2160.83, 1732.35
2160.9, 1732.77
2160.97, 1733.2
2161.04, 1733.62
2161.11, 1734.04
2161.18, 1734.47
2161.26, 1734.89
2161.33, 1735.32
2161.4, 1735.74
2161.47, 1736.17
2161.54, 1736.59
2161.61, 1737.02
2161.68, 1737.44
2161.75, 1737.87
2161.83, 1738.29
2161.9, 1738.72
2161.97, 1739.15
2162.04, 1739.57
2162.11, 1740
2162.18, 1740.42
2162.25, 1740.85
2162.33, 1741.27
2162.4, 1741.7
2162.47, 1742.12
2162.54, 1742.55
2162.61, 1742.98
2162.68, 1743.4
2162.75, 1743.83
2162.83, 1744.25
2162.9, 1744.68
2162.97, 1745.1
2163.04, 1745.53
2163.11, 1745.95
2163.18, 1746.38
2163.25, 1746.8
2163.32, 1747.23
2163.4, 1747.65
2163.47, 1748.08
2163.54, 1748.5

waypoints
x, y
2158.87, 1722.08
2158.97, 1722.5
2159.07, 1722.92
2159.17, 1723.34
2159.27, 1723.76
2159.37, 1724.18
2159.47, 1724.6
2159.57, 1725.02
2159.69, 1725.57
2159.76, 1725.99
2159.83, 1726.42
2159.9, 1726.85
2159.97, 1727.27
2160.05, 1727.69
2160.12, 1728.12
2160.19, 1728.54
2160.26, 1728.96
2160.33, 1729.38
2160.4, 1729.81
2160.47, 1730.23
2160.54, 1730.65
2160.61, 1731.08
2160.68, 1731.5
2160.76, 1731.92
2160.83, 1732.35
2160.9, 1732.77
2160.97, 1733.2
2161.04, 1733.62
2161.11, 1734.04
2161.18, 1734.47
2161.26, 1734.89
2161.33, 1735.32
2161.4, 1735.74
2161.47, 1736.17
2161.54, 1736.59
2161.61, 1737.02
2161.68, 1737.44
2161.75, 1737.87
2161.83, 1738.29
2161.9, 1738.72
2161.97, 1739.15
2162.04, 1739.57
2162.11, 1740
2162.18, 1740.42
2162.25, 1740.85
2162.33, 1741.27
2162.4, 1741.7
2162.47, 1742.12
2162.54, 1742.55
2162.61, 1742.98
2162.68, 1743.4
2162.75, 1743.83
2162.83, 1744.25
2162.9, 1744.68
2162.97, 1745.1
2163.04, 1745.53
2163.11, 1745.95
2163.18, 1746.38
2163.25, 1746.8
2163.32, 1747.23
2163.4, 1747.65
2163.47, 1748.08
2163.54, 1748.5

waypoints
x, y
2159.27, 1723.76
2159.37, 1724.18
2159.47, 1724.6
2159.57, 1725.02
2159.69, 1725.57
2159.76, 1725.99
2159.83, 1726.42
2159.9, 1726.85
2159.97, 1727.27
2160.05, 1727.69
2160.12, 1728.12
2160.19, 1728.54
2160.26, 1728.96
2160.33, 1729.38
2160.4, 1729.81
2160.47, 1730.23
2160.54, 1730.65
2160.61, 1731.08
2160.68, 1731.5
2160.76, 1731.92
2160.83, 1732.35
2160.9, 1732.77
2160.97, 1733.2
2161.04, 1733.62
2161.11, 1734.04
2161.18, 1734.47
2161.26, 1734.89
2161.33, 1735.32
2161.4, 1735.74
2161.47, 1736.17
2161.54, 1736.59
2161.61, 1737.02
2161.68, 1737.44
2161.75, 1737.87
2161.83, 1738.29
2161.9, 1738.72
2161.97, 1739.15
2162.04, 1739.57
2162.11, 1740
2162.18, 1740.42
2162.25, 1740.85
2162.33, 1741.27
2162.4, 1741.7
2162.47, 1742.12
2162.54, 1742.55
2162.61, 1742.98
2162.68, 1743.4
2162.75, 1743.83
2162.83, 1744.25
2162.9, 1744.68
2162.97, 1745.1
2163.04, 1745.53
2163.11, 1745.95
2163.18, 1746.38
2163.25, 1746.8
2163.32, 1747.23
2163.4, 1747.65
2163.47, 1748.08
2163.54, 1748.5

waypoints
x, y
2159.69, 1725.57
2159.76, 1725.99
2159.83, 1726.42
2159.9, 1726.85
2159.97, 1727.27
2160.05, 1727.69
2160.12, 1728.12
2160.19, 1728.54
2160.26, 1728.96
2160.33, 1729.38
2160.4, 1729.81
2160.47, 1730.23
2160.54, 1730.65
2160.61, 1731.08
2160.68, 1731.5
2160.76, 1731.92
2160.83, 1732.35
2160.9, 1732.77
2160.97, 1733.2
2161.04, 1733.62
2161.11, 1734.04
2161.18, 1734.47
2161.26, 1734.89
2161.33, 1735.32
2161.4, 1735.74
2161.47, 1736.17
2161.54, 1736.59
2161.61, 1737.02
2161.68, 1737.44
2161.75, 1737.87
2161.83, 1738.29
2161.9, 1738.72
2161.97, 1739.15
2162.04, 1739.57
2162.11, 1740
2162.18, 1740.42
2162.25, 1740.85
2162.33, 1741.27
2162.4, 1741.7
2162.47, 1742.12
2162.54, 1742.55
2162.61, 1742.98
2162.68, 1743.4
2162.75, 1743.83
2162.83, 1744.25
2162.9, 1744.68
2162.97, 1745.1
2163.04, 1745.53
2163.11, 1745.95
2163.18, 1746.38
2163.25, 1746.8
2163.32, 1747.23
2163.4, 1747.65
2163.47, 1748.08
2163.54, 1748.5

waypoints
x, y
2159.9, 1726.85
2159.97, 1727.27
2160.05, 1727.69
2160.12, 1728.12
2160.19, 1728.54
2160.26, 1728.96
2160.33, 1729.38
2160.4, 1729.81
2160.47, 1730.23
2160.54, 1730.65
2160.61, 1731.08
2160.68, 1731.5
2160.76, 1731.92
2160.83, 1732.35
2160.9, 1732.77
2160.97, 1733.2
2161.04, 1733.62
2161.11, 1734.04
2161.18, 1734.47
2161.26, 1734.89
2161.33, 1735.32
2161.4, 1735.74
2161.47, 1736.17
2161.54, 1736.59
2161.61, 1737.02
2161.68, 1737.44
2161.75, 1737.87
2161.83, 1738.29
2161.9, 1738.72
2161.97, 1739.15
2162.04, 1739.57
2162.11, 1740
2162.18, 1740.42
2162.25, 1740.85
2162.33, 1741.27
2162.4, 1741.7
2162.47, 1742.12
2162.54, 1742.55
2162.61, 1742.98
2162.68, 1743.4
2162.75, 1743.83
2162.83, 1744.25
2162.9, 1744.68
2162.97, 1745.1
2163.04, 1745.53
2163.11, 1745.95
2163.18, 1746.38
2163.25, 1746.8
2163.32, 1747.23
2163.4, 1747.65
2163.47, 1748.08
2163.54, 1748.5

waypoints
x, y
2160.19, 1728.54
2160.26, 1728.96
2160.33, 1729.38
2160.4, 1729.81
2160.47, 1730.23
2160.54, 1730.65
2160.61, 1731.08
2160.68, 1731.5
2160.76, 1731.92
2160.83, 1732.35
2160.9, 1732.77
2160.97, 1733.2
2161.04, 1733.62
2161.11, 1734.04
2161.18, 1734.47
2161.26, 1734.89
2161.33, 1735.32
2161.4, 1735.74
2161.47, 1736.17
2161.54, 1736.59
2161.61, 1737.02
2161.68, 1737.44
2161.75, 1737.87
2161.83, 1738.29
2161.9, 1738.72
2161.97, 1739.15
2162.04, 1739.57
2162.11, 1740
2162.18, 1740.42
2162.25, 1740.85
2162.33, 1741.27
2162.4, 1741.7
2162.47, 1742.12
2162.54, 1742.55
2162.61, 1742.98
2162.68, 1743.4
2162.75, 1743.83
2162.83, 1744.25
2162.9, 1744.68
2162.97, 1745.1
2163.04, 1745.53
2163.11, 1745.95
2163.18, 1746.38
2163.25, 1746.8
2163.32, 1747.23
2163.4, 1747.65
2163.47, 1748.08
2163.54, 1748.5
2163.61, 1748.92
2163.68, 1749.35
2163.75, 1749.77
2163.82, 1750.19
2163.89, 1750.62
2163.97, 1751.04
2164.04, 1751.46
2164.11, 1751.89
2164.18, 1752.31
2164.25, 1752.73
2164.32, 1753.16
2164.39, 1753.58
2164.46, 1754.01
2164.53, 1754.43
2164.61, 1754.85
2164.68, 1755.28
2164.75, 1755.7
2164.82, 1756.13
2164.89, 1756.55
2164.96, 1756.98
2165.03, 1757.4
2165.1, 1757.83
2165.18, 1758.25
2165.25, 1758.68
2165.32, 1759.1
2165.39, 1759.53
2165.46, 1759.95
2165.53, 1760.38
2165.6, 1760.81
2165.68, 1761.23
2165.75, 1761.66
2165.82, 1762.08
2165.89, 1762.51
2165.96, 1762.93
2166.03, 1763.36
2166.1, 1763.78
2166.18, 1764.21
2166.25, 1764.63
2166.32, 1765.06
2166.39, 1765.48
2166.46, 1765.91
2166.53, 1766.33
2166.61, 1766.8
2166.67, 1767.23
2166.73, 1767.65
2166.79, 1768.08
2166.86, 1768.51
2166.92, 1768.93
2166.98, 1769.36

waypoints
x, y
2160.47, 1730.23
2160.54, 1730.65
2160.61, 1731.08
2160.68, 1731.5
2160.76, 1731.92
2160.83, 1732.35
2160.9, 1732.77
2160.97, 1733.2
2161.04, 1733.62
2161.11, 1734.04
2161.18, 1734.47
2161.26, 1734.89
2161.33, 1735.32
2161.4, 1735.74
2161.47, 1736.17
2161.54, 1736.59
2161.61, 1737.02
2161.68, 1737.44
2161.75, 1737.87
2161.83, 1738.29
2161.9, 1738.72
2161.97, 1739.15
2162.04, 1739.57
2162.11, 1740
2162.18, 1740.42
2162.25, 1740.85
2162.33, 1741.27
2162.4, 1741.7
2162.47, 1742.12
2162.54, 1742.55
2162.61, 1742.98
2162.68, 1743.4
2162.75, 1743.83
2162.83, 1744.25
2162.9, 1744.68
2162.97, 1745.1
2163.04, 1745.53
2163.11, 1745.95
2163.18, 1746.38
2163.25, 1746.8
2163.32, 1747.23
2163.4, 1747.65
2163.47, 1748.08
2163.54, 1748.5
2163.61, 1748.92
2163.68, 1749.35
2163.75, 1749.77
2163.82, 1750.19
2163.89, 1750.62
2163.97, 1751.04
2164.04, 1751.46
2164.11, 1751.89
2164.18, 1752.31
2164.25, 1752.73
2164.32, 1753.16
2164.39, 1753.58
2164.46, 1754.01
2164.53, 1754.43
2164.61, 1754.85
2164.68, 1755.28
2164.75, 1755.7
2164.82, 1756.13
2164.89, 1756.55
2164.96, 1756.98
2165.03, 1757.4
2165.11, 1757.83
2165.18, 1758.25
2165.25, 1758.68
2165.32, 1759.1
2165.39, 1759.53
2165.46, 1759.95
2165.53, 1760.38
2165.61, 1760.81
2165.68, 1761.23
2165.75, 1761.66
2165.82, 1762.08
2165.89, 1762.51
2165.96, 1762.93
2166.03, 1763.36
2166.11, 1763.78
2166.18, 1764.21
2166.25, 1764.63
2166.32, 1765.06
2166.39, 1765.48
2166.46, 1765.91
2166.53, 1766.33
2166.61, 1766.8
2166.67, 1767.23
2166.73, 1767.65
2166.79, 1768.08
2166.86, 1768.51
2166.92, 1768.93
2166.98, 1769.36

waypoints
x, y
2160.76, 1731.92
2160.83, 1732.35
2160.9, 1732.77
2160.97, 1733.2
2161.04, 1733.62
2161.11, 1734.04
2161.18, 1734.47
2161.26, 1734.89
2161.33, 1735.32
2161.4, 1735.74
2161.47, 1736.17
2161.54, 1736.59
2161.61, 1737.02
2161.68, 1737.44
2161.75, 1737.87
2161.83, 1738.29
2161.9, 1738.72
2161.97, 1739.15
2162.04, 1739.57
2162.11, 1740
2162.18, 1740.42
2162.25, 1740.85
2162.33, 1741.27
2162.4, 1741.7
2162.47, 1742.12
2162.54, 1742.55
2162.61, 1742.98
2162.68, 1743.4
2162.75, 1743.83
2162.83, 1744.25
2162.9, 1744.68
2162.97, 1745.1
2163.04, 1745.53
2163.11, 1745.95
2163.18, 1746.38
2163.25, 1746.8
2163.32, 1747.23
2163.4, 1747.65
2163.47, 1748.08
2163.54, 1748.5
2163.61, 1748.92
2163.68, 1749.35
2163.75, 1749.77
2163.82, 1750.19
2163.89, 1750.62
2163.97, 1751.04
2164.04, 1751.46
2164.11, 1751.89
2164.18, 1752.31
2164.25, 1752.73
2164.32, 1753.16
2164.39, 1753.58
2164.46, 1754.01
2164.53, 1754.43
2164.61, 1754.85
2164.68, 1755.28
2164.75, 1755.7
2164.82, 1756.13
2164.89, 1756.55
2164.96, 1756.98
2165.03, 1757.4
2165.11, 1757.83
2165.18, 1758.25
2165.25, 1758.68
2165.32, 1759.1
2165.39, 1759.53
2165.46, 1759.95
2165.53, 1760.38
2165.61, 1760.81
2165.68, 1761.23
2165.75, 1761.66
2165.82, 1762.08
2165.89, 1762.51
2165.96, 1762.93
2166.03, 1763.36
2166.11, 1763.78
2166.18, 1764.21
2166.25, 1764.63
2166.32, 1765.06
2166.39, 1765.48
2166.46, 1765.91
2166.53, 1766.33
2166.61, 1766.8
2166.67, 1767.23
2166.73, 1767.65
2166.79, 1768.08
2166.86, 1768.51
2166.92, 1768.93
2166.98, 1769.36

waypoints
x, y
2161.04, 1733.62
2161.11, 1734.04
2161.18, 1734.47
2161.26, 1734.89
2161.33, 1735.32
2161.4, 1735.74
2161.47, 1736.17
2161.54, 1736.59
2161.61, 1737.02
2161.68, 1737.44
2161.75, 1737.87
2161.83, 1738.29
2161.9, 1738.72
2161.97, 1739.15
2162.04, 1739.57
2162.11, 1740
2162.18, 1740.42
2162.25, 1740.85
2162.33, 1741.27
2162.4, 1741.7
2162.47, 1742.12
2162.54, 1742.55
2162.61, 1742.98
2162.68, 1743.4
2162.75, 1743.83
2162.83, 1744.25
2162.9, 1744.68
2162.97, 1745.1
2163.04, 1745.53
2163.11, 1745.95
2163.18, 1746.38
2163.25, 1746.8
2163.32, 1747.23
2163.4, 1747.65
2163.47, 1748.08
2163.54, 1748.5
2163.61, 1748.92
2163.68, 1749.35
2163.75, 1749.77
2163.82, 1750.19
2163.89, 1750.62
2163.97, 1751.04
2164.04, 1751.46
2164.11, 1751.89
2164.18, 1752.31
2164.25, 1752.73
2164.32, 1753.16
2164.39, 1753.58
2164.46, 1754.01
2164.53, 1754.43
2164.61, 1754.85
2164.68, 1755.28
2164.75, 1755.7
2164.82, 1756.13
2164.89, 1756.55
2164.96, 1756.98
2165.03, 1757.4
2165.11, 1757.83
2165.18, 1758.25
2165.25, 1758.68
2165.32, 1759.1
2165.39, 1759.53
2165.46, 1759.95
2165.53, 1760.38
2165.61, 1760.81
2165.68, 1761.23
2165.75, 1761.66
2165.82, 1762.08
2165.89, 1762.51
2165.96, 1762.93
2166.03, 1763.36
2166.11, 1763.78
2166.18, 1764.21
2166.25, 1764.63
2166.32, 1765.06
2166.39, 1765.48
2166.46, 1765.91
2166.53, 1766.33
2166.61, 1766.8
2166.67, 1767.23
2166.73, 1767.65
2166.79, 1768.08
2166.86, 1768.51
2166.92, 1768.93
2166.98, 1769.36

waypoints
x, y
2161.33, 1735.32
2161.4, 1735.74
2161.47, 1736.17
2161.54, 1736.59
2161.61, 1737.02
2161.68, 1737.44
2161.75, 1737.87
2161.83, 1738.29
2161.9, 1738.72
2161.97, 1739.15
2162.04, 1739.57
2162.11, 1740
2162.18, 1740.42
2162.25, 1740.85
2162.33, 1741.27
2162.4, 1741.7
2162.47, 1742.12
2162.54, 1742.55
2162.61, 1742.98
2162.68, 1743.4
2162.75, 1743.83
2162.83, 1744.25
2162.9, 1744.68
2162.97, 1745.1
2163.04, 1745.53
2163.11, 1745.95
2163.18, 1746.38
2163.25, 1746.8
2163.32, 1747.23
2163.4, 1747.65
2163.47, 1748.08
2163.54, 1748.5
2163.61, 1748.92
2163.68, 1749.35
2163.75, 1749.77
2163.82, 1750.19
2163.89, 1750.62
2163.97, 1751.04
2164.04, 1751.46
2164.11, 1751.89
2164.18, 1752.31
2164.25, 1752.73
2164.32, 1753.16
2164.39, 1753.58
2164.46, 1754.01
2164.53, 1754.43
2164.61, 1754.85
2164.68, 1755.28
2164.75, 1755.7
2164.82, 1756.13
2164.89, 1756.55
2164.96, 1756.98
2165.03, 1757.4
2165.11, 1757.83
2165.18, 1758.25
2165.25, 1758.68
2165.32, 1759.1
2165.39, 1759.53
2165.46, 1759.95
2165.53, 1760.38
2165.61, 1760.81
2165.68, 1761.23
2165.75, 1761.66
2165.82, 1762.08
2165.89, 1762.51
2165.96, 1762.93
2166.03, 1763.36
2166.11, 1763.78
2166.18, 1764.21
2166.25, 1764.63
2166.32, 1765.06
2166.39, 1765.48
2166.46, 1765.91
2166.53, 1766.33
2166.61, 1766.8
2166.67, 1767.23
2166.73, 1767.65
2166.79, 1768.08
2166.86, 1768.51
2166.92, 1768.93
2166.98, 1769.36

waypoints
x, y
2161.61, 1737.02
2161.68, 1737.44
2161.75, 1737.87
2161.83, 1738.29
2161.9, 1738.72
2161.97, 1739.15
2162.04, 1739.57
2162.11, 1740
2162.18, 1740.42
2162.25, 1740.85
2162.33, 1741.27
2162.4, 1741.7
2162.47, 1742.12
2162.54, 1742.55
2162.61, 1742.98
2162.68, 1743.4
2162.75, 1743.83
2162.83, 1744.25
2162.9, 1744.68
2162.97, 1745.1
2163.04, 1745.53
2163.11, 1745.95
2163.18, 1746.38
2163.25, 1746.8
2163.32, 1747.23
2163.4, 1747.65
2163.47, 1748.08
2163.54, 1748.5
2163.61, 1748.92
2163.68, 1749.35
2163.75, 1749.77
2163.82, 1750.19
2163.89, 1750.62
2163.97, 1751.04
2164.04, 1751.46
2164.11, 1751.89
2164.18, 1752.31
2164.25, 1752.73
2164.32, 1753.16
2164.39, 1753.58
2164.46, 1754.01
2164.53, 1754.43
2164.61, 1754.85
2164.68, 1755.28
2164.75, 1755.7
2164.82, 1756.13
2164.89, 1756.55
2164.96, 1756.98
2165.03, 1757.4
2165.11, 1757.83
2165.18, 1758.25
2165.25, 1758.68
2165.32, 1759.1
2165.39, 1759.53
2165.46, 1759.95
2165.53, 1760.38
2165.61, 1760.81
2165.68, 1761.23
2165.75, 1761.66
2165.82, 1762.08
2165.89, 1762.51
2165.96, 1762.93
2166.03, 1763.36
2166.11, 1763.78
2166.18, 1764.21
2166.25, 1764.63
2166.32, 1765.06
2166.39, 1765.48
2166.46, 1765.91
2166.53, 1766.33
2166.61, 1766.8
2166.67, 1767.23
2166.73, 1767.65
2166.79, 1768.08
2166.86, 1768.51
2166.92, 1768.93
2166.98, 1769.36

waypoints
x, y
2161.9, 1738.72
2161.97, 1739.15
2162.04, 1739.57
2162.11, 1740
2162.18, 1740.42
2162.25, 1740.85
2162.33, 1741.27
2162.4, 1741.7
2162.47, 1742.12
2162.54, 1742.55
2162.61, 1742.98
2162.68, 1743.4
2162.75, 1743.83
2162.83, 1744.25
2162.9, 1744.68
2162.97, 1745.1
2163.04, 1745.53
2163.11, 1745.95
2163.18, 1746.38
2163.25, 1746.8
2163.32, 1747.23
2163.4, 1747.65
2163.47, 1748.08
2163.54, 1748.5
2163.61, 1748.92
2163.68, 1749.35
2163.75, 1749.77
2163.82, 1750.19
2163.89, 1750.62
2163.97, 1751.04
2164.04, 1751.46
2164.11, 1751.89
2164.18, 1752.31
2164.25, 1752.73
2164.32, 1753.16
2164.39, 1753.58
2164.46, 1754.01
2164.53, 1754.43
2164.61, 1754.85
2164.68, 1755.28
2164.75, 1755.7
2164.82, 1756.13
2164.89, 1756.55
2164.96, 1756.98
2165.03, 1757.4
2165.11, 1757.83
2165.18, 1758.25
2165.25, 1758.68
2165.32, 1759.1
2165.39, 1759.53
2165.46, 1759.95
2165.53, 1760.38
2165.61, 1760.81
2165.68, 1761.23
2165.75, 1761.66
2165.82, 1762.08
2165.89, 1762.51
2165.96, 1762.93
2166.03, 1763.36
2166.11, 1763.78
2166.18, 1764.21
2166.25, 1764.63
2166.32, 1765.06
2166.39, 1765.48
2166.46, 1765.91
2166.53, 1766.33
2166.61, 1766.8
2166.67, 1767.23
2166.73, 1767.65
2166.79, 1768.08
2166.86, 1768.51
2166.92, 1768.93
2166.98, 1769.36

waypoints
x, y
2162.18, 1740.42
2162.25, 1740.85
2162.33, 1741.27
2162.4, 1741.7
2162.47, 1742.12
2162.54, 1742.55
2162.61, 1742.98
2162.68, 1743.4
2162.75, 1743.83
2162.83, 1744.25
2162.9, 1744.68
2162.97, 1745.1
2163.04, 1745.53
2163.11, 1745.95
2163.18, 1746.38
2163.25, 1746.8
2163.32, 1747.23
2163.4, 1747.65
2163.47, 1748.08
2163.54, 1748.5
2163.61, 1748.92
2163.68, 1749.35
2163.75, 1749.77
2163.82, 1750.19
2163.89, 1750.62
2163.97, 1751.04
2164.04, 1751.46
2164.11, 1751.89
2164.18, 1752.31
2164.25, 1752.73
2164.32, 1753.16
2164.39, 1753.58
2164.46, 1754.01
2164.53, 1754.43
2164.61, 1754.85
2164.68, 1755.28
2164.75, 1755.7
2164.82, 1756.13
2164.89, 1756.55
2164.96, 1756.98
2165.03, 1757.4
2165.11, 1757.83
2165.18, 1758.25
2165.25, 1758.68
2165.32, 1759.1
2165.39, 1759.53
2165.46, 1759.95
2165.53, 1760.38
2165.61, 1760.81
2165.68, 1761.23
2165.75, 1761.66
2165.82, 1762.08
2165.89, 1762.51
2165.96, 1762.93
2166.03, 1763.36
2166.11, 1763.78
2166.18, 1764.21
2166.25, 1764.63
2166.32, 1765.06
2166.39, 1765.48
2166.46, 1765.91
2166.53, 1766.33
2166.61, 1766.8
2166.67, 1767.23
2166.73, 1767.65
2166.79, 1768.08
2166.86, 1768.51
2166.92, 1768.93
2166.98, 1769.36

waypoints
x, y
2162.47, 1742.12
2162.54, 1742.55
2162.61, 1742.98
2162.68, 1743.4
2162.75, 1743.83
2162.83, 1744.25
2162.9, 1744.68
2162.97, 1745.1
2163.04, 1745.53
2163.11, 1745.95
2163.18, 1746.38
2163.25, 1746.8
2163.32, 1747.23
2163.4, 1747.65
2163.47, 1748.08
2163.54, 1748.5
2163.61, 1748.92
2163.68, 1749.35
2163.75, 1749.77
2163.82, 1750.19
2163.89, 1750.62
2163.97, 1751.04
2164.04, 1751.46
2164.11, 1751.89
2164.18, 1752.31
2164.25, 1752.73
2164.32, 1753.16
2164.39, 1753.58
2164.46, 1754.01
2164.53, 1754.43
2164.61, 1754.85
2164.68, 1755.28
2164.75, 1755.7
2164.82, 1756.13
2164.89, 1756.55
2164.96, 1756.98
2165.03, 1757.4
2165.11, 1757.83
2165.18, 1758.25
2165.25, 1758.68
2165.32, 1759.1
2165.39, 1759.53
2165.46, 1759.95
2165.53, 1760.38
2165.61, 1760.81
2165.68, 1761.23
2165.75, 1761.66
2165.82, 1762.08
2165.89, 1762.51
2165.96, 1762.93
2166.03, 1763.36
2166.11, 1763.78
2166.18, 1764.21
2166.25, 1764.63
2166.32, 1765.06
2166.39, 1765.48
2166.46, 1765.91
2166.53, 1766.33
2166.61, 1766.8
2166.67, 1767.23
2166.73, 1767.65
2166.79, 1768.08
2166.86, 1768.51
2166.92, 1768.93
2166.98, 1769.36

waypoints
x, y
2162.68, 1743.4
2162.75, 1743.83
2162.83, 1744.25
2162.9, 1744.68
2162.97, 1745.1
2163.04, 1745.53
2163.11, 1745.95
2163.18, 1746.38
2163.25, 1746.8
2163.32, 1747.23
2163.4, 1747.65
2163.47, 1748.08
2163.54, 1748.5
2163.61, 1748.92
2163.68, 1749.35
2163.75, 1749.77
2163.82, 1750.19
2163.89, 1750.62
2163.97, 1751.04
2164.04, 1751.46
2164.11, 1751.89
2164.18, 1752.31
2164.25, 1752.73
2164.32, 1753.16
2164.39, 1753.58
2164.46, 1754.01
2164.53, 1754.43
2164.61, 1754.85
2164.68, 1755.28
2164.75, 1755.7
2164.82, 1756.13
2164.89, 1756.55
2164.96, 1756.98
2165.03, 1757.4
2165.11, 1757.83
2165.18, 1758.25
2165.25, 1758.68
2165.32, 1759.1
2165.39, 1759.53
2165.46, 1759.95
2165.53, 1760.38
2165.61, 1760.81
2165.68, 1761.23
2165.75, 1761.66
2165.82, 1762.08
2165.89, 1762.51
2165.96, 1762.93
2166.03, 1763.36
2166.11, 1763.78
2166.18, 1764.21
2166.25, 1764.63
2166.32, 1765.06
2166.39, 1765.48
2166.46, 1765.91
2166.53, 1766.33
2166.61, 1766.8
2166.67, 1767.23
2166.73, 1767.65
2166.79, 1768.08
2166.86, 1768.51
2166.92, 1768.93
2166.98, 1769.36

waypoints
x, y
2162.97, 1745.1
2163.04, 1745.53
2163.11, 1745.95
2163.18, 1746.38
2163.25, 1746.8
2163.32, 1747.23
2163.4, 1747.65
2163.47, 1748.08
2163.54, 1748.5
2163.61, 1748.92
2163.68, 1749.35
2163.75, 1749.77
2163.82, 1750.19
2163.89, 1750.62
2163.97, 1751.04
2164.04, 1751.46
2164.11, 1751.89
2164.18, 1752.31
2164.25, 1752.73
2164.32, 1753.16
2164.39, 1753.58
2164.46, 1754.01
2164.53, 1754.43
2164.61, 1754.85
2164.68, 1755.28
2164.75, 1755.7
2164.82, 1756.13
2164.89, 1756.55
2164.96, 1756.98
2165.03, 1757.4
2165.11, 1757.83
2165.18, 1758.25
2165.25, 1758.68
2165.32, 1759.1
2165.39, 1759.53
2165.46, 1759.95
2165.53, 1760.38
2165.61, 1760.81
2165.68, 1761.23
2165.75, 1761.66
2165.82, 1762.08
2165.89, 1762.51
2165.96, 1762.93
2166.03, 1763.36
2166.11, 1763.78
2166.18, 1764.21
2166.25, 1764.63
2166.32, 1765.06
2166.39, 1765.48
2166.46, 1765.91
2166.53, 1766.33
2166.61, 1766.8
2166.67, 1767.23
2166.73, 1767.65
2166.79, 1768.08
2166.86, 1768.51
2166.92, 1768.93
2166.98, 1769.36

waypoints
x, y
2163.18, 1746.38
2163.25, 1746.8
2163.32, 1747.23
2163.4, 1747.65
2163.47, 1748.08
2163.54, 1748.5
2163.61, 1748.92
2163.68, 1749.35
2163.75, 1749.77
2163.82, 1750.19
2163.89, 1750.62
2163.97, 1751.04
2164.04, 1751.46
2164.11, 1751.89
2164.18, 1752.31
2164.25, 1752.73
2164.32, 1753.16
2164.39, 1753.58
2164.46, 1754.01
2164.53, 1754.43
2164.61, 1754.85
2164.68, 1755.28
2164.75, 1755.7
2164.82, 1756.13
2164.89, 1756.55
2164.96, 1756.98
2165.03, 1757.4
2165.11, 1757.83
2165.18, 1758.25
2165.25, 1758.68
2165.32, 1759.1
2165.39, 1759.53
2165.46, 1759.95
2165.53, 1760.38
2165.61, 1760.81
2165.68, 1761.23
2165.75, 1761.66
2165.82, 1762.08
2165.89, 1762.51
2165.96, 1762.93
2166.03, 1763.36
2166.11, 1763.78
2166.18, 1764.21
2166.25, 1764.63
2166.32, 1765.06
2166.39, 1765.48
2166.46, 1765.91
2166.53, 1766.33
2166.61, 1766.8
2166.67, 1767.23
2166.73, 1767.65
2166.79, 1768.08
2166.86, 1768.51
2166.92, 1768.93
2166.98, 1769.36

waypoints
x, y
2163.47, 1748.08
2163.54, 1748.5
2163.61, 1748.92
2163.68, 1749.35
2163.75, 1749.77
2163.82, 1750.19
2163.89, 1750.62
2163.97, 1751.04
2164.04, 1751.46
2164.11, 1751.89
2164.18, 1752.31
2164.25, 1752.73
2164.32, 1753.16
2164.39, 1753.58
2164.46, 1754.01
2164.53, 1754.43
2164.61, 1754.85
2164.68, 1755.28
2164.75, 1755.7
2164.82, 1756.13
2164.89, 1756.55
2164.96, 1756.98
2165.03, 1757.4
2165.11, 1757.83
2165.18, 1758.25
2165.25, 1758.68
2165.32, 1759.1
2165.39, 1759.53
2165.46, 1759.95
2165.53, 1760.38
2165.61, 1760.81
2165.68, 1761.23
2165.75, 1761.66
2165.82, 1762.08
2165.89, 1762.51
2165.96, 1762.93
2166.03, 1763.36
2166.11, 1763.78
2166.18, 1764.21
2166.25, 1764.63
2166.32, 1765.06
2166.39, 1765.48
2166.46, 1765.91
2166.53, 1766.33
2166.61, 1766.8
2166.67, 1767.23
2166.73, 1767.65
2166.79, 1768.08
2166.86, 1768.51
2166.92, 1768.93
2166.98, 1769.36

waypoints
x, y
2163.68, 1749.35
2163.75, 1749.77
2163.82, 1750.19
2163.89, 1750.62
2163.97, 1751.04
2164.04, 1751.46
2164.11, 1751.89
2164.18, 1752.31
2164.25, 1752.73
2164.32, 1753.16
2164.39, 1753.58
2164.46, 1754.01
2164.53, 1754.43
2164.61, 1754.85
2164.68, 1755.28
2164.75, 1755.7
2164.82, 1756.13
2164.89, 1756.55
2164.96, 1756.98
2165.03, 1757.4
2165.11, 1757.83
2165.18, 1758.25
2165.25, 1758.68
2165.32, 1759.1
2165.39, 1759.53
2165.46, 1759.95
2165.53, 1760.38
2165.61, 1760.81
2165.68, 1761.23
2165.75, 1761.66
2165.82, 1762.08
2165.89, 1762.51
2165.96, 1762.93
2166.03, 1763.36
2166.11, 1763.78
2166.18, 1764.21
2166.25, 1764.63
2166.32, 1765.06
2166.39, 1765.48
2166.46, 1765.91
2166.53, 1766.33
2166.61, 1766.8
2166.67, 1767.23
2166.73, 1767.65
2166.79, 1768.08
2166.86, 1768.51
2166.92, 1768.93
2166.98, 1769.36
2167.04, 1769.78
2167.11, 1770.21
2167.17, 1770.63
2167.23, 1771.06
2167.29, 1771.48
2167.35, 1771.91
2167.42, 1772.33
2167.48, 1772.75
2167.54, 1773.18
2167.6, 1773.6
2167.66, 1774.03
2167.73, 1774.46
2167.79, 1774.88
2167.85, 1775.31
2167.91, 1775.73
2167.98, 1776.16
2168.04, 1776.58
2168.1, 1777.01
2168.16, 1777.44
2168.23, 1777.86
2168.29, 1778.29
2168.35, 1778.72
2168.41, 1779.14
2168.48, 1779.57
2168.54, 1780
2168.6, 1780.42
2168.66, 1780.85
2168.73, 1781.28
2168.79, 1781.7
2168.85, 1782.13
2168.91, 1782.56
2168.98, 1782.98
2169.04, 1783.41
2169.1, 1783.84
2169.16, 1784.26
2169.22, 1784.69
2169.29, 1785.12
2169.35, 1785.54
2169.41, 1785.97
2169.47, 1786.4
2169.54, 1786.82
2169.6, 1787.25
2169.66, 1787.68
2169.72, 1788.1
2169.79, 1788.53
2169.85, 1788.96
2169.91, 1789.38
2169.97, 1789.81
2170.04, 1790.23

waypoints
x, y
2163.97, 1751.04
2164.04, 1751.46
2164.11, 1751.89
2164.18, 1752.31
2164.25, 1752.73
2164.32, 1753.16
2164.39, 1753.58
2164.46, 1754.01
2164.53, 1754.43
2164.61, 1754.85
2164.68, 1755.28
2164.75, 1755.7
2164.82, 1756.13
2164.89, 1756.55
2164.96, 1756.98
2165.03, 1757.4
2165.11, 1757.83
2165.18, 1758.25
2165.25, 1758.68
2165.32, 1759.1
2165.39, 1759.53
2165.46, 1759.95
2165.53, 1760.38
2165.61, 1760.81
2165.68, 1761.23
2165.75, 1761.66
2165.82, 1762.08
2165.89, 1762.51
2165.96, 1762.93
2166.03, 1763.36
2166.11, 1763.78
2166.18, 1764.21
2166.25, 1764.63
2166.32, 1765.06
2166.39, 1765.48
2166.46, 1765.91
2166.53, 1766.33
2166.61, 1766.8
2166.67, 1767.23
2166.73, 1767.65
2166.79, 1768.08
2166.86, 1768.51
2166.92, 1768.93
2166.98, 1769.36
2167.04, 1769.78
2167.11, 1770.21
2167.17, 1770.63
2167.23, 1771.06
2167.29, 1771.48
2167.35, 1771.9
2167.42, 1772.33
2167.48, 1772.76
2167.54, 1773.18
2167.6, 1773.61
2167.66, 1774.03
2167.73, 1774.45
2167.79, 1774.88
2167.85, 1775.31
2167.91, 1775.73
2167.98, 1776.16
2168.04, 1776.58
2168.1, 1777.01
2168.16, 1777.44
2168.23, 1777.86
2168.29, 1778.29
2168.35, 1778.72
2168.41, 1779.14
2168.47, 1779.57
2168.54, 1780
2168.6, 1780.42
2168.66, 1780.85
2168.72, 1781.28
2168.79, 1781.7
2168.85, 1782.13
2168.91, 1782.56
2168.97, 1782.98
2169.04, 1783.41
2169.1, 1783.84
2169.16, 1784.27
2169.22, 1784.69
2169.29, 1785.12
2169.35, 1785.55
2169.41, 1785.97
2169.47, 1786.4
2169.54, 1786.82
2169.6, 1787.25
2169.66, 1787.68
2169.72, 1788.1
2169.79, 1788.53
2169.85, 1788.96
2169.91, 1789.38
2169.97, 1789.81
2170.04, 1790.23

waypoints
x, y
2164.25, 1752.73
2164.32, 1753.16
2164.39, 1753.58
2164.46, 1754.01
2164.53, 1754.43
2164.61, 1754.85
2164.68, 1755.28
2164.75, 1755.7
2164.82, 1756.13
2164.89, 1756.55
2164.96, 1756.98
2165.03, 1757.4
2165.11, 1757.83
2165.18, 1758.25
2165.25, 1758.68
2165.32, 1759.1
2165.39, 1759.53
2165.46, 1759.95
2165.53, 1760.38
2165.61, 1760.81
2165.68, 1761.23
2165.75, 1761.66
2165.82, 1762.08
2165.89, 1762.51
2165.96, 1762.93
2166.03, 1763.36
2166.11, 1763.78
2166.18, 1764.21
2166.25, 1764.63
2166.32, 1765.06
2166.39, 1765.48
2166.46, 1765.91
2166.53, 1766.33
2166.61, 1766.8
2166.67, 1767.23
2166.73, 1767.65
2166.79, 1768.08
2166.86, 1768.51
2166.92, 1768.93
2166.98, 1769.36
2167.04, 1769.78
2167.11, 1770.21
2167.17, 1770.63
2167.23, 1771.06
2167.29, 1771.48
2167.35, 1771.9
2167.42, 1772.33
2167.48, 1772.76
2167.54, 1773.18
2167.6, 1773.61
2167.66, 1774.03
2167.73, 1774.45
2167.79, 1774.88
2167.85, 1775.31
2167.91, 1775.73
2167.98, 1776.16
2168.04, 1776.58
2168.1, 1777.01
2168.16, 1777.44
2168.23, 1777.86
2168.29, 1778.29
2168.35, 1778.72
2168.41, 1779.14
2168.47, 1779.57
2168.54, 1780
2168.6, 1780.42
2168.66, 1780.85
2168.72, 1781.28
2168.79, 1781.7
2168.85, 1782.13
2168.91, 1782.56
2168.97, 1782.98
2169.04, 1783.41
2169.1, 1783.84
2169.16, 1784.27
2169.22, 1784.69
2169.29, 1785.12
2169.35, 1785.55
2169.41, 1785.97
2169.47, 1786.4
2169.54, 1786.82
2169.6, 1787.25
2169.66, 1787.68
2169.72, 1788.1
2169.79, 1788.53
2169.85, 1788.96
2169.91, 1789.38
2169.97, 1789.81
2170.04, 1790.23

waypoints
x, y
2164.46, 1754.01
2164.53, 1754.43
2164.61, 1754.85
2164.68, 1755.28
2164.75, 1755.7
2164.82, 1756.13
2164.89, 1756.55
2164.96, 1756.98
2165.03, 1757.4
2165.11, 1757.83
2165.18, 1758.25
2165.25, 1758.68
2165.32, 1759.1
2165.39, 1759.53
2165.46, 1759.95
2165.53, 1760.38
2165.61, 1760.81
2165.68, 1761.23
2165.75, 1761.66
2165.82, 1762.08
2165.89, 1762.51
2165.96, 1762.93
2166.03, 1763.36
2166.11, 1763.78
2166.18, 1764.21
2166.25, 1764.63
2166.32, 1765.06
2166.39, 1765.48
2166.46, 1765.91
2166.53, 1766.33
2166.61, 1766.8
2166.67, 1767.23
2166.73, 1767.65
2166.79, 1768.08
2166.86, 1768.51
2166.92, 1768.93
2166.98, 1769.36
2167.04, 1769.78
2167.11, 1770.21
2167.17, 1770.63
2167.23, 1771.06
2167.29, 1771.48
2167.35, 1771.9
2167.42, 1772.33
2167.48, 1772.76
2167.54, 1773.18
2167.6, 1773.61
2167.66, 1774.03
2167.73, 1774.45
2167.79, 1774.88
2167.85, 1775.31
2167.91, 1775.73
2167.98, 1776.16
2168.04, 1776.58
2168.1, 1777.01
2168.16, 1777.44
2168.23, 1777.86
2168.29, 1778.29
2168.35, 1778.72
2168.41, 1779.14
2168.47, 1779.57
2168.54, 1780
2168.6, 1780.42
2168.66, 1780.85
2168.72, 1781.28
2168.79, 1781.7
2168.85, 1782.13
2168.91, 1782.56
2168.97, 1782.98
2169.04, 1783.41
2169.1, 1783.84
2169.16, 1784.27
2169.22, 1784.69
2169.29, 1785.12
2169.35, 1785.55
2169.41, 1785.97
2169.47, 1786.4
2169.54, 1786.82
2169.6, 1787.25
2169.66, 1787.68
2169.72, 1788.1
2169.79, 1788.53
2169.85, 1788.96
2169.91, 1789.38
2169.97, 1789.81
2170.04, 1790.23

waypoints
x, y
2164.75, 1755.7
2164.82, 1756.13
2164.89, 1756.55
2164.96, 1756.98
2165.03, 1757.4
2165.11, 1757.83
2165.18, 1758.25
2165.25, 1758.68
2165.32, 1759.1
2165.39, 1759.53
2165.46, 1759.95
2165.53, 1760.38
2165.61, 1760.81
2165.68, 1761.23
2165.75, 1761.66
2165.82, 1762.08
2165.89, 1762.51
2165.96, 1762.93
2166.03, 1763.36
2166.11, 1763.78
2166.18, 1764.21
2166.25, 1764.63
2166.32, 1765.06
2166.39, 1765.48
2166.46, 1765.91
2166.53, 1766.33
2166.61, 1766.8
2166.67, 1767.23
2166.73, 1767.65
2166.79, 1768.08
2166.86, 1768.51
2166.92, 1768.93
2166.98, 1769.36
2167.04, 1769.78
2167.11, 1770.21
2167.17, 1770.63
2167.23, 1771.06
2167.29, 1771.48
2167.35, 1771.9
2167.42, 1772.33
2167.48, 1772.76
2167.54, 1773.18
2167.6, 1773.61
2167.66, 1774.03
2167.73, 1774.45
2167.79, 1774.88
2167.85, 1775.31
2167.91, 1775.73
2167.98, 1776.16
2168.04, 1776.58
2168.1, 1777.01
2168.16, 1777.44
2168.23, 1777.86
2168.29, 1778.29
2168.35, 1778.72
2168.41, 1779.14
2168.47, 1779.57
2168.54, 1780
2168.6, 1780.42
2168.66, 1780.85
2168.72, 1781.28
2168.79, 1781.7
2168.85, 1782.13
2168.91, 1782.56
2168.97, 1782.98
2169.04, 1783.41
2169.1, 1783.84
2169.16, 1784.27
2169.22, 1784.69
2169.29, 1785.12
2169.35, 1785.55
2169.41, 1785.97
2169.47, 1786.4
2169.54, 1786.82
2169.6, 1787.25
2169.66, 1787.68
2169.72, 1788.1
2169.79, 1788.53
2169.85, 1788.96
2169.91, 1789.38
2169.97, 1789.81
2170.04, 1790.23

waypoints
x, y
2165.03, 1757.4
2165.11, 1757.83
2165.18, 1758.25
2165.25, 1758.68
2165.32, 1759.1
2165.39, 1759.53
2165.46, 1759.95
2165.53, 1760.38
2165.61, 1760.81
2165.68, 1761.23
2165.75, 1761.66
2165.82, 1762.08
2165.89, 1762.51
2165.96, 1762.93
2166.03, 1763.36
2166.11, 1763.78
2166.18, 1764.21
2166.25, 1764.63
2166.32, 1765.06
2166.39, 1765.48
2166.46, 1765.91
2166.53, 1766.33
2166.61, 1766.8
2166.67, 1767.23
2166.73, 1767.65
2166.79, 1768.08
2166.86, 1768.51
2166.92, 1768.93
2166.98, 1769.36
2167.04, 1769.78
2167.11, 1770.21
2167.17, 1770.63
2167.23, 1771.06
2167.29, 1771.48
2167.35, 1771.9
2167.42, 1772.33
2167.48, 1772.76
2167.54, 1773.18
2167.6, 1773.61
2167.66, 1774.03
2167.73, 1774.45
2167.79, 1774.88
2167.85, 1775.31
2167.91, 1775.73
2167.98, 1776.16
2168.04, 1776.58
2168.1, 1777.01
2168.16, 1777.44
2168.23, 1777.86
2168.29, 1778.29
2168.35, 1778.72
2168.41, 1779.14
2168.47, 1779.57
2168.54, 1780
2168.6, 1780.42
2168.66, 1780.85
2168.72, 1781.28
2168.79, 1781.7
2168.85, 1782.13
2168.91, 1782.56
2168.97, 1782.98
2169.04, 1783.41
2169.1, 1783.84
2169.16, 1784.27
2169.22, 1784.69
2169.29, 1785.12
2169.35, 1785.55
2169.41, 1785.97
2169.47, 1786.4
2169.54, 1786.82
2169.6, 1787.25
2169.66, 1787.68
2169.72, 1788.1
2169.79, 1788.53
2169.85, 1788.96
2169.91, 1789.38
2169.97, 1789.81
2170.04, 1790.23

waypoints
x, y
2165.32, 1759.1
2165.39, 1759.53
2165.46, 1759.95
2165.53, 1760.38
2165.61, 1760.81
2165.68, 1761.23
2165.75, 1761.66
2165.82, 1762.08
2165.89, 1762.51
2165.96, 1762.93
2166.03, 1763.36
2166.11, 1763.78
2166.18, 1764.21
2166.25, 1764.63
2166.32, 1765.06
2166.39, 1765.48
2166.46, 1765.91
2166.53, 1766.33
2166.61, 1766.8
2166.67, 1767.23
2166.73, 1767.65
2166.79, 1768.08
2166.86, 1768.51
2166.92, 1768.93
2166.98, 1769.36
2167.04, 1769.78
2167.11, 1770.21
2167.17, 1770.63
2167.23, 1771.06
2167.29, 1771.48
2167.35, 1771.9
2167.42, 1772.33
2167.48, 1772.76
2167.54, 1773.18
2167.6, 1773.61
2167.66, 1774.03
2167.73, 1774.45
2167.79, 1774.88
2167.85, 1775.31
2167.91, 1775.73
2167.98, 1776.16
2168.04, 1776.58
2168.1, 1777.01
2168.16, 1777.44
2168.23, 1777.86
2168.29, 1778.29
2168.35, 1778.72
2168.41, 1779.14
2168.47, 1779.57
2168.54, 1780
2168.6, 1780.42
2168.66, 1780.85
2168.72, 1781.28
2168.79, 1781.7
2168.85, 1782.13
2168.91, 1782.56
2168.97, 1782.98
2169.04, 1783.41
2169.1, 1783.84
2169.16, 1784.27
2169.22, 1784.69
2169.29, 1785.12
2169.35, 1785.55
2169.41, 1785.97
2169.47, 1786.4
2169.54, 1786.82
2169.6, 1787.25
2169.66, 1787.68
2169.72, 1788.1
2169.79, 1788.53
2169.85, 1788.96
2169.91, 1789.38
2169.97, 1789.81
2170.04, 1790.23

waypoints
x, y
2165.61, 1760.81
2165.68, 1761.23
2165.75, 1761.66
2165.82, 1762.08
2165.89, 1762.51
2165.96, 1762.93
2166.03, 1763.36
2166.11, 1763.78
2166.18, 1764.21
2166.25, 1764.63
2166.32, 1765.06
2166.39, 1765.48
2166.46, 1765.91
2166.53, 1766.33
2166.61, 1766.8
2166.67, 1767.23
2166.73, 1767.65
2166.79, 1768.08
2166.86, 1768.51
2166.92, 1768.93
2166.98, 1769.36
2167.04, 1769.78
2167.11, 1770.21
2167.17, 1770.63
2167.23, 1771.06
2167.29, 1771.48
2167.35, 1771.9
2167.42, 1772.33
2167.48, 1772.76
2167.54, 1773.18
2167.6, 1773.61
2167.66, 1774.03
2167.73, 1774.45
2167.79, 1774.88
2167.85, 1775.31
2167.91, 1775.73
2167.98, 1776.16
2168.04, 1776.58
2168.1, 1777.01
2168.16, 1777.44
2168.23, 1777.86
2168.29, 1778.29
2168.35, 1778.72
2168.41, 1779.14
2168.47, 1779.57
2168.54, 1780
2168.6, 1780.42
2168.66, 1780.85
2168.72, 1781.28
2168.79, 1781.7
2168.85, 1782.13
2168.91, 1782.56
2168.97, 1782.98
2169.04, 1783.41
2169.1, 1783.84
2169.16, 1784.27
2169.22, 1784.69
2169.29, 1785.12
2169.35, 1785.55
2169.41, 1785.97
2169.47, 1786.4
2169.54, 1786.82
2169.6, 1787.25
2169.66, 1787.68
2169.72, 1788.1
2169.79, 1788.53
2169.85, 1788.96
2169.91, 1789.38
2169.97, 1789.81
2170.04, 1790.23

waypoints
x, y
2165.89, 1762.51
2165.96, 1762.93
2166.03, 1763.36
2166.11, 1763.78
2166.18, 1764.21
2166.25, 1764.63
2166.32, 1765.06
2166.39, 1765.48
2166.46, 1765.91
2166.53, 1766.33
2166.61, 1766.8
2166.67, 1767.23
2166.73, 1767.65
2166.79, 1768.08
2166.86, 1768.51
2166.92, 1768.93
2166.98, 1769.36
2167.04, 1769.78
2167.11, 1770.21
2167.17, 1770.63
2167.23, 1771.06
2167.29, 1771.48
2167.35, 1771.9
2167.42, 1772.33
2167.48, 1772.76
2167.54, 1773.18
2167.6, 1773.61
2167.66, 1774.03
2167.73, 1774.45
2167.79, 1774.88
2167.85, 1775.31
2167.91, 1775.73
2167.98, 1776.16
2168.04, 1776.58
2168.1, 1777.01
2168.16, 1777.44
2168.23, 1777.86
2168.29, 1778.29
2168.35, 1778.72
2168.41, 1779.14
2168.47, 1779.57
2168.54, 1780
2168.6, 1780.42
2168.66, 1780.85
2168.72, 1781.28
2168.79, 1781.7
2168.85, 1782.13
2168.91, 1782.56
2168.97, 1782.98
2169.04, 1783.41
2169.1, 1783.84
2169.16, 1784.27
2169.22, 1784.69
2169.29, 1785.12
2169.35, 1785.55
2169.41, 1785.97
2169.47, 1786.4
2169.54, 1786.82
2169.6, 1787.25
2169.66, 1787.68
2169.72, 1788.1
2169.79, 1788.53
2169.85, 1788.96
2169.91, 1789.38
2169.97, 1789.81
2170.04, 1790.23

waypoints
x, y
2166.11, 1763.78
2166.18, 1764.21
2166.25, 1764.63
2166.32, 1765.06
2166.39, 1765.48
2166.46, 1765.91
2166.53, 1766.33
2166.61, 1766.8
2166.67, 1767.23
2166.73, 1767.65
2166.79, 1768.08
2166.86, 1768.51
2166.92, 1768.93
2166.98, 1769.36
2167.04, 1769.78
2167.11, 1770.21
2167.17, 1770.63
2167.23, 1771.06
2167.29, 1771.48
2167.35, 1771.9
2167.42, 1772.33
2167.48, 1772.76
2167.54, 1773.18
2167.6, 1773.61
2167.66, 1774.03
2167.73, 1774.45
2167.79, 1774.88
2167.85, 1775.31
2167.91, 1775.73
2167.98, 1776.16
2168.04, 1776.58
2168.1, 1777.01
2168.16, 1777.44
2168.23, 1777.86
2168.29, 1778.29
2168.35, 1778.72
2168.41, 1779.14
2168.47, 1779.57
2168.54, 1780
2168.6, 1780.42
2168.66, 1780.85
2168.72, 1781.28
2168.79, 1781.7
2168.85, 1782.13
2168.91, 1782.56
2168.97, 1782.98
2169.04, 1783.41
2169.1, 1783.84
2169.16, 1784.27
2169.22, 1784.69
2169.29, 1785.12
2169.35, 1785.55
2169.41, 1785.97
2169.47, 1786.4
2169.54, 1786.82
2169.6, 1787.25
2169.66, 1787.68
2169.72, 1788.1
2169.79, 1788.53
2169.85, 1788.96
2169.91, 1789.38
2169.97, 1789.81
2170.04, 1790.23

waypoints
x, y
2166.39, 1765.48
2166.46, 1765.91
2166.53, 1766.33
2166.61, 1766.8
2166.67, 1767.23
2166.73, 1767.65
2166.79, 1768.08
2166.86, 1768.51
2166.92, 1768.93
2166.98, 1769.36
2167.04, 1769.78
2167.11, 1770.21
2167.17, 1770.63
2167.23, 1771.06
2167.29, 1771.48
2167.35, 1771.9
2167.42, 1772.33
2167.48, 1772.76
2167.54, 1773.18
2167.6, 1773.61
2167.66, 1774.03
2167.73, 1774.45
2167.79, 1774.88
2167.85, 1775.31
2167.91, 1775.73
2167.98, 1776.16
2168.04, 1776.58
2168.1, 1777.01
2168.16, 1777.44
2168.23, 1777.86
2168.29, 1778.29
2168.35, 1778.72
2168.41, 1779.14
2168.47, 1779.57
2168.54, 1780
2168.6, 1780.42
2168.66, 1780.85
2168.72, 1781.28
2168.79, 1781.7
2168.85, 1782.13
2168.91, 1782.56
2168.97, 1782.98
2169.04, 1783.41
2169.1, 1783.84
2169.16, 1784.27
2169.22, 1784.69
2169.29, 1785.12
2169.35, 1785.55
2169.41, 1785.97
2169.47, 1786.4
2169.54, 1786.82
2169.6, 1787.25
2169.66, 1787.68
2169.72, 1788.1
2169.79, 1788.53
2169.85, 1788.96
2169.91, 1789.38
2169.97, 1789.81
2170.04, 1790.23

waypoints
x, y
2166.67, 1767.23
2166.73, 1767.65
2166.79, 1768.08
2166.86, 1768.51
2166.92, 1768.93
2166.98, 1769.36
2167.04, 1769.78
2167.11, 1770.21
2167.17, 1770.63
2167.23, 1771.06
2167.29, 1771.48
2167.35, 1771.9
2167.42, 1772.33
2167.48, 1772.76
2167.54, 1773.18
2167.6, 1773.61
2167.66, 1774.03
2167.73, 1774.45
2167.79, 1774.88
2167.85, 1775.31
2167.91, 1775.73
2167.98, 1776.16
2168.04, 1776.58
2168.1, 1777.01
2168.16, 1777.44
2168.23, 1777.86
2168.29, 1778.29
2168.35, 1778.72
2168.41, 1779.14
2168.47, 1779.57
2168.54, 1780
2168.6, 1780.42
2168.66, 1780.85
2168.72, 1781.28
2168.79, 1781.7
2168.85, 1782.13
2168.91, 1782.56
2168.97, 1782.98
2169.04, 1783.41
2169.1, 1783.84
2169.16, 1784.27
2169.22, 1784.69
2169.29, 1785.12
2169.35, 1785.55
2169.41, 1785.97
2169.47, 1786.4
2169.54, 1786.82
2169.6, 1787.25
2169.66, 1787.68
2169.72, 1788.1
2169.79, 1788.53
2169.85, 1788.96
2169.91, 1789.38
2169.97, 1789.81
2170.04, 1790.23

waypoints
x, y
2166.92, 1768.93
2166.98, 1769.36
2167.04, 1769.78
2167.11, 1770.21
2167.17, 1770.63
2167.23, 1771.06
2167.29, 1771.48
2167.35, 1771.9
2167.42, 1772.33
2167.48, 1772.76
2167.54, 1773.18
2167.6, 1773.61
2167.66, 1774.03
2167.73, 1774.45
2167.79, 1774.88
2167.85, 1775.31
2167.91, 1775.73
2167.98, 1776.16
2168.04, 1776.58
2168.1, 1777.01
2168.16, 1777.44
2168.23, 1777.86
2168.29, 1778.29
2168.35, 1778.72
2168.41, 1779.14
2168.47, 1779.57
2168.54, 1780
2168.6, 1780.42
2168.66, 1780.85
2168.72, 1781.28
2168.79, 1781.7
2168.85, 1782.13
2168.91, 1782.56
2168.97, 1782.98
2169.04, 1783.41
2169.1, 1783.84
2169.16, 1784.27
2169.22, 1784.69
2169.29, 1785.12
2169.35, 1785.55
2169.41, 1785.97
2169.47, 1786.4
2169.54, 1786.82
2169.6, 1787.25
2169.66, 1787.68
2169.72, 1788.1
2169.79, 1788.53
2169.85, 1788.96
2169.91, 1789.38
2169.97, 1789.81
2170.04, 1790.23

waypoints
x, y
2167.11, 1770.21
2167.17, 1770.63
2167.23, 1771.06
2167.29, 1771.48
2167.35, 1771.9
2167.42, 1772.33
2167.48, 1772.76
2167.54, 1773.18
2167.6, 1773.61
2167.66, 1774.03
2167.73, 1774.45
2167.79, 1774.88
2167.85, 1775.31
2167.91, 1775.73
2167.98, 1776.16
2168.04, 1776.58
2168.1, 1777.01
2168.16, 1777.44
2168.23, 1777.86
2168.29, 1778.29
2168.35, 1778.72
2168.41, 1779.14
2168.47, 1779.57
2168.54, 1780
2168.6, 1780.42
2168.66, 1780.85
2168.72, 1781.28
2168.79, 1781.7
2168.85, 1782.13
2168.91, 1782.56
2168.97, 1782.98
2169.04, 1783.41
2169.1, 1783.84
2169.16, 1784.27
2169.22, 1784.69
2169.29, 1785.12
2169.35, 1785.55
2169.41, 1785.97
2169.47, 1786.4
2169.54, 1786.82
2169.6, 1787.25
2169.66, 1787.68
2169.72, 1788.1
2169.79, 1788.53
2169.85, 1788.96
2169.91, 1789.38
2169.97, 1789.81
2170.04, 1790.23
2170.1, 1790.66
2170.16, 1791.08
2170.22, 1791.51
2170.28, 1791.93
2170.35, 1792.35
2170.41, 1792.78
2170.47, 1793.2
2170.53, 1793.63
2170.59, 1794.05
2170.66, 1794.48
2170.72, 1794.9
2170.78, 1795.33
2170.84, 1795.75
2170.91, 1796.18
2170.97, 1796.6
2171.03, 1797.03
2171.09, 1797.46
2171.16, 1797.88
2171.22, 1798.31
2171.28, 1798.73
2171.34, 1799.16
2171.4, 1799.59
2171.47, 1800.01
2171.53, 1800.44
2171.59, 1800.87
2171.65, 1801.3
2171.72, 1801.72
2171.78, 1802.15
2171.84, 1802.58
2171.9, 1803
2171.97, 1803.43
2172.03, 1803.86
2172.09, 1804.28
2172.15, 1804.71
2172.22, 1805.14
2172.28, 1805.57
2172.34, 1805.99
2172.4, 1806.42
2172.47, 1806.85
2172.53, 1807.27
2172.59, 1807.7
2172.65, 1808.13
2172.72, 1808.56
2172.78, 1808.98
2172.84, 1809.41
2172.9, 1809.84
2172.96, 1810.26
2173.02, 1810.69
2173.09, 1811.11

waypoints
x, y
2167.35, 1771.9
2167.42, 1772.33
2167.48, 1772.76
2167.54, 1773.18
2167.6, 1773.61
2167.66, 1774.03
2167.73, 1774.45
2167.79, 1774.88
2167.85, 1775.31
2167.91, 1775.73
2167.98, 1776.16
2168.04, 1776.58
2168.1, 1777.01
2168.16, 1777.44
2168.23, 1777.86
2168.29, 1778.29
2168.35, 1778.72
2168.41, 1779.14
2168.47, 1779.57
2168.54, 1780
2168.6, 1780.42
2168.66, 1780.85
2168.72, 1781.28
2168.79, 1781.7
2168.85, 1782.13
2168.91, 1782.56
2168.97, 1782.98
2169.04, 1783.41
2169.1, 1783.84
2169.16, 1784.27
2169.22, 1784.69
2169.29, 1785.12
2169.35, 1785.55
2169.41, 1785.97
2169.47, 1786.4
2169.54, 1786.82
2169.6, 1787.25
2169.66, 1787.68
2169.72, 1788.1
2169.79, 1788.53
2169.85, 1788.96
2169.91, 1789.38
2169.97, 1789.81
2170.04, 1790.23
2170.1, 1790.66
2170.16, 1791.08
2170.22, 1791.51
2170.28, 1791.93
2170.35, 1792.35
2170.41, 1792.78
2170.47, 1793.2
2170.53, 1793.63
2170.59, 1794.05
2170.66, 1794.48
2170.72, 1794.9
2170.78, 1795.33
2170.84, 1795.75
2170.91, 1796.18
2170.97, 1796.6
2171.03, 1797.03
2171.09, 1797.46
2171.16, 1797.88
2171.22, 1798.31
2171.28, 1798.73
2171.34, 1799.16
2171.41, 1799.59
2171.47, 1800.02
2171.53, 1800.44
2171.59, 1800.87
2171.66, 1801.3
2171.72, 1801.72
2171.78, 1802.15
2171.84, 1802.58
2171.91, 1803
2171.97, 1803.43
2172.03, 1803.86
2172.09, 1804.29
2172.16, 1804.71
2172.22, 1805.14
2172.28, 1805.57
2172.34, 1805.99
2172.41, 1806.42
2172.47, 1806.85
2172.53, 1807.27
2172.59, 1807.7
2172.65, 1808.13
2172.72, 1808.56
2172.78, 1808.98
2172.84, 1809.41
2172.9, 1809.84
2172.96, 1810.26
2173.02, 1810.69
2173.09, 1811.11

waypoints
x, y
2167.6, 1773.61
2167.66, 1774.03
2167.73, 1774.45
2167.79, 1774.88
2167.85, 1775.31
2167.91, 1775.73
2167.98, 1776.16
2168.04, 1776.58
2168.1, 1777.01
2168.16, 1777.44
2168.23, 1777.86
2168.29, 1778.29
2168.35, 1778.72
2168.41, 1779.14
2168.47, 1779.57
2168.54, 1780
2168.6, 1780.42
2168.66, 1780.85
2168.72, 1781.28
2168.79, 1781.7
2168.85, 1782.13
2168.91, 1782.56
2168.97, 1782.98
2169.04, 1783.41
2169.1, 1783.84
2169.16, 1784.27
2169.22, 1784.69
2169.29, 1785.12
2169.35, 1785.55
2169.41, 1785.97
2169.47, 1786.4
2169.54, 1786.82
2169.6, 1787.25
2169.66, 1787.68
2169.72, 1788.1
2169.79, 1788.53
2169.85, 1788.96
2169.91, 1789.38
2169.97, 1789.81
2170.04, 1790.23
2170.1, 1790.66
2170.16, 1791.08
2170.22, 1791.51
2170.28, 1791.93
2170.35, 1792.35
2170.41, 1792.78
2170.47, 1793.2
2170.53, 1793.63
2170.59, 1794.05
2170.66, 1794.48
2170.72, 1794.9
2170.78, 1795.33
2170.84, 1795.75
2170.91, 1796.18
2170.97, 1796.6
2171.03, 1797.03
2171.09, 1797.46
2171.16, 1797.88
2171.22, 1798.31
2171.28, 1798.73
2171.34, 1799.16
2171.41, 1799.59
2171.47, 1800.02
2171.53, 1800.44
2171.59, 1800.87
2171.66, 1801.3
2171.72, 1801.72
2171.78, 1802.15
2171.84, 1802.58
2171.91, 1803
2171.97, 1803.43
2172.03, 1803.86
2172.09, 1804.29
2172.16, 1804.71
2172.22, 1805.14
2172.28, 1805.57
2172.34, 1805.99
2172.41, 1806.42
2172.47, 1806.85
2172.53, 1807.27
2172.59, 1807.7
2172.65, 1808.13
2172.72, 1808.56
2172.78, 1808.98
2172.84, 1809.41
2172.9, 1809.84
2172.96, 1810.26
2173.02, 1810.69
2173.09, 1811.11

waypoints
x, y
2167.91, 1775.73
2167.98, 1776.16
2168.04, 1776.58
2168.1, 1777.01
2168.16, 1777.44
2168.23, 1777.86
2168.29, 1778.29
2168.35, 1778.72
2168.41, 1779.14
2168.47, 1779.57
2168.54, 1780
2168.6, 1780.42
2168.66, 1780.85
2168.72, 1781.28
2168.79, 1781.7
2168.85, 1782.13
2168.91, 1782.56
2168.97, 1782.98
2169.04, 1783.41
2169.1, 1783.84
2169.16, 1784.27
2169.22, 1784.69
2169.29, 1785.12
2169.35, 1785.55
2169.41, 1785.97
2169.47, 1786.4
2169.54, 1786.82
2169.6, 1787.25
2169.66, 1787.68
2169.72, 1788.1
2169.79, 1788.53
2169.85, 1788.96
2169.91, 1789.38
2169.97, 1789.81
2170.04, 1790.23
2170.1, 1790.66
2170.16, 1791.08
2170.22, 1791.51
2170.28, 1791.93
2170.35, 1792.35
2170.41, 1792.78
2170.47, 1793.2
2170.53, 1793.63
2170.59, 1794.05
2170.66, 1794.48
2170.72, 1794.9
2170.78, 1795.33
2170.84, 1795.75
2170.91, 1796.18
2170.97, 1796.6
2171.03, 1797.03
2171.09, 1797.46
2171.16, 1797.88
2171.22, 1798.31
2171.28, 1798.73
2171.34, 1799.16
2171.41, 1799.59
2171.47, 1800.02
2171.53, 1800.44
2171.59, 1800.87
2171.66, 1801.3
2171.72, 1801.72
2171.78, 1802.15
2171.84, 1802.58
2171.91, 1803
2171.97, 1803.43
2172.03, 1803.86
2172.09, 1804.29
2172.16, 1804.71
2172.22, 1805.14
2172.28, 1805.57
2172.34, 1805.99
2172.41, 1806.42
2172.47, 1806.85
2172.53, 1807.27
2172.59, 1807.7
2172.65, 1808.13
2172.72, 1808.56
2172.78, 1808.98
2172.84, 1809.41
2172.9, 1809.84
2172.96, 1810.26
2173.02, 1810.69
2173.09, 1811.11

waypoints
x, y
2168.16, 1777.44
2168.23, 1777.86
2168.29, 1778.29
2168.35, 1778.72
2168.41, 1779.14
2168.47, 1779.57
2168.54, 1780
2168.6, 1780.42
2168.66, 1780.85
2168.72, 1781.28
2168.79, 1781.7
2168.85, 1782.13
2168.91, 1782.56
2168.97, 1782.98
2169.04, 1783.41
2169.1, 1783.84
2169.16, 1784.27
2169.22, 1784.69
2169.29, 1785.12
2169.35, 1785.55
2169.41, 1785.97
2169.47, 1786.4
2169.54, 1786.82
2169.6, 1787.25
2169.66, 1787.68
2169.72, 1788.1
2169.79, 1788.53
2169.85, 1788.96
2169.91, 1789.38
2169.97, 1789.81
2170.04, 1790.23
2170.1, 1790.66
2170.16, 1791.08
2170.22, 1791.51
2170.28, 1791.93
2170.35, 1792.35
2170.41, 1792.78
2170.47, 1793.2
2170.53, 1793.63
2170.59, 1794.05
2170.66, 1794.48
2170.72, 1794.9
2170.78, 1795.33
2170.84, 1795.75
2170.91, 1796.18
2170.97, 1796.6
2171.03, 1797.03
2171.09, 1797.46
2171.16, 1797.88
2171.22, 1798.31
2171.28, 1798.73
2171.34, 1799.16
2171.41, 1799.59
2171.47, 1800.02
2171.53, 1800.44
2171.59, 1800.87
2171.66, 1801.3
2171.72, 1801.72
2171.78, 1802.15
2171.84, 1802.58
2171.91, 1803
2171.97, 1803.43
2172.03, 1803.86
2172.09, 1804.29
2172.16, 1804.71
2172.22, 1805.14
2172.28, 1805.57
2172.34, 1805.99
2172.41, 1806.42
2172.47, 1806.85
2172.53, 1807.27
2172.59, 1807.7
2172.65, 1808.13
2172.72, 1808.56
2172.78, 1808.98
2172.84, 1809.41
2172.9, 1809.84
2172.96, 1810.26
2173.02, 1810.69
2173.09, 1811.11

waypoints
x, y
2168.41, 1779.14
2168.47, 1779.57
2168.54, 1780
2168.6, 1780.42
2168.66, 1780.85
2168.72, 1781.28
2168.79, 1781.7
2168.85, 1782.13
2168.91, 1782.56
2168.97, 1782.98
2169.04, 1783.41
2169.1, 1783.84
2169.16, 1784.27
2169.22, 1784.69
2169.29, 1785.12
2169.35, 1785.55
2169.41, 1785.97
2169.47, 1786.4
2169.54, 1786.82
2169.6, 1787.25
2169.66, 1787.68
2169.72, 1788.1
2169.79, 1788.53
2169.85, 1788.96
2169.91, 1789.38
2169.97, 1789.81
2170.04, 1790.23
2170.1, 1790.66
2170.16, 1791.08
2170.22, 1791.51
2170.28, 1791.93
2170.35, 1792.35
2170.41, 1792.78
2170.47, 1793.2
2170.53, 1793.63
2170.59, 1794.05
2170.66, 1794.48
2170.72, 1794.9
2170.78, 1795.33
2170.84, 1795.75
2170.91, 1796.18
2170.97, 1796.6
2171.03, 1797.03
2171.09, 1797.46
2171.16, 1797.88
2171.22, 1798.31
2171.28, 1798.73
2171.34, 1799.16
2171.41, 1799.59
2171.47, 1800.02
2171.53, 1800.44
2171.59, 1800.87
2171.66, 1801.3
2171.72, 1801.72
2171.78, 1802.15
2171.84, 1802.58
2171.91, 1803
2171.97, 1803.43
2172.03, 1803.86
2172.09, 1804.29
2172.16, 1804.71
2172.22, 1805.14
2172.28, 1805.57
2172.34, 1805.99
2172.41, 1806.42
2172.47, 1806.85
2172.53, 1807.27
2172.59, 1807.7
2172.65, 1808.13
2172.72, 1808.56
2172.78, 1808.98
2172.84, 1809.41
2172.9, 1809.84
2172.96, 1810.26
2173.02, 1810.69
2173.09, 1811.11

waypoints
x, y
2168.66, 1780.85
2168.72, 1781.28
2168.79, 1781.7
2168.85, 1782.13
2168.91, 1782.56
2168.97, 1782.98
2169.04, 1783.41
2169.1, 1783.84
2169.16, 1784.27
2169.22, 1784.69
2169.29, 1785.12
2169.35, 1785.55
2169.41, 1785.97
2169.47, 1786.4
2169.54, 1786.82
2169.6, 1787.25
2169.66, 1787.68
2169.72, 1788.1
2169.79, 1788.53
2169.85, 1788.96
2169.91, 1789.38
2169.97, 1789.81
2170.04, 1790.23
2170.1, 1790.66
2170.16, 1791.08
2170.22, 1791.51
2170.28, 1791.93
2170.35, 1792.35
2170.41, 1792.78
2170.47, 1793.2
2170.53, 1793.63
2170.59, 1794.05
2170.66, 1794.48
2170.72, 1794.9
2170.78, 1795.33
2170.84, 1795.75
2170.91, 1796.18
2170.97, 1796.6
2171.03, 1797.03
2171.09, 1797.46
2171.16, 1797.88
2171.22, 1798.31
2171.28, 1798.73
2171.34, 1799.16
2171.41, 1799.59
2171.47, 1800.02
2171.53, 1800.44
2171.59, 1800.87
2171.66, 1801.3
2171.72, 1801.72
2171.78, 1802.15
2171.84, 1802.58
2171.91, 1803
2171.97, 1803.43
2172.03, 1803.86
2172.09, 1804.29
2172.16, 1804.71
2172.22, 1805.14
2172.28, 1805.57
2172.34, 1805.99
2172.41, 1806.42
2172.47, 1806.85
2172.53, 1807.27
2172.59, 1807.7
2172.65, 1808.13
2172.72, 1808.56
2172.78, 1808.98
2172.84, 1809.41
2172.9, 1809.84
2172.96, 1810.26
2173.02, 1810.69
2173.09, 1811.11

waypoints
x, y
2168.85, 1782.13
2168.91, 1782.56
2168.97, 1782.98
2169.04, 1783.41
2169.1, 1783.84
2169.16, 1784.27
2169.22, 1784.69
2169.29, 1785.12
2169.35, 1785.55
2169.41, 1785.97
2169.47, 1786.4
2169.54, 1786.82
2169.6, 1787.25
2169.66, 1787.68
2169.72, 1788.1
2169.79, 1788.53
2169.85, 1788.96
2169.91, 1789.38
2169.97, 1789.81
2170.04, 1790.23
2170.1, 1790.66
2170.16, 1791.08
2170.22, 1791.51
2170.28, 1791.93
2170.35, 1792.35
2170.41, 1792.78
2170.47, 1793.2
2170.53, 1793.63
2170.59, 1794.05
2170.66, 1794.48
2170.72, 1794.9
2170.78, 1795.33
2170.84, 1795.75
2170.91, 1796.18
2170.97, 1796.6
2171.03, 1797.03
2171.09, 1797.46
2171.16, 1797.88
2171.22, 1798.31
2171.28, 1798.73
2171.34, 1799.16
2171.41, 1799.59
2171.47, 1800.02
2171.53, 1800.44
2171.59, 1800.87
2171.66, 1801.3
2171.72, 1801.72
2171.78, 1802.15
2171.84, 1802.58
2171.91, 1803
2171.97, 1803.43
2172.03, 1803.86
2172.09, 1804.29
2172.16, 1804.71
2172.22, 1805.14
2172.28, 1805.57
2172.34, 1805.99
2172.41, 1806.42
2172.47, 1806.85
2172.53, 1807.27
2172.59, 1807.7
2172.65, 1808.13
2172.72, 1808.56
2172.78, 1808.98
2172.84, 1809.41
2172.9, 1809.84
2172.96, 1810.26
2173.02, 1810.69
2173.09, 1811.11

waypoints
x, y
2169.1, 1783.84
2169.16, 1784.27
2169.22, 1784.69
2169.29, 1785.12
2169.35, 1785.55
2169.41, 1785.97
2169.47, 1786.4
2169.54, 1786.82
2169.6, 1787.25
2169.66, 1787.68
2169.72, 1788.1
2169.79, 1788.53
2169.85, 1788.96
2169.91, 1789.38
2169.97, 1789.81
2170.04, 1790.23
2170.1, 1790.66
2170.16, 1791.08
2170.22, 1791.51
2170.28, 1791.93
2170.35, 1792.35
2170.41, 1792.78
2170.47, 1793.2
2170.53, 1793.63
2170.59, 1794.05
2170.66, 1794.48
2170.72, 1794.9
2170.78, 1795.33
2170.84, 1795.75
2170.91, 1796.18
2170.97, 1796.6
2171.03, 1797.03
2171.09, 1797.46
2171.16, 1797.88
2171.22, 1798.31
2171.28, 1798.73
2171.34, 1799.16
2171.41, 1799.59
2171.47, 1800.02
2171.53, 1800.44
2171.59, 1800.87
2171.66, 1801.3
2171.72, 1801.72
2171.78, 1802.15
2171.84, 1802.58
2171.91, 1803
2171.97, 1803.43
2172.03, 1803.86
2172.09, 1804.29
2172.16, 1804.71
2172.22, 1805.14
2172.28, 1805.57
2172.34, 1805.99
2172.41, 1806.42
2172.47, 1806.85
2172.53, 1807.27
2172.59, 1807.7
2172.65, 1808.13
2172.72, 1808.56
2172.78, 1808.98
2172.84, 1809.41
2172.9, 1809.84
2172.96, 1810.26
2173.02, 1810.69
2173.09, 1811.11

waypoints
x, y
2169.35, 1785.55
2169.41, 1785.97
2169.47, 1786.4
2169.54, 1786.82
2169.6, 1787.25
2169.66, 1787.68
2169.72, 1788.1
2169.79, 1788.53
2169.85, 1788.96
2169.91, 1789.38
2169.97, 1789.81
2170.04, 1790.23
2170.1, 1790.66
2170.16, 1791.08
2170.22, 1791.51
2170.28, 1791.93
2170.35, 1792.35
2170.41, 1792.78
2170.47, 1793.2
2170.53, 1793.63
2170.59, 1794.05
2170.66, 1794.48
2170.72, 1794.9
2170.78, 1795.33
2170.84, 1795.75
2170.91, 1796.18
2170.97, 1796.6
2171.03, 1797.03
2171.09, 1797.46
2171.16, 1797.88
2171.22, 1798.31
2171.28, 1798.73
2171.34, 1799.16
2171.41, 1799.59
2171.47, 1800.02
2171.53, 1800.44
2171.59, 1800.87
2171.66, 1801.3
2171.72, 1801.72
2171.78, 1802.15
2171.84, 1802.58
2171.91, 1803
2171.97, 1803.43
2172.03, 1803.86
2172.09, 1804.29
2172.16, 1804.71
2172.22, 1805.14
2172.28, 1805.57
2172.34, 1805.99
2172.41, 1806.42
2172.47, 1806.85
2172.53, 1807.27
2172.59, 1807.7
2172.65, 1808.13
2172.72, 1808.56
2172.78, 1808.98
2172.84, 1809.41
2172.9, 1809.84
2172.96, 1810.26
2173.02, 1810.69
2173.09, 1811.11

waypoints
x, y
2169.6, 1787.25
2169.66, 1787.68
2169.72, 1788.1
2169.79, 1788.53
2169.85, 1788.96
2169.91, 1789.38
2169.97, 1789.81
2170.04, 1790.23
2170.1, 1790.66
2170.16, 1791.08
2170.22, 1791.51
2170.28, 1791.93
2170.35, 1792.35
2170.41, 1792.78
2170.47, 1793.2
2170.53, 1793.63
2170.59, 1794.05
2170.66, 1794.48
2170.72, 1794.9
2170.78, 1795.33
2170.84, 1795.75
2170.91, 1796.18
2170.97, 1796.6
2171.03, 1797.03
2171.09, 1797.46
2171.16, 1797.88
2171.22, 1798.31
2171.28, 1798.73
2171.34, 1799.16
2171.41, 1799.59
2171.47, 1800.02
2171.53, 1800.44
2171.59, 1800.87
2171.66, 1801.3
2171.72, 1801.72
2171.78, 1802.15
2171.84, 1802.58
2171.91, 1803
2171.97, 1803.43
2172.03, 1803.86
2172.09, 1804.29
2172.16, 1804.71
2172.22, 1805.14
2172.28, 1805.57
2172.34, 1805.99
2172.41, 1806.42
2172.47, 1806.85
2172.53, 1807.27
2172.59, 1807.7
2172.65, 1808.13
2172.72, 1808.56
2172.78, 1808.98
2172.84, 1809.41
2172.9, 1809.84
2172.96, 1810.26
2173.02, 1810.69
2173.09, 1811.11

waypoints
x, y
2169.79, 1788.53
2169.85, 1788.96
2169.91, 1789.38
2169.97, 1789.81
2170.04, 1790.23
2170.1, 1790.66
2170.16, 1791.08
2170.22, 1791.51
2170.28, 1791.93
2170.35, 1792.35
2170.41, 1792.78
2170.47, 1793.2
2170.53, 1793.63
2170.59, 1794.05
2170.66, 1794.48
2170.72, 1794.9
2170.78, 1795.33
2170.84, 1795.75
2170.91, 1796.18
2170.97, 1796.6
2171.03, 1797.03
2171.09, 1797.46
2171.16, 1797.88
2171.22, 1798.31
2171.28, 1798.73
2171.34, 1799.16
2171.41, 1799.59
2171.47, 1800.02
2171.53, 1800.44
2171.59, 1800.87
2171.66, 1801.3
2171.72, 1801.72
2171.78, 1802.15
2171.84, 1802.58
2171.91, 1803
2171.97, 1803.43
2172.03, 1803.86
2172.09, 1804.29
2172.16, 1804.71
2172.22, 1805.14
2172.28, 1805.57
2172.34, 1805.99
2172.41, 1806.42
2172.47, 1806.85
2172.53, 1807.27
2172.59, 1807.7
2172.65, 1808.13
2172.72, 1808.56
2172.78, 1808.98
2172.84, 1809.41
2172.9, 1809.84
2172.96, 1810.26
2173.02, 1810.69
2173.09, 1811.11

waypoints
x, y
2170.04, 1790.23
2170.1, 1790.66
2170.16, 1791.08
2170.22, 1791.51
2170.28, 1791.93
2170.35, 1792.35
2170.41, 1792.78
2170.47, 1793.2
2170.53, 1793.63
2170.59, 1794.05
2170.66, 1794.48
2170.72, 1794.9
2170.78, 1795.33
2170.84, 1795.75
2170.91, 1796.18
2170.97, 1796.6
2171.03, 1797.03
2171.09, 1797.46
2171.16, 1797.88
2171.22, 1798.31
2171.28, 1798.73
2171.34, 1799.16
2171.41, 1799.59
2171.47, 1800.02
2171.53, 1800.44
2171.59, 1800.87
2171.66, 1801.3
2171.72, 1801.72
2171.78, 1802.15
2171.84, 1802.58
2171.91, 1803
2171.97, 1803.43
2172.03, 1803.86
2172.09, 1804.29
2172.16, 1804.71
2172.22, 1805.14
2172.28, 1805.57
2172.34, 1805.99
2172.41, 1806.42
2172.47, 1806.85
2172.53, 1807.27
2172.59, 1807.7
2172.65, 1808.13
2172.72, 1808.56
2172.78, 1808.98
2172.84, 1809.41
2172.9, 1809.84
2172.96, 1810.26
2173.02, 1810.69
2173.09, 1811.11

waypoints
x, y
2170.28, 1791.93
2170.35, 1792.35
2170.41, 1792.78
2170.47, 1793.2
2170.53, 1793.63
2170.59, 1794.05
2170.66, 1794.48
2170.72, 1794.9
2170.78, 1795.33
2170.84, 1795.75
2170.91, 1796.18
2170.97, 1796.6
2171.03, 1797.03
2171.09, 1797.46
2171.16, 1797.88
2171.22, 1798.31
2171.28, 1798.73
2171.34, 1799.16
2171.41, 1799.59
2171.47, 1800.02
2171.53, 1800.44
2171.59, 1800.87
2171.66, 1801.3
2171.72, 1801.72
2171.78, 1802.15
2171.84, 1802.58
2171.91, 1803
2171.97, 1803.43
2172.03, 1803.86
2172.09, 1804.29
2172.16, 1804.71
2172.22, 1805.14
2172.28, 1805.57
2172.34, 1805.99
2172.41, 1806.42
2172.47, 1806.85
2172.53, 1807.27
2172.59, 1807.7
2172.65, 1808.13
2172.72, 1808.56
2172.78, 1808.98
2172.84, 1809.41
2172.9, 1809.84
2172.96, 1810.26
2173.02, 1810.69
2173.09, 1811.11
2173.15, 1811.54
2173.21, 1811.96
2173.27, 1812.39
2173.33, 1812.81
2173.39, 1813.23
2173.45, 1813.66
2173.51, 1814.08
2173.58, 1814.51
2173.64, 1814.93
2173.7, 1815.36
2173.76, 1815.78
2173.82, 1816.21
2173.88, 1816.63
2173.94, 1817.06
2174.01, 1817.49
2174.07, 1817.91
2174.13, 1818.34
2174.19, 1818.76
2174.25, 1819.19
2174.31, 1819.62
2174.37, 1820.04
2174.44, 1820.47
2174.5, 1820.9
2174.56, 1821.32
2174.62, 1821.75
2174.68, 1822.18
2174.74, 1822.61
2174.81, 1823.03
2174.87, 1823.46
2174.93, 1823.89
2174.99, 1824.31
2175.05, 1824.74
2175.12, 1825.17
2175.18, 1825.6
2175.24, 1826.02
2175.3, 1826.45
2175.36, 1826.88
2175.42, 1827.3
2175.49, 1827.73
2175.55, 1828.16
2175.61, 1828.58
2175.67, 1829.01
2175.73, 1829.44
2175.79, 1829.86
2175.85, 1830.29
2175.92, 1830.72
2175.98, 1831.14
2176.04, 1831.57
2176.1, 1832

waypoints
x, y
2170.47, 1793.2
2170.53, 1793.63
2170.59, 1794.05
2170.66, 1794.48
2170.72, 1794.9
2170.78, 1795.33
2170.84, 1795.75
2170.91, 1796.18
2170.97, 1796.6
2171.03, 1797.03
2171.09, 1797.46
2171.16, 1797.88
2171.22, 1798.31
2171.28, 1798.73
2171.34, 1799.16
2171.41, 1799.59
2171.47, 1800.02
2171.53, 1800.44
2171.59, 1800.87
2171.66, 1801.3
2171.72, 1801.72
2171.78, 1802.15
2171.84, 1802.58
2171.91, 1803
2171.97, 1803.43
2172.03, 1803.86
2172.09, 1804.29
2172.16, 1804.71
2172.22, 1805.14
2172.28, 1805.57
2172.34, 1805.99
2172.41, 1806.42
2172.47, 1806.85
2172.53, 1807.27
2172.59, 1807.7
2172.65, 1808.13
2172.72, 1808.56
2172.78, 1808.98
2172.84, 1809.41
2172.9, 1809.84
2172.96, 1810.26
2173.02, 1810.69
2173.09, 1811.11
2173.15, 1811.54
2173.21, 1811.96
2173.27, 1812.39
2173.33, 1812.81
2173.39, 1813.23
2173.45, 1813.66
2173.51, 1814.08
2173.57, 1814.51
2173.64, 1814.93
2173.7, 1815.36
2173.76, 1815.78
2173.82, 1816.21
2173.88, 1816.63
2173.94, 1817.06
2174.01, 1817.49
2174.07, 1817.91
2174.13, 1818.34
2174.19, 1818.76
2174.25, 1819.19
2174.31, 1819.62
2174.38, 1820.04
2174.44, 1820.47
2174.5, 1820.9
2174.56, 1821.32
2174.62, 1821.75
2174.68, 1822.18
2174.74, 1822.61
2174.81, 1823.03
2174.87, 1823.46
2174.93, 1823.89
2174.99, 1824.32
2175.05, 1824.74
2175.11, 1825.17
2175.18, 1825.6
2175.24, 1826.02
2175.3, 1826.45
2175.36, 1826.88
2175.42, 1827.3
2175.49, 1827.73
2175.55, 1828.16
2175.61, 1828.59
2175.67, 1829.01
2175.73, 1829.44
2175.79, 1829.86
2175.86, 1830.29
2175.92, 1830.72
2175.98, 1831.14
2176.04, 1831.57
2176.1, 1832

waypoints
x, y
2170.78, 1795.33
2170.84, 1795.75
2170.91, 1796.18
2170.97, 1796.6
2171.03, 1797.03
2171.09, 1797.46
2171.16, 1797.88
2171.22, 1798.31
2171.28, 1798.73
2171.34, 1799.16
2171.41, 1799.59
2171.47, 1800.02
2171.53, 1800.44
2171.59, 1800.87
2171.66, 1801.3
2171.72, 1801.72
2171.78, 1802.15
2171.84, 1802.58
2171.91, 1803
2171.97, 1803.43
2172.03, 1803.86
2172.09, 1804.29
2172.16, 1804.71
2172.22, 1805.14
2172.28, 1805.57
2172.34, 1805.99
2172.41, 1806.42
2172.47, 1806.85
2172.53, 1807.27
2172.59, 1807.7
2172.65, 1808.13
2172.72, 1808.56
2172.78, 1808.98
2172.84, 1809.41
2172.9, 1809.84
2172.96, 1810.26
2173.02, 1810.69
2173.09, 1811.11
2173.15, 1811.54
2173.21, 1811.96
2173.27, 1812.39
2173.33, 1812.81
2173.39, 1813.23
2173.45, 1813.66
2173.51, 1814.08
2173.57, 1814.51
2173.64, 1814.93
2173.7, 1815.36
2173.76, 1815.78
2173.82, 1816.21
2173.88, 1816.63
2173.94, 1817.06
2174.01, 1817.49
2174.07, 1817.91
2174.13, 1818.34
2174.19, 1818.76
2174.25, 1819.19
2174.31, 1819.62
2174.38, 1820.04
2174.44, 1820.47
2174.5, 1820.9
2174.56, 1821.32
2174.62, 1821.75
2174.68, 1822.18
2174.74, 1822.61
2174.81, 1823.03
2174.87, 1823.46
2174.93, 1823.89
2174.99, 1824.32
2175.05, 1824.74
2175.11, 1825.17
2175.18, 1825.6
2175.24, 1826.02
2175.3, 1826.45
2175.36, 1826.88
2175.42, 1827.3
2175.49, 1827.73
2175.55, 1828.16
2175.61, 1828.59
2175.67, 1829.01
2175.73, 1829.44
2175.79, 1829.86
2175.86, 1830.29
2175.92, 1830.72
2175.98, 1831.14
2176.04, 1831.57
2176.1, 1832

waypoints
x, y
2171.03, 1797.03
2171.09, 1797.46
2171.16, 1797.88
2171.22, 1798.31
2171.28, 1798.73
2171.34, 1799.16
2171.41, 1799.59
2171.47, 1800.02
2171.53, 1800.44
2171.59, 1800.87
2171.66, 1801.3
2171.72, 1801.72
2171.78, 1802.15
2171.84, 1802.58
2171.91, 1803
2171.97, 1803.43
2172.03, 1803.86
2172.09, 1804.29
2172.16, 1804.71
2172.22, 1805.14
2172.28, 1805.57
2172.34, 1805.99
2172.41, 1806.42
2172.47, 1806.85
2172.53, 1807.27
2172.59, 1807.7
2172.65, 1808.13
2172.72, 1808.56
2172.78, 1808.98
2172.84, 1809.41
2172.9, 1809.84
2172.96, 1810.26
2173.02, 1810.69
2173.09, 1811.11
2173.15, 1811.54
2173.21, 1811.96
2173.27, 1812.39
2173.33, 1812.81
2173.39, 1813.23
2173.45, 1813.66
2173.51, 1814.08
2173.57, 1814.51
2173.64, 1814.93
2173.7, 1815.36
2173.76, 1815.78
2173.82, 1816.21
2173.88, 1816.63
2173.94, 1817.06
2174.01, 1817.49
2174.07, 1817.91
2174.13, 1818.34
2174.19, 1818.76
2174.25, 1819.19
2174.31, 1819.62
2174.38, 1820.04
2174.44, 1820.47
2174.5, 1820.9
2174.56, 1821.32
2174.62, 1821.75
2174.68, 1822.18
2174.74, 1822.61
2174.81, 1823.03
2174.87, 1823.46
2174.93, 1823.89
2174.99, 1824.32
2175.05, 1824.74
2175.11, 1825.17
2175.18, 1825.6
2175.24, 1826.02
2175.3, 1826.45
2175.36, 1826.88
2175.42, 1827.3
2175.49, 1827.73
2175.55, 1828.16
2175.61, 1828.59
2175.67, 1829.01
2175.73, 1829.44
2175.79, 1829.86
2175.86, 1830.29
2175.92, 1830.72
2175.98, 1831.14
2176.04, 1831.57
2176.1, 1832

waypoints
x, y
2171.28, 1798.73
2171.34, 1799.16
2171.41, 1799.59
2171.47, 1800.02
2171.53, 1800.44
2171.59, 1800.87
2171.66, 1801.3
2171.72, 1801.72
2171.78, 1802.15
2171.84, 1802.58
2171.91, 1803
2171.97, 1803.43
2172.03, 1803.86
2172.09, 1804.29
2172.16, 1804.71
2172.22, 1805.14
2172.28, 1805.57
2172.34, 1805.99
2172.41, 1806.42
2172.47, 1806.85
2172.53, 1807.27
2172.59, 1807.7
2172.65, 1808.13
2172.72, 1808.56
2172.78, 1808.98
2172.84, 1809.41
2172.9, 1809.84
2172.96, 1810.26
2173.02, 1810.69
2173.09, 1811.11
2173.15, 1811.54
2173.21, 1811.96
2173.27, 1812.39
2173.33, 1812.81
2173.39, 1813.23
2173.45, 1813.66
2173.51, 1814.08
2173.57, 1814.51
2173.64, 1814.93
2173.7, 1815.36
2173.76, 1815.78
2173.82, 1816.21
2173.88, 1816.63
2173.94, 1817.06
2174.01, 1817.49
2174.07, 1817.91
2174.13, 1818.34
2174.19, 1818.76
2174.25, 1819.19
2174.31, 1819.62
2174.38, 1820.04
2174.44, 1820.47
2174.5, 1820.9
2174.56, 1821.32
2174.62, 1821.75
2174.68, 1822.18
2174.74, 1822.61
2174.81, 1823.03
2174.87, 1823.46
2174.93, 1823.89
2174.99, 1824.32
2175.05, 1824.74
2175.11, 1825.17
2175.18, 1825.6
2175.24, 1826.02
2175.3, 1826.45
2175.36, 1826.88
2175.42, 1827.3
2175.49, 1827.73
2175.55, 1828.16
2175.61, 1828.59
2175.67, 1829.01
2175.73, 1829.44
2175.79, 1829.86
2175.86, 1830.29
2175.92, 1830.72
2175.98, 1831.14
2176.04, 1831.57
2176.1, 1832

waypoints
x, y
2171.47, 1800.02
2171.53, 1800.44
2171.59, 1800.87
2171.66, 1801.3
2171.72, 1801.72
2171.78, 1802.15
2171.84, 1802.58
2171.91, 1803
2171.97, 1803.43
2172.03, 1803.86
2172.09, 1804.29
2172.16, 1804.71
2172.22, 1805.14
2172.28, 1805.57
2172.34, 1805.99
2172.41, 1806.42
2172.47, 1806.85
2172.53, 1807.27
2172.59, 1807.7
2172.65, 1808.13
2172.72, 1808.56
2172.78, 1808.98
2172.84, 1809.41
2172.9, 1809.84
2172.96, 1810.26
2173.02, 1810.69
2173.09, 1811.11
2173.15, 1811.54
2173.21, 1811.96
2173.27, 1812.39
2173.33, 1812.81
2173.39, 1813.23
2173.45, 1813.66
2173.51, 1814.08
2173.57, 1814.51
2173.64, 1814.93
2173.7, 1815.36
2173.76, 1815.78
2173.82, 1816.21
2173.88, 1816.63
2173.94, 1817.06
2174.01, 1817.49
2174.07, 1817.91
2174.13, 1818.34
2174.19, 1818.76
2174.25, 1819.19
2174.31, 1819.62
2174.38, 1820.04
2174.44, 1820.47
2174.5, 1820.9
2174.56, 1821.32
2174.62, 1821.75
2174.68, 1822.18
2174.74, 1822.61
2174.81, 1823.03
2174.87, 1823.46
2174.93, 1823.89
2174.99, 1824.32
2175.05, 1824.74
2175.11, 1825.17
2175.18, 1825.6
2175.24, 1826.02
2175.3, 1826.45
2175.36, 1826.88
2175.42, 1827.3
2175.49, 1827.73
2175.55, 1828.16
2175.61, 1828.59
2175.67, 1829.01
2175.73, 1829.44
2175.79, 1829.86
2175.86, 1830.29
2175.92, 1830.72
2175.98, 1831.14
2176.04, 1831.57
2176.1, 1832

waypoints
x, y
2171.72, 1801.72
2171.78, 1802.15
2171.84, 1802.58
2171.91, 1803
2171.97, 1803.43
2172.03, 1803.86
2172.09, 1804.29
2172.16, 1804.71
2172.22, 1805.14
2172.28, 1805.57
2172.34, 1805.99
2172.41, 1806.42
2172.47, 1806.85
2172.53, 1807.27
2172.59, 1807.7
2172.65, 1808.13
2172.72, 1808.56
2172.78, 1808.98
2172.84, 1809.41
2172.9, 1809.84
2172.96, 1810.26
2173.02, 1810.69
2173.09, 1811.11
2173.15, 1811.54
2173.21, 1811.96
2173.27, 1812.39
2173.33, 1812.81
2173.39, 1813.23
2173.45, 1813.66
2173.51, 1814.08
2173.57, 1814.51
2173.64, 1814.93
2173.7, 1815.36
2173.76, 1815.78
2173.82, 1816.21
2173.88, 1816.63
2173.94, 1817.06
2174.01, 1817.49
2174.07, 1817.91
2174.13, 1818.34
2174.19, 1818.76
2174.25, 1819.19
2174.31, 1819.62
2174.38, 1820.04
2174.44, 1820.47
2174.5, 1820.9
2174.56, 1821.32
2174.62, 1821.75
2174.68, 1822.18
2174.74, 1822.61
2174.81, 1823.03
2174.87, 1823.46
2174.93, 1823.89
2174.99, 1824.32
2175.05, 1824.74
2175.11, 1825.17
2175.18, 1825.6
2175.24, 1826.02
2175.3, 1826.45
2175.36, 1826.88
2175.42, 1827.3
2175.49, 1827.73
2175.55, 1828.16
2175.61, 1828.59
2175.67, 1829.01
2175.73, 1829.44
2175.79, 1829.86
2175.86, 1830.29
2175.92, 1830.72
2175.98, 1831.14
2176.04, 1831.57
2176.1, 1832

waypoints
x, y
2171.97, 1803.43
2172.03, 1803.86
2172.09, 1804.29
2172.16, 1804.71
2172.22, 1805.14
2172.28, 1805.57
2172.34, 1805.99
2172.41, 1806.42
2172.47, 1806.85
2172.53, 1807.27
2172.59, 1807.7
2172.65, 1808.13
2172.72, 1808.56
2172.78, 1808.98
2172.84, 1809.41
2172.9, 1809.84
2172.96, 1810.26
2173.02, 1810.69
2173.09, 1811.11
2173.15, 1811.54
2173.21, 1811.96
2173.27, 1812.39
2173.33, 1812.81
2173.39, 1813.23
2173.45, 1813.66
2173.51, 1814.08
2173.57, 1814.51
2173.64, 1814.93
2173.7, 1815.36
2173.76, 1815.78
2173.82, 1816.21
2173.88, 1816.63
2173.94, 1817.06
2174.01, 1817.49
2174.07, 1817.91
2174.13, 1818.34
2174.19, 1818.76
2174.25, 1819.19
2174.31, 1819.62
2174.38, 1820.04
2174.44, 1820.47
2174.5, 1820.9
2174.56, 1821.32
2174.62, 1821.75
2174.68, 1822.18
2174.74, 1822.61
2174.81, 1823.03
2174.87, 1823.46
2174.93, 1823.89
2174.99, 1824.32
2175.05, 1824.74
2175.11, 1825.17
2175.18, 1825.6
2175.24, 1826.02
2175.3, 1826.45
2175.36, 1826.88
2175.42, 1827.3
2175.49, 1827.73
2175.55, 1828.16
2175.61, 1828.59
2175.67, 1829.01
2175.73, 1829.44
2175.79, 1829.86
2175.86, 1830.29
2175.92, 1830.72
2175.98, 1831.14
2176.04, 1831.57
2176.1, 1832

waypoints
x, y
2172.16, 1804.71
2172.22, 1805.14
2172.28, 1805.57
2172.34, 1805.99
2172.41, 1806.42
2172.47, 1806.85
2172.53, 1807.27
2172.59, 1807.7
2172.65, 1808.13
2172.72, 1808.56
2172.78, 1808.98
2172.84, 1809.41
2172.9, 1809.84
2172.96, 1810.26
2173.02, 1810.69
2173.09, 1811.11
2173.15, 1811.54
2173.21, 1811.96
2173.27, 1812.39
2173.33, 1812.81
2173.39, 1813.23
2173.45, 1813.66
2173.51, 1814.08
2173.57, 1814.51
2173.64, 1814.93
2173.7, 1815.36
2173.76, 1815.78
2173.82, 1816.21
2173.88, 1816.63
2173.94, 1817.06
2174.01, 1817.49
2174.07, 1817.91
2174.13, 1818.34
2174.19, 1818.76
2174.25, 1819.19
2174.31, 1819.62
2174.38, 1820.04
2174.44, 1820.47
2174.5, 1820.9
2174.56, 1821.32
2174.62, 1821.75
2174.68, 1822.18
2174.74, 1822.61
2174.81, 1823.03
2174.87, 1823.46
2174.93, 1823.89
2174.99, 1824.32
2175.05, 1824.74
2175.11, 1825.17
2175.18, 1825.6
2175.24, 1826.02
2175.3, 1826.45
2175.36, 1826.88
2175.42, 1827.3
2175.49, 1827.73
2175.55, 1828.16
2175.61, 1828.59
2175.67, 1829.01
2175.73, 1829.44
2175.79, 1829.86
2175.86, 1830.29
2175.92, 1830.72
2175.98, 1831.14
2176.04, 1831.57
2176.1, 1832

waypoints
x, y
2172.41, 1806.42
2172.47, 1806.85
2172.53, 1807.27
2172.59, 1807.7
2172.65, 1808.13
2172.72, 1808.56
2172.78, 1808.98
2172.84, 1809.41
2172.9, 1809.84
2172.96, 1810.26
2173.02, 1810.69
2173.09, 1811.11
2173.15, 1811.54
2173.21, 1811.96
2173.27, 1812.39
2173.33, 1812.81
2173.39, 1813.23
2173.45, 1813.66
2173.51, 1814.08
2173.57, 1814.51
2173.64, 1814.93
2173.7, 1815.36
2173.76, 1815.78
2173.82, 1816.21
2173.88, 1816.63
2173.94, 1817.06
2174.01, 1817.49
2174.07, 1817.91
2174.13, 1818.34
2174.19, 1818.76
2174.25, 1819.19
2174.31, 1819.62
2174.38, 1820.04
2174.44, 1820.47
2174.5, 1820.9
2174.56, 1821.32
2174.62, 1821.75
2174.68, 1822.18
2174.74, 1822.61
2174.81, 1823.03
2174.87, 1823.46
2174.93, 1823.89
2174.99, 1824.32
2175.05, 1824.74
2175.11, 1825.17
2175.18, 1825.6
2175.24, 1826.02
2175.3, 1826.45
2175.36, 1826.88
2175.42, 1827.3
2175.49, 1827.73
2175.55, 1828.16
2175.61, 1828.59
2175.67, 1829.01
2175.73, 1829.44
2175.79, 1829.86
2175.86, 1830.29
2175.92, 1830.72
2175.98, 1831.14
2176.04, 1831.57
2176.1, 1832

waypoints
x, y
2172.59, 1807.7
2172.65, 1808.13
2172.72, 1808.56
2172.78, 1808.98
2172.84, 1809.41
2172.9, 1809.84
2172.96, 1810.26
2173.02, 1810.69
2173.09, 1811.11
2173.15, 1811.54
2173.21, 1811.96
2173.27, 1812.39
2173.33, 1812.81
2173.39, 1813.23
2173.45, 1813.66
2173.51, 1814.08
2173.57, 1814.51
2173.64, 1814.93
2173.7, 1815.36
2173.76, 1815.78
2173.82, 1816.21
2173.88, 1816.63
2173.94, 1817.06
2174.01, 1817.49
2174.07, 1817.91
2174.13, 1818.34
2174.19, 1818.76
2174.25, 1819.19
2174.31, 1819.62
2174.38, 1820.04
2174.44, 1820.47
2174.5, 1820.9
2174.56, 1821.32
2174.62, 1821.75
2174.68, 1822.18
2174.74, 1822.61
2174.81, 1823.03
2174.87, 1823.46
2174.93, 1823.89
2174.99, 1824.32
2175.05, 1824.74
2175.11, 1825.17
2175.18, 1825.6
2175.24, 1826.02
2175.3, 1826.45
2175.36, 1826.88
2175.42, 1827.3
2175.49, 1827.73
2175.55, 1828.16
2175.61, 1828.59
2175.67, 1829.01
2175.73, 1829.44
2175.79, 1829.86
2175.86, 1830.29
2175.92, 1830.72
2175.98, 1831.14
2176.04, 1831.57
2176.1, 1832

waypoints
x, y
2172.84, 1809.41
2172.9, 1809.84
2172.96, 1810.26
2173.02, 1810.69
2173.09, 1811.11
2173.15, 1811.54
2173.21, 1811.96
2173.27, 1812.39
2173.33, 1812.81
2173.39, 1813.23
2173.45, 1813.66
2173.51, 1814.08
2173.57, 1814.51
2173.64, 1814.93
2173.7, 1815.36
2173.76, 1815.78
2173.82, 1816.21
2173.88, 1816.63
2173.94, 1817.06
2174.01, 1817.49
2174.07, 1817.91
2174.13, 1818.34
2174.19, 1818.76
2174.25, 1819.19
2174.31, 1819.62
2174.38, 1820.04
2174.44, 1820.47
2174.5, 1820.9
2174.56, 1821.32
2174.62, 1821.75
2174.68, 1822.18
2174.74, 1822.61
2174.81, 1823.03
2174.87, 1823.46
2174.93, 1823.89
2174.99, 1824.32
2175.05, 1824.74
2175.11, 1825.17
2175.18, 1825.6
2175.24, 1826.02
2175.3, 1826.45
2175.36, 1826.88
2175.42, 1827.3
2175.49, 1827.73
2175.55, 1828.16
2175.61, 1828.59
2175.67, 1829.01
2175.73, 1829.44
2175.79, 1829.86
2175.86, 1830.29
2175.92, 1830.72
2175.98, 1831.14
2176.04, 1831.57
2176.1, 1832

waypoints
x, y
2173.09, 1811.11
2173.15, 1811.54
2173.21, 1811.96
2173.27, 1812.39
2173.33, 1812.81
2173.39, 1813.23
2173.45, 1813.66
2173.51, 1814.08
2173.57, 1814.51
2173.64, 1814.93
2173.7, 1815.36
2173.76, 1815.78
2173.82, 1816.21
2173.88, 1816.63
2173.94, 1817.06
2174.01, 1817.49
2174.07, 1817.91
2174.13, 1818.34
2174.19, 1818.76
2174.25, 1819.19
2174.31, 1819.62
2174.38, 1820.04
2174.44, 1820.47
2174.5, 1820.9
2174.56, 1821.32
2174.62, 1821.75
2174.68, 1822.18
2174.74, 1822.61
2174.81, 1823.03
2174.87, 1823.46
2174.93, 1823.89
2174.99, 1824.32
2175.05, 1824.74
2175.11, 1825.17
2175.18, 1825.6
2175.24, 1826.02
2175.3, 1826.45
2175.36, 1826.88
2175.42, 1827.3
2175.49, 1827.73
2175.55, 1828.16
2175.61, 1828.59
2175.67, 1829.01
2175.73, 1829.44
2175.79, 1829.86
2175.86, 1830.29
2175.92, 1830.72
2175.98, 1831.14
2176.04, 1831.57
2176.1, 1832

waypoints
x, y
2173.27, 1812.39
2173.33, 1812.81
2173.39, 1813.23
2173.45, 1813.66
2173.51, 1814.08
2173.57, 1814.51
2173.64, 1814.93
2173.7, 1815.36
2173.76, 1815.78
2173.82, 1816.21
2173.88, 1816.63
2173.94, 1817.06
2174.01, 1817.49
2174.07, 1817.91
2174.13, 1818.34
2174.19, 1818.76
2174.25, 1819.19
2174.31, 1819.62
2174.38, 1820.04
2174.44, 1820.47
2174.5, 1820.9
2174.56, 1821.32
2174.62, 1821.75
2174.68, 1822.18
2174.74, 1822.61
2174.81, 1823.03
2174.87, 1823.46
2174.93, 1823.89
2174.99, 1824.32
2175.05, 1824.74
2175.11, 1825.17
2175.18, 1825.6
2175.24, 1826.02
2175.3, 1826.45
2175.36, 1826.88
2175.42, 1827.3
2175.49, 1827.73
2175.55, 1828.16
2175.61, 1828.59
2175.67, 1829.01
2175.73, 1829.44
2175.79, 1829.86
2175.86, 1830.29
2175.92, 1830.72
2175.98, 1831.14
2176.04, 1831.57
2176.1, 1832
2176.16, 1832.42
2176.22, 1832.84
2176.28, 1833.27
2176.35, 1833.69
2176.41, 1834.12
2176.47, 1834.54
2176.53, 1834.97
2176.59, 1835.39
2176.65, 1835.82
2176.71, 1836.24
2176.78, 1836.67
2176.84, 1837.09
2176.9, 1837.52
2176.96, 1837.94
2177.02, 1838.37
2177.08, 1838.79
2177.14, 1839.22
2177.21, 1839.65
2177.27, 1840.07
2177.33, 1840.5
2177.39, 1840.93
2177.45, 1841.35
2177.51, 1841.78
2177.58, 1842.21
2177.64, 1842.63
2177.7, 1843.06
2177.76, 1843.49
2177.82, 1843.92
2177.88, 1844.34
2177.95, 1844.77
2178.01, 1845.2
2178.07, 1845.62
2178.13, 1846.05
2178.19, 1846.48
2178.25, 1846.91
2178.32, 1847.33
2178.38, 1847.76
2178.44, 1848.19
2178.5, 1848.61
2178.56, 1849.04
2178.62, 1849.47
2178.69, 1849.89
2178.75, 1850.32
2178.81, 1850.75
2178.87, 1851.17
2178.93, 1851.6
2178.99, 1852.03
2179.06, 1852.45
2179.12, 1852.99

waypoints
x, y
2173.51, 1814.08
2173.57, 1814.51
2173.64, 1814.93
2173.7, 1815.36
2173.76, 1815.78
2173.82, 1816.21
2173.88, 1816.63
2173.94, 1817.06
2174.01, 1817.49
2174.07, 1817.91
2174.13, 1818.34
2174.19, 1818.76
2174.25, 1819.19
2174.31, 1819.62
2174.38, 1820.04
2174.44, 1820.47
2174.5, 1820.9
2174.56, 1821.32
2174.62, 1821.75
2174.68, 1822.18
2174.74, 1822.61
2174.81, 1823.03
2174.87, 1823.46
2174.93, 1823.89
2174.99, 1824.32
2175.05, 1824.74
2175.11, 1825.17
2175.18, 1825.6
2175.24, 1826.02
2175.3, 1826.45
2175.36, 1826.88
2175.42, 1827.3
2175.49, 1827.73
2175.55, 1828.16
2175.61, 1828.59
2175.67, 1829.01
2175.73, 1829.44
2175.79, 1829.86
2175.86, 1830.29
2175.92, 1830.72
2175.98, 1831.14
2176.04, 1831.57
2176.1, 1832
2176.16, 1832.42
2176.22, 1832.84
2176.28, 1833.27
2176.35, 1833.69
2176.41, 1834.12
2176.47, 1834.54
2176.53, 1834.97
2176.59, 1835.39
2176.65, 1835.82
2176.71, 1836.24
2176.78, 1836.67
2176.84, 1837.09
2176.9, 1837.52
2176.96, 1837.94
2177.02, 1838.37
2177.08, 1838.79
2177.14, 1839.22
2177.21, 1839.65
2177.27, 1840.07
2177.33, 1840.5
2177.39, 1840.93
2177.45, 1841.35
2177.51, 1841.78
2177.58, 1842.21
2177.64, 1842.63
2177.7, 1843.06
2177.76, 1843.49
2177.82, 1843.91
2177.89, 1844.34
2177.95, 1844.77
2178.01, 1845.2
2178.07, 1845.62
2178.13, 1846.05
2178.19, 1846.48
2178.26, 1846.91
2178.32, 1847.33
2178.38, 1847.76
2178.44, 1848.19
2178.5, 1848.61
2178.56, 1849.04
2178.62, 1849.47
2178.69, 1849.89
2178.75, 1850.32
2178.81, 1850.75
2178.87, 1851.17
2178.93, 1851.6
2178.99, 1852.03
2179.06, 1852.45
2179.12, 1852.99

waypoints
x, y
2173.76, 1815.78
2173.82, 1816.21
2173.88, 1816.63
2173.94, 1817.06
2174.01, 1817.49
2174.07, 1817.91
2174.13, 1818.34
2174.19, 1818.76
2174.25, 1819.19
2174.31, 1819.62
2174.38, 1820.04
2174.44, 1820.47
2174.5, 1820.9
2174.56, 1821.32
2174.62, 1821.75
2174.68, 1822.18
2174.74, 1822.61
2174.81, 1823.03
2174.87, 1823.46
2174.93, 1823.89
2174.99, 1824.32
2175.05, 1824.74
2175.11, 1825.17
2175.18, 1825.6
2175.24, 1826.02
2175.3, 1826.45
2175.36, 1826.88
2175.42, 1827.3
2175.49, 1827.73
2175.55, 1828.16
2175.61, 1828.59
2175.67, 1829.01
2175.73, 1829.44
2175.79, 1829.86
2175.86, 1830.29
2175.92, 1830.72
2175.98, 1831.14
2176.04, 1831.57
2176.1, 1832
2176.16, 1832.42
2176.22, 1832.84
2176.28, 1833.27
2176.35, 1833.69
2176.41, 1834.12
2176.47, 1834.54
2176.53, 1834.97
2176.59, 1835.39
2176.65, 1835.82
2176.71, 1836.24
2176.78, 1836.67
2176.84, 1837.09
2176.9, 1837.52
2176.96, 1837.94
2177.02, 1838.37
2177.08, 1838.79
2177.14, 1839.22
2177.21, 1839.65
2177.27, 1840.07
2177.33, 1840.5
2177.39, 1840.93
2177.45, 1841.35
2177.51, 1841.78
2177.58, 1842.21
2177.64, 1842.63
2177.7, 1843.06
2177.76, 1843.49
2177.82, 1843.91
2177.89, 1844.34
2177.95, 1844.77
2178.01, 1845.2
2178.07, 1845.62
2178.13, 1846.05
2178.19, 1846.48
2178.26, 1846.91
2178.32, 1847.33
2178.38, 1847.76
2178.44, 1848.19
2178.5, 1848.61
2178.56, 1849.04
2178.62, 1849.47
2178.69, 1849.89
2178.75, 1850.32
2178.81, 1850.75
2178.87, 1851.17
2178.93, 1851.6
2178.99, 1852.03
2179.06, 1852.45
2179.12, 1852.99

waypoints
x, y
2174.01, 1817.49
2174.07, 1817.91
2174.13, 1818.34
2174.19, 1818.76
2174.25, 1819.19
2174.31, 1819.62
2174.38, 1820.04
2174.44, 1820.47
2174.5, 1820.9
2174.56, 1821.32
2174.62, 1821.75
2174.68, 1822.18
2174.74, 1822.61
2174.81, 1823.03
2174.87, 1823.46
2174.93, 1823.89
2174.99, 1824.32
2175.05, 1824.74
2175.11, 1825.17
2175.18, 1825.6
2175.24, 1826.02
2175.3, 1826.45
2175.36, 1826.88
2175.42, 1827.3
2175.49, 1827.73
2175.55, 1828.16
2175.61, 1828.59
2175.67, 1829.01
2175.73, 1829.44
2175.79, 1829.86
2175.86, 1830.29
2175.92, 1830.72
2175.98, 1831.14
2176.04, 1831.57
2176.1, 1832
2176.16, 1832.42
2176.22, 1832.84
2176.28, 1833.27
2176.35, 1833.69
2176.41, 1834.12
2176.47, 1834.54
2176.53, 1834.97
2176.59, 1835.39
2176.65, 1835.82
2176.71, 1836.24
2176.78, 1836.67
2176.84, 1837.09
2176.9, 1837.52
2176.96, 1837.94
2177.02, 1838.37
2177.08, 1838.79
2177.14, 1839.22
2177.21, 1839.65
2177.27, 1840.07
2177.33, 1840.5
2177.39, 1840.93
2177.45, 1841.35
2177.51, 1841.78
2177.58, 1842.21
2177.64, 1842.63
2177.7, 1843.06
2177.76, 1843.49
2177.82, 1843.91
2177.89, 1844.34
2177.95, 1844.77
2178.01, 1845.2
2178.07, 1845.62
2178.13, 1846.05
2178.19, 1846.48
2178.26, 1846.91
2178.32, 1847.33
2178.38, 1847.76
2178.44, 1848.19
2178.5, 1848.61
2178.56, 1849.04
2178.62, 1849.47
2178.69, 1849.89
2178.75, 1850.32
2178.81, 1850.75
2178.87, 1851.17
2178.93, 1851.6
2178.99, 1852.03
2179.06, 1852.45
2179.12, 1852.99

waypoints
x, y
2174.25, 1819.19
2174.31, 1819.62
2174.38, 1820.04
2174.44, 1820.47
2174.5, 1820.9
2174.56, 1821.32
2174.62, 1821.75
2174.68, 1822.18
2174.74, 1822.61
2174.81, 1823.03
2174.87, 1823.46
2174.93, 1823.89
2174.99, 1824.32
2175.05, 1824.74
2175.11, 1825.17
2175.18, 1825.6
2175.24, 1826.02
2175.3, 1826.45
2175.36, 1826.88
2175.42, 1827.3
2175.49, 1827.73
2175.55, 1828.16
2175.61, 1828.59
2175.67, 1829.01
2175.73, 1829.44
2175.79, 1829.86
2175.86, 1830.29
2175.92, 1830.72
2175.98, 1831.14
2176.04, 1831.57
2176.1, 1832
2176.16, 1832.42
2176.22, 1832.84
2176.28, 1833.27
2176.35, 1833.69
2176.41, 1834.12
2176.47, 1834.54
2176.53, 1834.97
2176.59, 1835.39
2176.65, 1835.82
2176.71, 1836.24
2176.78, 1836.67
2176.84, 1837.09
2176.9, 1837.52
2176.96, 1837.94
2177.02, 1838.37
2177.08, 1838.79
2177.14, 1839.22
2177.21, 1839.65
2177.27, 1840.07
2177.33, 1840.5
2177.39, 1840.93
2177.45, 1841.35
2177.51, 1841.78
2177.58, 1842.21
2177.64, 1842.63
2177.7, 1843.06
2177.76, 1843.49
2177.82, 1843.91
2177.89, 1844.34
2177.95, 1844.77
2178.01, 1845.2
2178.07, 1845.62
2178.13, 1846.05
2178.19, 1846.48
2178.26, 1846.91
2178.32, 1847.33
2178.38, 1847.76
2178.44, 1848.19
2178.5, 1848.61
2178.56, 1849.04
2178.62, 1849.47
2178.69, 1849.89
2178.75, 1850.32
2178.81, 1850.75
2178.87, 1851.17
2178.93, 1851.6
2178.99, 1852.03
2179.06, 1852.45
2179.12, 1852.99

waypoints
x, y
2174.5, 1820.9
2174.56, 1821.32
2174.62, 1821.75
2174.68, 1822.18
2174.74, 1822.61
2174.81, 1823.03
2174.87, 1823.46
2174.93, 1823.89
2174.99, 1824.32
2175.05, 1824.74
2175.11, 1825.17
2175.18, 1825.6
2175.24, 1826.02
2175.3, 1826.45
2175.36, 1826.88
2175.42, 1827.3
2175.49, 1827.73
2175.55, 1828.16
2175.61, 1828.59
2175.67, 1829.01
2175.73, 1829.44
2175.79, 1829.86
2175.86, 1830.29
2175.92, 1830.72
2175.98, 1831.14
2176.04, 1831.57
2176.1, 1832
2176.16, 1832.42
2176.22, 1832.84
2176.28, 1833.27
2176.35, 1833.69
2176.41, 1834.12
2176.47, 1834.54
2176.53, 1834.97
2176.59, 1835.39
2176.65, 1835.82
2176.71, 1836.24
2176.78, 1836.67
2176.84, 1837.09
2176.9, 1837.52
2176.96, 1837.94
2177.02, 1838.37
2177.08, 1838.79
2177.14, 1839.22
2177.21, 1839.65
2177.27, 1840.07
2177.33, 1840.5
2177.39, 1840.93
2177.45, 1841.35
2177.51, 1841.78
2177.58, 1842.21
2177.64, 1842.63
2177.7, 1843.06
2177.76, 1843.49
2177.82, 1843.91
2177.89, 1844.34
2177.95, 1844.77
2178.01, 1845.2
2178.07, 1845.62
2178.13, 1846.05
2178.19, 1846.48
2178.26, 1846.91
2178.32, 1847.33
2178.38, 1847.76
2178.44, 1848.19
2178.5, 1848.61
2178.56, 1849.04
2178.62, 1849.47
2178.69, 1849.89
2178.75, 1850.32
2178.81, 1850.75
2178.87, 1851.17
2178.93, 1851.6
2178.99, 1852.03
2179.06, 1852.45
2179.12, 1852.99

waypoints
x, y
2174.68, 1822.18
2174.74, 1822.61
2174.81, 1823.03
2174.87, 1823.46
2174.93, 1823.89
2174.99, 1824.32
2175.05, 1824.74
2175.11, 1825.17
2175.18, 1825.6
2175.24, 1826.02
2175.3, 1826.45
2175.36, 1826.88
2175.42, 1827.3
2175.49, 1827.73
2175.55, 1828.16
2175.61, 1828.59
2175.67, 1829.01
2175.73, 1829.44
2175.79, 1829.86
2175.86, 1830.29
2175.92, 1830.72
2175.98, 1831.14
2176.04, 1831.57
2176.1, 1832
2176.16, 1832.42
2176.22, 1832.84
2176.28, 1833.27
2176.35, 1833.69
2176.41, 1834.12
2176.47, 1834.54
2176.53, 1834.97
2176.59, 1835.39
2176.65, 1835.82
2176.71, 1836.24
2176.78, 1836.67
2176.84, 1837.09
2176.9, 1837.52
2176.96, 1837.94
2177.02, 1838.37
2177.08, 1838.79
2177.14, 1839.22
2177.21, 1839.65
2177.27, 1840.07
2177.33, 1840.5
2177.39, 1840.93
2177.45, 1841.35
2177.51, 1841.78
2177.58, 1842.21
2177.64, 1842.63
2177.7, 1843.06
2177.76, 1843.49
2177.82, 1843.91
2177.89, 1844.34
2177.95, 1844.77
2178.01, 1845.2
2178.07, 1845.62
2178.13, 1846.05
2178.19, 1846.48
2178.26, 1846.91
2178.32, 1847.33
2178.38, 1847.76
2178.44, 1848.19
2178.5, 1848.61
2178.56, 1849.04
2178.62, 1849.47
2178.69, 1849.89
2178.75, 1850.32
2178.81, 1850.75
2178.87, 1851.17
2178.93, 1851.6
2178.99, 1852.03
2179.06, 1852.45
2179.12, 1852.99

waypoints
x, y
2174.93, 1823.89
2174.99, 1824.32
2175.05, 1824.74
2175.11, 1825.17
2175.18, 1825.6
2175.24, 1826.02
2175.3, 1826.45
2175.36, 1826.88
2175.42, 1827.3
2175.49, 1827.73
2175.55, 1828.16
2175.61, 1828.59
2175.67, 1829.01
2175.73, 1829.44
2175.79, 1829.86
2175.86, 1830.29
2175.92, 1830.72
2175.98, 1831.14
2176.04, 1831.57
2176.1, 1832
2176.16, 1832.42
2176.22, 1832.84
2176.28, 1833.27
2176.35, 1833.69
2176.41, 1834.12
2176.47, 1834.54
2176.53, 1834.97
2176.59, 1835.39
2176.65, 1835.82
2176.71, 1836.24
2176.78, 1836.67
2176.84, 1837.09
2176.9, 1837.52
2176.96, 1837.94
2177.02, 1838.37
2177.08, 1838.79
2177.14, 1839.22
2177.21, 1839.65
2177.27, 1840.07
2177.33, 1840.5
2177.39, 1840.93
2177.45, 1841.35
2177.51, 1841.78
2177.58, 1842.21
2177.64, 1842.63
2177.7, 1843.06
2177.76, 1843.49
2177.82, 1843.91
2177.89, 1844.34
2177.95, 1844.77
2178.01, 1845.2
2178.07, 1845.62
2178.13, 1846.05
2178.19, 1846.48
2178.26, 1846.91
2178.32, 1847.33
2178.38, 1847.76
2178.44, 1848.19
2178.5, 1848.61
2178.56, 1849.04
2178.62, 1849.47
2178.69, 1849.89
2178.75, 1850.32
2178.81, 1850.75
2178.87, 1851.17
2178.93, 1851.6
2178.99, 1852.03
2179.06, 1852.45
2179.12, 1852.99

waypoints
x, y
2175.18, 1825.6
2175.24, 1826.02
2175.3, 1826.45
2175.36, 1826.88
2175.42, 1827.3
2175.49, 1827.73
2175.55, 1828.16
2175.61, 1828.59
2175.67, 1829.01
2175.73, 1829.44
2175.79, 1829.86
2175.86, 1830.29
2175.92, 1830.72
2175.98, 1831.14
2176.04, 1831.57
2176.1, 1832
2176.16, 1832.42
2176.22, 1832.84
2176.28, 1833.27
2176.35, 1833.69
2176.41, 1834.12
2176.47, 1834.54
2176.53, 1834.97
2176.59, 1835.39
2176.65, 1835.82
2176.71, 1836.24
2176.78, 1836.67
2176.84, 1837.09
2176.9, 1837.52
2176.96, 1837.94
2177.02, 1838.37
2177.08, 1838.79
2177.14, 1839.22
2177.21, 1839.65
2177.27, 1840.07
2177.33, 1840.5
2177.39, 1840.93
2177.45, 1841.35
2177.51, 1841.78
2177.58, 1842.21
2177.64, 1842.63
2177.7, 1843.06
2177.76, 1843.49
2177.82, 1843.91
2177.89, 1844.34
2177.95, 1844.77
2178.01, 1845.2
2178.07, 1845.62
2178.13, 1846.05
2178.19, 1846.48
2178.26, 1846.91
2178.32, 1847.33
2178.38, 1847.76
2178.44, 1848.19
2178.5, 1848.61
2178.56, 1849.04
2178.62, 1849.47
2178.69, 1849.89
2178.75, 1850.32
2178.81, 1850.75
2178.87, 1851.17
2178.93, 1851.6
2178.99, 1852.03
2179.06, 1852.45
2179.12, 1852.99

waypoints
x, y
2175.42, 1827.3
2175.49, 1827.73
2175.55, 1828.16
2175.61, 1828.59
2175.67, 1829.01
2175.73, 1829.44
2175.79, 1829.86
2175.86, 1830.29
2175.92, 1830.72
2175.98, 1831.14
2176.04, 1831.57
2176.1, 1832
2176.16, 1832.42
2176.22, 1832.84
2176.28, 1833.27
2176.35, 1833.69
2176.41, 1834.12
2176.47, 1834.54
2176.53, 1834.97
2176.59, 1835.39
2176.65, 1835.82
2176.71, 1836.24
2176.78, 1836.67
2176.84, 1837.09
2176.9, 1837.52
2176.96, 1837.94
2177.02, 1838.37
2177.08, 1838.79
2177.14, 1839.22
2177.21, 1839.65
2177.27, 1840.07
2177.33, 1840.5
2177.39, 1840.93
2177.45, 1841.35
2177.51, 1841.78
2177.58, 1842.21
2177.64, 1842.63
2177.7, 1843.06
2177.76, 1843.49
2177.82, 1843.91
2177.89, 1844.34
2177.95, 1844.77
2178.01, 1845.2
2178.07, 1845.62
2178.13, 1846.05
2178.19, 1846.48
2178.26, 1846.91
2178.32, 1847.33
2178.38, 1847.76
2178.44, 1848.19
2178.5, 1848.61
2178.56, 1849.04
2178.62, 1849.47
2178.69, 1849.89
2178.75, 1850.32
2178.81, 1850.75
2178.87, 1851.17
2178.93, 1851.6
2178.99, 1852.03
2179.06, 1852.45
2179.12, 1852.99

waypoints
x, y
2175.67, 1829.01
2175.73, 1829.44
2175.79, 1829.86
2175.86, 1830.29
2175.92, 1830.72
2175.98, 1831.14
2176.04, 1831.57
2176.1, 1832
2176.16, 1832.42
2176.22, 1832.84
2176.28, 1833.27
2176.35, 1833.69
2176.41, 1834.12
2176.47, 1834.54
2176.53, 1834.97
2176.59, 1835.39
2176.65, 1835.82
2176.71, 1836.24
2176.78, 1836.67
2176.84, 1837.09
2176.9, 1837.52
2176.96, 1837.94
2177.02, 1838.37
2177.08, 1838.79
2177.14, 1839.22
2177.21, 1839.65
2177.27, 1840.07
2177.33, 1840.5
2177.39, 1840.93
2177.45, 1841.35
2177.51, 1841.78
2177.58, 1842.21
2177.64, 1842.63
2177.7, 1843.06
2177.76, 1843.49
2177.82, 1843.91
2177.89, 1844.34
2177.95, 1844.77
2178.01, 1845.2
2178.07, 1845.62
2178.13, 1846.05
2178.19, 1846.48
2178.26, 1846.91
2178.32, 1847.33
2178.38, 1847.76
2178.44, 1848.19
2178.5, 1848.61
2178.56, 1849.04
2178.62, 1849.47
2178.69, 1849.89
2178.75, 1850.32
2178.81, 1850.75
2178.87, 1851.17
2178.93, 1851.6
2178.99, 1852.03
2179.06, 1852.45
2179.12, 1852.99

waypoints
x, y
2175.92, 1830.72
2175.98, 1831.14
2176.04, 1831.57
2176.1, 1832
2176.16, 1832.42
2176.22, 1832.84
2176.28, 1833.27
2176.35, 1833.69
2176.41, 1834.12
2176.47, 1834.54
2176.53, 1834.97
2176.59, 1835.39
2176.65, 1835.82
2176.71, 1836.24
2176.78, 1836.67
2176.84, 1837.09
2176.9, 1837.52
2176.96, 1837.94
2177.02, 1838.37
2177.08, 1838.79
2177.14, 1839.22
2177.21, 1839.65
2177.27, 1840.07
2177.33, 1840.5
2177.39, 1840.93
2177.45, 1841.35
2177.51, 1841.78
2177.58, 1842.21
2177.64, 1842.63
2177.7, 1843.06
2177.76, 1843.49
2177.82, 1843.91
2177.89, 1844.34
2177.95, 1844.77
2178.01, 1845.2
2178.07, 1845.62
2178.13, 1846.05
2178.19, 1846.48
2178.26, 1846.91
2178.32, 1847.33
2178.38, 1847.76
2178.44, 1848.19
2178.5, 1848.61
2178.56, 1849.04
2178.62, 1849.47
2178.69, 1849.89
2178.75, 1850.32
2178.81, 1850.75
2178.87, 1851.17
2178.93, 1851.6
2178.99, 1852.03
2179.06, 1852.45
2179.12, 1852.99

waypoints
x, y
2176.1, 1832
2176.16, 1832.42
2176.22, 1832.84
2176.28, 1833.27
2176.35, 1833.69
2176.41, 1834.12
2176.47, 1834.54
2176.53, 1834.97
2176.59, 1835.39
2176.65, 1835.82
2176.71, 1836.24
2176.78, 1836.67
2176.84, 1837.09
2176.9, 1837.52
2176.96, 1837.94
2177.02, 1838.37
2177.08, 1838.79
2177.14, 1839.22
2177.21, 1839.65
2177.27, 1840.07
2177.33, 1840.5
2177.39, 1840.93
2177.45, 1841.35
2177.51, 1841.78
2177.58, 1842.21
2177.64, 1842.63
2177.7, 1843.06
2177.76, 1843.49
2177.82, 1843.91
2177.89, 1844.34
2177.95, 1844.77
2178.01, 1845.2
2178.07, 1845.62
2178.13, 1846.05
2178.19, 1846.48
2178.26, 1846.91
2178.32, 1847.33
2178.38, 1847.76
2178.44, 1848.19
2178.5, 1848.61
2178.56, 1849.04
2178.62, 1849.47
2178.69, 1849.89
2178.75, 1850.32
2178.81, 1850.75
2178.87, 1851.17
2178.93, 1851.6
2178.99, 1852.03
2179.06, 1852.45
2179.12, 1852.99

waypoints
x, y
2176.35, 1833.69
2176.41, 1834.12
2176.47, 1834.54
2176.53, 1834.97
2176.59, 1835.39
2176.65, 1835.82
2176.71, 1836.24
2176.78, 1836.67
2176.84, 1837.09
2176.9, 1837.52
2176.96, 1837.94
2177.02, 1838.37
2177.08, 1838.79
2177.14, 1839.22
2177.21, 1839.65
2177.27, 1840.07
2177.33, 1840.5
2177.39, 1840.93
2177.45, 1841.35
2177.51, 1841.78
2177.58, 1842.21
2177.64, 1842.63
2177.7, 1843.06
2177.76, 1843.49
2177.82, 1843.91
2177.89, 1844.34
2177.95, 1844.77
2178.01, 1845.2
2178.07, 1845.62
2178.13, 1846.05
2178.19, 1846.48
2178.26, 1846.91
2178.32, 1847.33
2178.38, 1847.76
2178.44, 1848.19
2178.5, 1848.61
2178.56, 1849.04
2178.62, 1849.47
2178.69, 1849.89
2178.75, 1850.32
2178.81, 1850.75
2178.87, 1851.17
2178.93, 1851.6
2178.99, 1852.03
2179.06, 1852.45
2179.12, 1852.99
2179.15, 1853.42
2179.19, 1853.85
2179.23, 1854.27
2179.27, 1854.7
2179.3, 1855.13
2179.34, 1855.56
2179.38, 1855.99
2179.41, 1856.41
2179.45, 1856.84
2179.49, 1857.27
2179.53, 1857.7
2179.56, 1858.13
2179.6, 1858.56
2179.64, 1858.98
2179.68, 1859.41
2179.71, 1859.84
2179.75, 1860.27
2179.79, 1860.7
2179.83, 1861.13
2179.86, 1861.56
2179.9, 1861.99
2179.94, 1862.42
2179.98, 1862.85
2180.01, 1863.28
2180.05, 1863.71
2180.09, 1864.13
2180.13, 1864.56
2180.16, 1864.99
2180.2, 1865.42
2180.24, 1865.85
2180.28, 1866.28
2180.31, 1866.71
2180.35, 1867.14
2180.39, 1867.57
2180.43, 1868
2180.46, 1868.43
2180.5, 1868.86
2180.54, 1869.29
2180.58, 1869.72
2180.61, 1870.15
2180.65, 1870.58
2180.69, 1871.01
2180.73, 1871.44
2180.76, 1871.86
2180.8, 1872.29
2180.84, 1872.72
2180.88, 1873.15
2180.91, 1873.58
2180.95, 1874.01

waypoints
x, y
2176.59, 1835.39
2176.65, 1835.82
2176.71, 1836.24
2176.78, 1836.67
2176.84, 1837.09
2176.9, 1837.52
2176.96, 1837.94
2177.02, 1838.37
2177.08, 1838.79
2177.14, 1839.22
2177.21, 1839.65
2177.27, 1840.07
2177.33, 1840.5
2177.39, 1840.93
2177.45, 1841.35
2177.51, 1841.78
2177.58, 1842.21
2177.64, 1842.63
2177.7, 1843.06
2177.76, 1843.49
2177.82, 1843.91
2177.89, 1844.34
2177.95, 1844.77
2178.01, 1845.2
2178.07, 1845.62
2178.13, 1846.05
2178.19, 1846.48
2178.26, 1846.91
2178.32, 1847.33
2178.38, 1847.76
2178.44, 1848.19
2178.5, 1848.61
2178.56, 1849.04
2178.62, 1849.47
2178.69, 1849.89
2178.75, 1850.32
2178.81, 1850.75
2178.87, 1851.17
2178.93, 1851.6
2178.99, 1852.03
2179.06, 1852.45
2179.12, 1852.99
2179.15, 1853.42
2179.19, 1853.85
2179.23, 1854.28
2179.26, 1854.7
2179.3, 1855.13
2179.34, 1855.56
2179.38, 1855.99
2179.41, 1856.41
2179.45, 1856.84
2179.49, 1857.27
2179.53, 1857.7
2179.56, 1858.13
2179.6, 1858.56
2179.64, 1858.98
2179.68, 1859.41
2179.71, 1859.84
2179.75, 1860.27
2179.79, 1860.7
2179.83, 1861.13
2179.86, 1861.56
2179.9, 1861.99
2179.94, 1862.42
2179.98, 1862.85
2180.01, 1863.28
2180.05, 1863.7
2180.09, 1864.13
2180.13, 1864.56
2180.16, 1864.99
2180.2, 1865.42
2180.24, 1865.85
2180.28, 1866.28
2180.31, 1866.71
2180.35, 1867.14
2180.39, 1867.57
2180.43, 1868
2180.46, 1868.43
2180.5, 1868.86
2180.54, 1869.29
2180.58, 1869.72
2180.61, 1870.15
2180.65, 1870.58
2180.69, 1871.01
2180.73, 1871.43
2180.76, 1871.87
2180.8, 1872.29
2180.84, 1872.72
2180.88, 1873.15
2180.91, 1873.58
2180.95, 1874.01

waypoints
x, y
2176.9, 1837.52
2176.96, 1837.94
2177.02, 1838.37
2177.08, 1838.79
2177.14, 1839.22
2177.21, 1839.65
2177.27, 1840.07
2177.33, 1840.5
2177.39, 1840.93
2177.45, 1841.35
2177.51, 1841.78
2177.58, 1842.21
2177.64, 1842.63
2177.7, 1843.06
2177.76, 1843.49
2177.82, 1843.91
2177.89, 1844.34
2177.95, 1844.77
2178.01, 1845.2
2178.07, 1845.62
2178.13, 1846.05
2178.19, 1846.48
2178.26, 1846.91
2178.32, 1847.33
2178.38, 1847.76
2178.44, 1848.19
2178.5, 1848.61
2178.56, 1849.04
2178.62, 1849.47
2178.69, 1849.89
2178.75, 1850.32
2178.81, 1850.75
2178.87, 1851.17
2178.93, 1851.6
2178.99, 1852.03
2179.06, 1852.45
2179.12, 1852.99
2179.15, 1853.42
2179.19, 1853.85
2179.23, 1854.28
2179.26, 1854.7
2179.3, 1855.13
2179.34, 1855.56
2179.38, 1855.99
2179.41, 1856.41
2179.45, 1856.84
2179.49, 1857.27
2179.53, 1857.7
2179.56, 1858.13
2179.6, 1858.56
2179.64, 1858.98
2179.68, 1859.41
2179.71, 1859.84
2179.75, 1860.27
2179.79, 1860.7
2179.83, 1861.13
2179.86, 1861.56
2179.9, 1861.99
2179.94, 1862.42
2179.98, 1862.85
2180.01, 1863.28
2180.05, 1863.7
2180.09, 1864.13
2180.13, 1864.56
2180.16, 1864.99
2180.2, 1865.42
2180.24, 1865.85
2180.28, 1866.28
2180.31, 1866.71
2180.35, 1867.14
2180.39, 1867.57
2180.43, 1868
2180.46, 1868.43
2180.5, 1868.86
2180.54, 1869.29
2180.58, 1869.72
2180.61, 1870.15
2180.65, 1870.58
2180.69, 1871.01
2180.73, 1871.43
2180.76, 1871.87
2180.8, 1872.29
2180.84, 1872.72
2180.88, 1873.15
2180.91, 1873.58
2180.95, 1874.01

waypoints
x, y
2177.08, 1838.79
2177.14, 1839.22
2177.21, 1839.65
2177.27, 1840.07
2177.33, 1840.5
2177.39, 1840.93
2177.45, 1841.35
2177.51, 1841.78
2177.58, 1842.21
2177.64, 1842.63
2177.7, 1843.06
2177.76, 1843.49
2177.82, 1843.91
2177.89, 1844.34
2177.95, 1844.77
2178.01, 1845.2
2178.07, 1845.62
2178.13, 1846.05
2178.19, 1846.48
2178.26, 1846.91
2178.32, 1847.33
2178.38, 1847.76
2178.44, 1848.19
2178.5, 1848.61
2178.56, 1849.04
2178.62, 1849.47
2178.69, 1849.89
2178.75, 1850.32
2178.81, 1850.75
2178.87, 1851.17
2178.93, 1851.6
2178.99, 1852.03
2179.06, 1852.45
2179.12, 1852.99
2179.15, 1853.42
2179.19, 1853.85
2179.23, 1854.28
2179.26, 1854.7
2179.3, 1855.13
2179.34, 1855.56
2179.38, 1855.99
2179.41, 1856.41
2179.45, 1856.84
2179.49, 1857.27
2179.53, 1857.7
2179.56, 1858.13
2179.6, 1858.56
2179.64, 1858.98
2179.68, 1859.41
2179.71, 1859.84
2179.75, 1860.27
2179.79, 1860.7
2179.83, 1861.13
2179.86, 1861.56
2179.9, 1861.99
2179.94, 1862.42
2179.98, 1862.85
2180.01, 1863.28
2180.05, 1863.7
2180.09, 1864.13
2180.13, 1864.56
2180.16, 1864.99
2180.2, 1865.42
2180.24, 1865.85
2180.28, 1866.28
2180.31, 1866.71
2180.35, 1867.14
2180.39, 1867.57
2180.43, 1868
2180.46, 1868.43
2180.5, 1868.86
2180.54, 1869.29
2180.58, 1869.72
2180.61, 1870.15
2180.65, 1870.58
2180.69, 1871.01
2180.73, 1871.43
2180.76, 1871.87
2180.8, 1872.29
2180.84, 1872.72
2180.88, 1873.15
2180.91, 1873.58
2180.95, 1874.01

waypoints
x, y
2177.39, 1840.93
2177.45, 1841.35
2177.51, 1841.78
2177.58, 1842.21
2177.64, 1842.63
2177.7, 1843.06
2177.76, 1843.49
2177.82, 1843.91
2177.89, 1844.34
2177.95, 1844.77
2178.01, 1845.2
2178.07, 1845.62
2178.13, 1846.05
2178.19, 1846.48
2178.26, 1846.91
2178.32, 1847.33
2178.38, 1847.76
2178.44, 1848.19
2178.5, 1848.61
2178.56, 1849.04
2178.62, 1849.47
2178.69, 1849.89
2178.75, 1850.32
2178.81, 1850.75
2178.87, 1851.17
2178.93, 1851.6
2178.99, 1852.03
2179.06, 1852.45
2179.12, 1852.99
2179.15, 1853.42
2179.19, 1853.85
2179.23, 1854.28
2179.26, 1854.7
2179.3, 1855.13
2179.34, 1855.56
2179.38, 1855.99
2179.41, 1856.41
2179.45, 1856.84
2179.49, 1857.27
2179.53, 1857.7
2179.56, 1858.13
2179.6, 1858.56
2179.64, 1858.98
2179.68, 1859.41
2179.71, 1859.84
2179.75, 1860.27
2179.79, 1860.7
2179.83, 1861.13
2179.86, 1861.56
2179.9, 1861.99
2179.94, 1862.42
2179.98, 1862.85
2180.01, 1863.28
2180.05, 1863.7
2180.09, 1864.13
2180.13, 1864.56
2180.16, 1864.99
2180.2, 1865.42
2180.24, 1865.85
2180.28, 1866.28
2180.31, 1866.71
2180.35, 1867.14
2180.39, 1867.57
2180.43, 1868
2180.46, 1868.43
2180.5, 1868.86
2180.54, 1869.29
2180.58, 1869.72
2180.61, 1870.15
2180.65, 1870.58
2180.69, 1871.01
2180.73, 1871.43
2180.76, 1871.87
2180.8, 1872.29
2180.84, 1872.72
2180.88, 1873.15
2180.91, 1873.58
2180.95, 1874.01

waypoints
x, y
2177.58, 1842.21
2177.64, 1842.63
2177.7, 1843.06
2177.76, 1843.49
2177.82, 1843.91
2177.89, 1844.34
2177.95, 1844.77
2178.01, 1845.2
2178.07, 1845.62
2178.13, 1846.05
2178.19, 1846.48
2178.26, 1846.91
2178.32, 1847.33
2178.38, 1847.76
2178.44, 1848.19
2178.5, 1848.61
2178.56, 1849.04
2178.62, 1849.47
2178.69, 1849.89
2178.75, 1850.32
2178.81, 1850.75
2178.87, 1851.17
2178.93, 1851.6
2178.99, 1852.03
2179.06, 1852.45
2179.12, 1852.99
2179.15, 1853.42
2179.19, 1853.85
2179.23, 1854.28
2179.26, 1854.7
2179.3, 1855.13
2179.34, 1855.56
2179.38, 1855.99
2179.41, 1856.41
2179.45, 1856.84
2179.49, 1857.27
2179.53, 1857.7
2179.56, 1858.13
2179.6, 1858.56
2179.64, 1858.98
2179.68, 1859.41
2179.71, 1859.84
2179.75, 1860.27
2179.79, 1860.7
2179.83, 1861.13
2179.86, 1861.56
2179.9, 1861.99
2179.94, 1862.42
2179.98, 1862.85
2180.01, 1863.28
2180.05, 1863.7
2180.09, 1864.13
2180.13, 1864.56
2180.16, 1864.99
2180.2, 1865.42
2180.24, 1865.85
2180.28, 1866.28
2180.31, 1866.71
2180.35, 1867.14
2180.39, 1867.57
2180.43, 1868
2180.46, 1868.43
2180.5, 1868.86
2180.54, 1869.29
2180.58, 1869.72
2180.61, 1870.15
2180.65, 1870.58
2180.69, 1871.01
2180.73, 1871.43
2180.76, 1871.87
2180.8, 1872.29
2180.84, 1872.72
2180.88, 1873.15
2180.91, 1873.58
2180.95, 1874.01

waypoints
x, y
2177.82, 1843.91
2177.89, 1844.34
2177.95, 1844.77
2178.01, 1845.2
2178.07, 1845.62
2178.13, 1846.05
2178.19, 1846.48
2178.26, 1846.91
2178.32, 1847.33
2178.38, 1847.76
2178.44, 1848.19
2178.5, 1848.61
2178.56, 1849.04
2178.62, 1849.47
2178.69, 1849.89
2178.75, 1850.32
2178.81, 1850.75
2178.87, 1851.17
2178.93, 1851.6
2178.99, 1852.03
2179.06, 1852.45
2179.12, 1852.99
2179.15, 1853.42
2179.19, 1853.85
2179.23, 1854.28
2179.26, 1854.7
2179.3, 1855.13
2179.34, 1855.56
2179.38, 1855.99
2179.41, 1856.41
2179.45, 1856.84
2179.49, 1857.27
2179.53, 1857.7
2179.56, 1858.13
2179.6, 1858.56
2179.64, 1858.98
2179.68, 1859.41
2179.71, 1859.84
2179.75, 1860.27
2179.79, 1860.7
2179.83, 1861.13
2179.86, 1861.56
2179.9, 1861.99
2179.94, 1862.42
2179.98, 1862.85
2180.01, 1863.28
2180.05, 1863.7
2180.09, 1864.13
2180.13, 1864.56
2180.16, 1864.99
2180.2, 1865.42
2180.24, 1865.85
2180.28, 1866.28
2180.31, 1866.71
2180.35, 1867.14
2180.39, 1867.57
2180.43, 1868
2180.46, 1868.43
2180.5, 1868.86
2180.54, 1869.29
2180.58, 1869.72
2180.61, 1870.15
2180.65, 1870.58
2180.69, 1871.01
2180.73, 1871.43
2180.76, 1871.87
2180.8, 1872.29
2180.84, 1872.72
2180.88, 1873.15
2180.91, 1873.58
2180.95, 1874.01

waypoints
x, y
2178.07, 1845.62
2178.13, 1846.05
2178.19, 1846.48
2178.26, 1846.91
2178.32, 1847.33
2178.38, 1847.76
2178.44, 1848.19
2178.5, 1848.61
2178.56, 1849.04
2178.62, 1849.47
2178.69, 1849.89
2178.75, 1850.32
2178.81, 1850.75
2178.87, 1851.17
2178.93, 1851.6
2178.99, 1852.03
2179.06, 1852.45
2179.12, 1852.99
2179.15, 1853.42
2179.19, 1853.85
2179.23, 1854.28
2179.26, 1854.7
2179.3, 1855.13
2179.34, 1855.56
2179.38, 1855.99
2179.41, 1856.41
2179.45, 1856.84
2179.49, 1857.27
2179.53, 1857.7
2179.56, 1858.13
2179.6, 1858.56
2179.64, 1858.98
2179.68, 1859.41
2179.71, 1859.84
2179.75, 1860.27
2179.79, 1860.7
2179.83, 1861.13
2179.86, 1861.56
2179.9, 1861.99
2179.94, 1862.42
2179.98, 1862.85
2180.01, 1863.28
2180.05, 1863.7
2180.09, 1864.13
2180.13, 1864.56
2180.16, 1864.99
2180.2, 1865.42
2180.24, 1865.85
2180.28, 1866.28
2180.31, 1866.71
2180.35, 1867.14
2180.39, 1867.57
2180.43, 1868
2180.46, 1868.43
2180.5, 1868.86
2180.54, 1869.29
2180.58, 1869.72
2180.61, 1870.15
2180.65, 1870.58
2180.69, 1871.01
2180.73, 1871.43
2180.76, 1871.87
2180.8, 1872.29
2180.84, 1872.72
2180.88, 1873.15
2180.91, 1873.58
2180.95, 1874.01

waypoints
x, y
2178.26, 1846.91
2178.32, 1847.33
2178.38, 1847.76
2178.44, 1848.19
2178.5, 1848.61
2178.56, 1849.04
2178.62, 1849.47
2178.69, 1849.89
2178.75, 1850.32
2178.81, 1850.75
2178.87, 1851.17
2178.93, 1851.6
2178.99, 1852.03
2179.06, 1852.45
2179.12, 1852.99
2179.15, 1853.42
2179.19, 1853.85
2179.23, 1854.28
2179.26, 1854.7
2179.3, 1855.13
2179.34, 1855.56
2179.38, 1855.99
2179.41, 1856.41
2179.45, 1856.84
2179.49, 1857.27
2179.53, 1857.7
2179.56, 1858.13
2179.6, 1858.56
2179.64, 1858.98
2179.68, 1859.41
2179.71, 1859.84
2179.75, 1860.27
2179.79, 1860.7
2179.83, 1861.13
2179.86, 1861.56
2179.9, 1861.99
2179.94, 1862.42
2179.98, 1862.85
2180.01, 1863.28
2180.05, 1863.7
2180.09, 1864.13
2180.13, 1864.56
2180.16, 1864.99
2180.2, 1865.42
2180.24, 1865.85
2180.28, 1866.28
2180.31, 1866.71
2180.35, 1867.14
2180.39, 1867.57
2180.43, 1868
2180.46, 1868.43
2180.5, 1868.86
2180.54, 1869.29
2180.58, 1869.72
2180.61, 1870.15
2180.65, 1870.58
2180.69, 1871.01
2180.73, 1871.43
2180.76, 1871.87
2180.8, 1872.29
2180.84, 1872.72
2180.88, 1873.15
2180.91, 1873.58
2180.95, 1874.01

waypoints
x, y
2178.5, 1848.61
2178.56, 1849.04
2178.62, 1849.47
2178.69, 1849.89
2178.75, 1850.32
2178.81, 1850.75
2178.87, 1851.17
2178.93, 1851.6
2178.99, 1852.03
2179.06, 1852.45
2179.12, 1852.99
2179.15, 1853.42
2179.19, 1853.85
2179.23, 1854.28
2179.26, 1854.7
2179.3, 1855.13
2179.34, 1855.56
2179.38, 1855.99
2179.41, 1856.41
2179.45, 1856.84
2179.49, 1857.27
2179.53, 1857.7
2179.56, 1858.13
2179.6, 1858.56
2179.64, 1858.98
2179.68, 1859.41
2179.71, 1859.84
2179.75, 1860.27
2179.79, 1860.7
2179.83, 1861.13
2179.86, 1861.56
2179.9, 1861.99
2179.94, 1862.42
2179.98, 1862.85
2180.01, 1863.28
2180.05, 1863.7
2180.09, 1864.13
2180.13, 1864.56
2180.16, 1864.99
2180.2, 1865.42
2180.24, 1865.85
2180.28, 1866.28
2180.31, 1866.71
2180.35, 1867.14
2180.39, 1867.57
2180.43, 1868
2180.46, 1868.43
2180.5, 1868.86
2180.54, 1869.29
2180.58, 1869.72
2180.61, 1870.15
2180.65, 1870.58
2180.69, 1871.01
2180.73, 1871.43
2180.76, 1871.87
2180.8, 1872.29
2180.84, 1872.72
2180.88, 1873.15
2180.91, 1873.58
2180.95, 1874.01

waypoints
x, y
2178.75, 1850.32
2178.81, 1850.75
2178.87, 1851.17
2178.93, 1851.6
2178.99, 1852.03
2179.06, 1852.45
2179.12, 1852.99
2179.15, 1853.42
2179.19, 1853.85
2179.23, 1854.28
2179.26, 1854.7
2179.3, 1855.13
2179.34, 1855.56
2179.38, 1855.99
2179.41, 1856.41
2179.45, 1856.84
2179.49, 1857.27
2179.53, 1857.7
2179.56, 1858.13
2179.6, 1858.56
2179.64, 1858.98
2179.68, 1859.41
2179.71, 1859.84
2179.75, 1860.27
2179.79, 1860.7
2179.83, 1861.13
2179.86, 1861.56
2179.9, 1861.99
2179.94, 1862.42
2179.98, 1862.85
2180.01, 1863.28
2180.05, 1863.7
2180.09, 1864.13
2180.13, 1864.56
2180.16, 1864.99
2180.2, 1865.42
2180.24, 1865.85
2180.28, 1866.28
2180.31, 1866.71
2180.35, 1867.14
2180.39, 1867.57
2180.43, 1868
2180.46, 1868.43
2180.5, 1868.86
2180.54, 1869.29
2180.58, 1869.72
2180.61, 1870.15
2180.65, 1870.58
2180.69, 1871.01
2180.73, 1871.43
2180.76, 1871.87
2180.8, 1872.29
2180.84, 1872.72
2180.88, 1873.15
2180.91, 1873.58
2180.95, 1874.01

waypoints
x, y
2178.99, 1852.03
2179.06, 1852.45
2179.12, 1852.99
2179.15, 1853.42
2179.19, 1853.85
2179.23, 1854.28
2179.26, 1854.7
2179.3, 1855.13
2179.34, 1855.56
2179.38, 1855.99
2179.41, 1856.41
2179.45, 1856.84
2179.49, 1857.27
2179.53, 1857.7
2179.56, 1858.13
2179.6, 1858.56
2179.64, 1858.98
2179.68, 1859.41
2179.71, 1859.84
2179.75, 1860.27
2179.79, 1860.7
2179.83, 1861.13
2179.86, 1861.56
2179.9, 1861.99
2179.94, 1862.42
2179.98, 1862.85
2180.01, 1863.28
2180.05, 1863.7
2180.09, 1864.13
2180.13, 1864.56
2180.16, 1864.99
2180.2, 1865.42
2180.24, 1865.85
2180.28, 1866.28
2180.31, 1866.71
2180.35, 1867.14
2180.39, 1867.57
2180.43, 1868
2180.46, 1868.43
2180.5, 1868.86
2180.54, 1869.29
2180.58, 1869.72
2180.61, 1870.15
2180.65, 1870.58
2180.69, 1871.01
2180.73, 1871.43
2180.76, 1871.87
2180.8, 1872.29
2180.84, 1872.72
2180.88, 1873.15
2180.91, 1873.58
2180.95, 1874.01

waypoints
x, y
2179.19, 1853.85
2179.23, 1854.28
2179.26, 1854.7
2179.3, 1855.13
2179.34, 1855.56
2179.38, 1855.99
2179.41, 1856.41
2179.45, 1856.84
2179.49, 1857.27
2179.53, 1857.7
2179.56, 1858.13
2179.6, 1858.56
2179.64, 1858.98
2179.68, 1859.41
2179.71, 1859.84
2179.75, 1860.27
2179.79, 1860.7
2179.83, 1861.13
2179.86, 1861.56
2179.9, 1861.99
2179.94, 1862.42
2179.98, 1862.85
2180.01, 1863.28
2180.05, 1863.7
2180.09, 1864.13
2180.13, 1864.56
2180.16, 1864.99
2180.2, 1865.42
2180.24, 1865.85
2180.28, 1866.28
2180.31, 1866.71
2180.35, 1867.14
2180.39, 1867.57
2180.43, 1868
2180.46, 1868.43
2180.5, 1868.86
2180.54, 1869.29
2180.58, 1869.72
2180.61, 1870.15
2180.65, 1870.58
2180.69, 1871.01
2180.73, 1871.43
2180.76, 1871.87
2180.8, 1872.29
2180.84, 1872.72
2180.88, 1873.15
2180.91, 1873.58
2180.95, 1874.01
2180.99, 1874.44
2181.03, 1874.87
2181.06, 1875.29
2181.1, 1875.72
2181.14, 1876.15
2181.18, 1876.58
2181.21, 1877.01
2181.25, 1877.43
2181.29, 1877.86
2181.32, 1878.29
2181.36, 1878.72
2181.4, 1879.15
2181.44, 1879.58
2181.47, 1880.01
2181.51, 1880.43
2181.55, 1880.86
2181.59, 1881.29
2181.62, 1881.72
2181.66, 1882.15
2181.7, 1882.58
2181.74, 1883.01
2181.77, 1883.44
2181.81, 1883.87
2181.85, 1884.3
2181.89, 1884.73
2181.92, 1885.16
2181.96, 1885.58
2182, 1886.01
2182.04, 1886.44
2182.07, 1886.87
2182.11, 1887.3
2182.15, 1887.73
2182.19, 1888.16
2182.23, 1888.5
2182.29, 1888.93
2182.34, 1889.36
2182.4, 1889.78
2182.46, 1890.21
2182.51, 1890.64
2182.57, 1891.07
2182.62, 1891.49
2182.68, 1891.92
2182.74, 1892.35
2182.79, 1892.77
2182.85, 1893.2
2182.91, 1893.63
2182.96, 1894.06
2183.02, 1894.48
2183.07, 1894.91

waypoints
x, y
2179.34, 1855.56
2179.38, 1855.99
2179.41, 1856.41
2179.45, 1856.84
2179.49, 1857.27
2179.53, 1857.7
2179.56, 1858.13
2179.6, 1858.56
2179.64, 1858.98
2179.68, 1859.41
2179.71, 1859.84
2179.75, 1860.27
2179.79, 1860.7
2179.83, 1861.13
2179.86, 1861.56
2179.9, 1861.99
2179.94, 1862.42
2179.98, 1862.85
2180.01, 1863.28
2180.05, 1863.7
2180.09, 1864.13
2180.13, 1864.56
2180.16, 1864.99
2180.2, 1865.42
2180.24, 1865.85
2180.28, 1866.28
2180.31, 1866.71
2180.35, 1867.14
2180.39, 1867.57
2180.43, 1868
2180.46, 1868.43
2180.5, 1868.86
2180.54, 1869.29
2180.58, 1869.72
2180.61, 1870.15
2180.65, 1870.58
2180.69, 1871.01
2180.73, 1871.43
2180.76, 1871.87
2180.8, 1872.29
2180.84, 1872.72
2180.88, 1873.15
2180.91, 1873.58
2180.95, 1874.01
2180.99, 1874.44
2181.03, 1874.87
2181.06, 1875.29
2181.1, 1875.72
2181.14, 1876.15
2181.18, 1876.58
2181.21, 1877.01
2181.25, 1877.43
2181.29, 1877.86
2181.32, 1878.29
2181.36, 1878.72
2181.4, 1879.15
2181.44, 1879.58
2181.47, 1880.01
2181.51, 1880.43
2181.55, 1880.86
2181.59, 1881.29
2181.62, 1881.72
2181.66, 1882.15
2181.7, 1882.58
2181.74, 1883.01
2181.77, 1883.44
2181.81, 1883.87
2181.85, 1884.3
2181.89, 1884.73
2181.92, 1885.16
2181.96, 1885.59
2182, 1886.01
2182.04, 1886.44
2182.07, 1886.87
2182.11, 1887.3
2182.15, 1887.73
2182.19, 1888.16
2182.23, 1888.5
2182.29, 1888.93
2182.34, 1889.36
2182.4, 1889.78
2182.46, 1890.21
2182.51, 1890.64
2182.57, 1891.07
2182.62, 1891.49
2182.68, 1891.92
2182.74, 1892.35
2182.79, 1892.77
2182.85, 1893.2
2182.91, 1893.63
2182.96, 1894.06
2183.02, 1894.48
2183.07, 1894.91

waypoints
x, y
2179.45, 1856.84
2179.49, 1857.27
2179.53, 1857.7
2179.56, 1858.13
2179.6, 1858.56
2179.64, 1858.98
2179.68, 1859.41
2179.71, 1859.84
2179.75, 1860.27
2179.79, 1860.7
2179.83, 1861.13
2179.86, 1861.56
2179.9, 1861.99
2179.94, 1862.42
2179.98, 1862.85
2180.01, 1863.28
2180.05, 1863.7
2180.09, 1864.13
2180.13, 1864.56
2180.16, 1864.99
2180.2, 1865.42
2180.24, 1865.85
2180.28, 1866.28
2180.31, 1866.71
2180.35, 1867.14
2180.39, 1867.57
2180.43, 1868
2180.46, 1868.43
2180.5, 1868.86
2180.54, 1869.29
2180.58, 1869.72
2180.61, 1870.15
2180.65, 1870.58
2180.69, 1871.01
2180.73, 1871.43
2180.76, 1871.87
2180.8, 1872.29
2180.84, 1872.72
2180.88, 1873.15
2180.91, 1873.58
2180.95, 1874.01
2180.99, 1874.44
2181.03, 1874.87
2181.06, 1875.29
2181.1, 1875.72
2181.14, 1876.15
2181.18, 1876.58
2181.21, 1877.01
2181.25, 1877.43
2181.29, 1877.86
2181.32, 1878.29
2181.36, 1878.72
2181.4, 1879.15
2181.44, 1879.58
2181.47, 1880.01
2181.51, 1880.43
2181.55, 1880.86
2181.59, 1881.29
2181.62, 1881.72
2181.66, 1882.15
2181.7, 1882.58
2181.74, 1883.01
2181.77, 1883.44
2181.81, 1883.87
2181.85, 1884.3
2181.89, 1884.73
2181.92, 1885.16
2181.96, 1885.59
2182, 1886.01
2182.04, 1886.44
2182.07, 1886.87
2182.11, 1887.3
2182.15, 1887.73
2182.19, 1888.16
2182.23, 1888.5
2182.29, 1888.93
2182.34, 1889.36
2182.4, 1889.78
2182.46, 1890.21
2182.51, 1890.64
2182.57, 1891.07
2182.62, 1891.49
2182.68, 1891.92
2182.74, 1892.35
2182.79, 1892.77
2182.85, 1893.2
2182.91, 1893.63
2182.96, 1894.06
2183.02, 1894.48
2183.07, 1894.91

waypoints
x, y
2179.6, 1858.56
2179.64, 1858.98
2179.68, 1859.41
2179.71, 1859.84
2179.75, 1860.27
2179.79, 1860.7
2179.83, 1861.13
2179.86, 1861.56
2179.9, 1861.99
2179.94, 1862.42
2179.98, 1862.85
2180.01, 1863.28
2180.05, 1863.7
2180.09, 1864.13
2180.13, 1864.56
2180.16, 1864.99
2180.2, 1865.42
2180.24, 1865.85
2180.28, 1866.28
2180.31, 1866.71
2180.35, 1867.14
2180.39, 1867.57
2180.43, 1868
2180.46, 1868.43
2180.5, 1868.86
2180.54, 1869.29
2180.58, 1869.72
2180.61, 1870.15
2180.65, 1870.58
2180.69, 1871.01
2180.73, 1871.43
2180.76, 1871.87
2180.8, 1872.29
2180.84, 1872.72
2180.88, 1873.15
2180.91, 1873.58
2180.95, 1874.01
2180.99, 1874.44
2181.03, 1874.87
2181.06, 1875.29
2181.1, 1875.72
2181.14, 1876.15
2181.18, 1876.58
2181.21, 1877.01
2181.25, 1877.43
2181.29, 1877.86
2181.32, 1878.29
2181.36, 1878.72
2181.4, 1879.15
2181.44, 1879.58
2181.47, 1880.01
2181.51, 1880.43
2181.55, 1880.86
2181.59, 1881.29
2181.62, 1881.72
2181.66, 1882.15
2181.7, 1882.58
2181.74, 1883.01
2181.77, 1883.44
2181.81, 1883.87
2181.85, 1884.3
2181.89, 1884.73
2181.92, 1885.16
2181.96, 1885.59
2182, 1886.01
2182.04, 1886.44
2182.07, 1886.87
2182.11, 1887.3
2182.15, 1887.73
2182.19, 1888.16
2182.23, 1888.5
2182.29, 1888.93
2182.34, 1889.36
2182.4, 1889.78
2182.46, 1890.21
2182.51, 1890.64
2182.57, 1891.07
2182.62, 1891.49
2182.68, 1891.92
2182.74, 1892.35
2182.79, 1892.77
2182.85, 1893.2
2182.91, 1893.63
2182.96, 1894.06
2183.02, 1894.48
2183.07, 1894.91

waypoints
x, y
2179.75, 1860.27
2179.79, 1860.7
2179.83, 1861.13
2179.86, 1861.56
2179.9, 1861.99
2179.94, 1862.42
2179.98, 1862.85
2180.01, 1863.28
2180.05, 1863.7
2180.09, 1864.13
2180.13, 1864.56
2180.16, 1864.99
2180.2, 1865.42
2180.24, 1865.85
2180.28, 1866.28
2180.31, 1866.71
2180.35, 1867.14
2180.39, 1867.57
2180.43, 1868
2180.46, 1868.43
2180.5, 1868.86
2180.54, 1869.29
2180.58, 1869.72
2180.61, 1870.15
2180.65, 1870.58
2180.69, 1871.01
2180.73, 1871.43
2180.76, 1871.87
2180.8, 1872.29
2180.84, 1872.72
2180.88, 1873.15
2180.91, 1873.58
2180.95, 1874.01
2180.99, 1874.44
2181.03, 1874.87
2181.06, 1875.29
2181.1, 1875.72
2181.14, 1876.15
2181.18, 1876.58
2181.21, 1877.01
2181.25, 1877.43
2181.29, 1877.86
2181.32, 1878.29
2181.36, 1878.72
2181.4, 1879.15
2181.44, 1879.58
2181.47, 1880.01
2181.51, 1880.43
2181.55, 1880.86
2181.59, 1881.29
2181.62, 1881.72
2181.66, 1882.15
2181.7, 1882.58
2181.74, 1883.01
2181.77, 1883.44
2181.81, 1883.87
2181.85, 1884.3
2181.89, 1884.73
2181.92, 1885.16
2181.96, 1885.59
2182, 1886.01
2182.04, 1886.44
2182.07, 1886.87
2182.11, 1887.3
2182.15, 1887.73
2182.19, 1888.16
2182.23, 1888.5
2182.29, 1888.93
2182.34, 1889.36
2182.4, 1889.78
2182.46, 1890.21
2182.51, 1890.64
2182.57, 1891.07
2182.62, 1891.49
2182.68, 1891.92
2182.74, 1892.35
2182.79, 1892.77
2182.85, 1893.2
2182.91, 1893.63
2182.96, 1894.06
2183.02, 1894.48
2183.07, 1894.91

waypoints
x, y
2179.9, 1861.99
2179.94, 1862.42
2179.98, 1862.85
2180.01, 1863.28
2180.05, 1863.7
2180.09, 1864.13
2180.13, 1864.56
2180.16, 1864.99
2180.2, 1865.42
2180.24, 1865.85
2180.28, 1866.28
2180.31, 1866.71
2180.35, 1867.14
2180.39, 1867.57
2180.43, 1868
2180.46, 1868.43
2180.5, 1868.86
2180.54, 1869.29
2180.58, 1869.72
2180.61, 1870.15
2180.65, 1870.58
2180.69, 1871.01
2180.73, 1871.43
2180.76, 1871.87
2180.8, 1872.29
2180.84, 1872.72
2180.88, 1873.15
2180.91, 1873.58
2180.95, 1874.01
2180.99, 1874.44
2181.03, 1874.87
2181.06, 1875.29
2181.1, 1875.72
2181.14, 1876.15
2181.18, 1876.58
2181.21, 1877.01
2181.25, 1877.43
2181.29, 1877.86
2181.32, 1878.29
2181.36, 1878.72
2181.4, 1879.15
2181.44, 1879.58
2181.47, 1880.01
2181.51, 1880.43
2181.55, 1880.86
2181.59, 1881.29
2181.62, 1881.72
2181.66, 1882.15
2181.7, 1882.58
2181.74, 1883.01
2181.77, 1883.44
2181.81, 1883.87
2181.85, 1884.3
2181.89, 1884.73
2181.92, 1885.16
2181.96, 1885.59
2182, 1886.01
2182.04, 1886.44
2182.07, 1886.87
2182.11, 1887.3
2182.15, 1887.73
2182.19, 1888.16
2182.23, 1888.5
2182.29, 1888.93
2182.34, 1889.36
2182.4, 1889.78
2182.46, 1890.21
2182.51, 1890.64
2182.57, 1891.07
2182.62, 1891.49
2182.68, 1891.92
2182.74, 1892.35
2182.79, 1892.77
2182.85, 1893.2
2182.91, 1893.63
2182.96, 1894.06
2183.02, 1894.48
2183.07, 1894.91

waypoints
x, y
2180.05, 1863.7
2180.09, 1864.13
2180.13, 1864.56
2180.16, 1864.99
2180.2, 1865.42
2180.24, 1865.85
2180.28, 1866.28
2180.31, 1866.71
2180.35, 1867.14
2180.39, 1867.57
2180.43, 1868
2180.46, 1868.43
2180.5, 1868.86
2180.54, 1869.29
2180.58, 1869.72
2180.61, 1870.15
2180.65, 1870.58
2180.69, 1871.01
2180.73, 1871.43
2180.76, 1871.87
2180.8, 1872.29
2180.84, 1872.72
2180.88, 1873.15
2180.91, 1873.58
2180.95, 1874.01
2180.99, 1874.44
2181.03, 1874.87
2181.06, 1875.29
2181.1, 1875.72
2181.14, 1876.15
2181.18, 1876.58
2181.21, 1877.01
2181.25, 1877.43
2181.29, 1877.86
2181.32, 1878.29
2181.36, 1878.72
2181.4, 1879.15
2181.44, 1879.58
2181.47, 1880.01
2181.51, 1880.43
2181.55, 1880.86
2181.59, 1881.29
2181.62, 1881.72
2181.66, 1882.15
2181.7, 1882.58
2181.74, 1883.01
2181.77, 1883.44
2181.81, 1883.87
2181.85, 1884.3
2181.89, 1884.73
2181.92, 1885.16
2181.96, 1885.59
2182, 1886.01
2182.04, 1886.44
2182.07, 1886.87
2182.11, 1887.3
2182.15, 1887.73
2182.19, 1888.16
2182.23, 1888.5
2182.29, 1888.93
2182.34, 1889.36
2182.4, 1889.78
2182.46, 1890.21
2182.51, 1890.64
2182.57, 1891.07
2182.62, 1891.49
2182.68, 1891.92
2182.74, 1892.35
2182.79, 1892.77
2182.85, 1893.2
2182.91, 1893.63
2182.96, 1894.06
2183.02, 1894.48
2183.07, 1894.91

waypoints
x, y
2180.2, 1865.42
2180.24, 1865.85
2180.28, 1866.28
2180.31, 1866.71
2180.35, 1867.14
2180.39, 1867.57
2180.43, 1868
2180.46, 1868.43
2180.5, 1868.86
2180.54, 1869.29
2180.58, 1869.72
2180.61, 1870.15
2180.65, 1870.58
2180.69, 1871.01
2180.73, 1871.43
2180.76, 1871.87
2180.8, 1872.29
2180.84, 1872.72
2180.88, 1873.15
2180.91, 1873.58
2180.95, 1874.01
2180.99, 1874.44
2181.03, 1874.87
2181.06, 1875.29
2181.1, 1875.72
2181.14, 1876.15
2181.18, 1876.58
2181.21, 1877.01
2181.25, 1877.43
2181.29, 1877.86
2181.32, 1878.29
2181.36, 1878.72
2181.4, 1879.15
2181.44, 1879.58
2181.47, 1880.01
2181.51, 1880.43
2181.55, 1880.86
2181.59, 1881.29
2181.62, 1881.72
2181.66, 1882.15
2181.7, 1882.58
2181.74, 1883.01
2181.77, 1883.44
2181.81, 1883.87
2181.85, 1884.3
2181.89, 1884.73
2181.92, 1885.16
2181.96, 1885.59
2182, 1886.01
2182.04, 1886.44
2182.07, 1886.87
2182.11, 1887.3
2182.15, 1887.73
2182.19, 1888.16
2182.23, 1888.5
2182.29, 1888.93
2182.34, 1889.36
2182.4, 1889.78
2182.46, 1890.21
2182.51, 1890.64
2182.57, 1891.07
2182.62, 1891.49
2182.68, 1891.92
2182.74, 1892.35
2182.79, 1892.77
2182.85, 1893.2
2182.91, 1893.63
2182.96, 1894.06
2183.02, 1894.48
2183.07, 1894.91

waypoints
x, y
2180.35, 1867.14
2180.39, 1867.57
2180.43, 1868
2180.46, 1868.43
2180.5, 1868.86
2180.54, 1869.29
2180.58, 1869.72
2180.61, 1870.15
2180.65, 1870.58
2180.69, 1871.01
2180.73, 1871.43
2180.76, 1871.87
2180.8, 1872.29
2180.84, 1872.72
2180.88, 1873.15
2180.91, 1873.58
2180.95, 1874.01
2180.99, 1874.44
2181.03, 1874.87
2181.06, 1875.29
2181.1, 1875.72
2181.14, 1876.15
2181.18, 1876.58
2181.21, 1877.01
2181.25, 1877.43
2181.29, 1877.86
2181.32, 1878.29
2181.36, 1878.72
2181.4, 1879.15
2181.44, 1879.58
2181.47, 1880.01
2181.51, 1880.43
2181.55, 1880.86
2181.59, 1881.29
2181.62, 1881.72
2181.66, 1882.15
2181.7, 1882.58
2181.74, 1883.01
2181.77, 1883.44
2181.81, 1883.87
2181.85, 1884.3
2181.89, 1884.73
2181.92, 1885.16
2181.96, 1885.59
2182, 1886.01
2182.04, 1886.44
2182.07, 1886.87
2182.11, 1887.3
2182.15, 1887.73
2182.19, 1888.16
2182.23, 1888.5
2182.29, 1888.93
2182.34, 1889.36
2182.4, 1889.78
2182.46, 1890.21
2182.51, 1890.64
2182.57, 1891.07
2182.62, 1891.49
2182.68, 1891.92
2182.74, 1892.35
2182.79, 1892.77
2182.85, 1893.2
2182.91, 1893.63
2182.96, 1894.06
2183.02, 1894.48
2183.07, 1894.91

waypoints
x, y
2180.46, 1868.43
2180.5, 1868.86
2180.54, 1869.29
2180.58, 1869.72
2180.61, 1870.15
2180.65, 1870.58
2180.69, 1871.01
2180.73, 1871.43
2180.76, 1871.87
2180.8, 1872.29
2180.84, 1872.72
2180.88, 1873.15
2180.91, 1873.58
2180.95, 1874.01
2180.99, 1874.44
2181.03, 1874.87
2181.06, 1875.29
2181.1, 1875.72
2181.14, 1876.15
2181.18, 1876.58
2181.21, 1877.01
2181.25, 1877.43
2181.29, 1877.86
2181.32, 1878.29
2181.36, 1878.72
2181.4, 1879.15
2181.44, 1879.58
2181.47, 1880.01
2181.51, 1880.43
2181.55, 1880.86
2181.59, 1881.29
2181.62, 1881.72
2181.66, 1882.15
2181.7, 1882.58
2181.74, 1883.01
2181.77, 1883.44
2181.81, 1883.87
2181.85, 1884.3
2181.89, 1884.73
2181.92, 1885.16
2181.96, 1885.59
2182, 1886.01
2182.04, 1886.44
2182.07, 1886.87
2182.11, 1887.3
2182.15, 1887.73
2182.19, 1888.16
2182.23, 1888.5
2182.29, 1888.93
2182.34, 1889.36
2182.4, 1889.78
2182.46, 1890.21
2182.51, 1890.64
2182.57, 1891.07
2182.62, 1891.49
2182.68, 1891.92
2182.74, 1892.35
2182.79, 1892.77
2182.85, 1893.2
2182.91, 1893.63
2182.96, 1894.06
2183.02, 1894.48
2183.07, 1894.91

waypoints
x, y
2180.61, 1870.15
2180.65, 1870.58
2180.69, 1871.01
2180.73, 1871.43
2180.76, 1871.87
2180.8, 1872.29
2180.84, 1872.72
2180.88, 1873.15
2180.91, 1873.58
2180.95, 1874.01
2180.99, 1874.44
2181.03, 1874.87
2181.06, 1875.29
2181.1, 1875.72
2181.14, 1876.15
2181.18, 1876.58
2181.21, 1877.01
2181.25, 1877.43
2181.29, 1877.86
2181.32, 1878.29
2181.36, 1878.72
2181.4, 1879.15
2181.44, 1879.58
2181.47, 1880.01
2181.51, 1880.43
2181.55, 1880.86
2181.59, 1881.29
2181.62, 1881.72
2181.66, 1882.15
2181.7, 1882.58
2181.74, 1883.01
2181.77, 1883.44
2181.81, 1883.87
2181.85, 1884.3
2181.89, 1884.73
2181.92, 1885.16
2181.96, 1885.59
2182, 1886.01
2182.04, 1886.44
2182.07, 1886.87
2182.11, 1887.3
2182.15, 1887.73
2182.19, 1888.16
2182.23, 1888.5
2182.29, 1888.93
2182.34, 1889.36
2182.4, 1889.78
2182.46, 1890.21
2182.51, 1890.64
2182.57, 1891.07
2182.62, 1891.49
2182.68, 1891.92
2182.74, 1892.35
2182.79, 1892.77
2182.85, 1893.2
2182.91, 1893.63
2182.96, 1894.06
2183.02, 1894.48
2183.07, 1894.91

waypoints
x, y
2180.76, 1871.87
2180.8, 1872.29
2180.84, 1872.72
2180.88, 1873.15
2180.91, 1873.58
2180.95, 1874.01
2180.99, 1874.44
2181.03, 1874.87
2181.06, 1875.29
2181.1, 1875.72
2181.14, 1876.15
2181.18, 1876.58
2181.21, 1877.01
2181.25, 1877.43
2181.29, 1877.86
2181.32, 1878.29
2181.36, 1878.72
2181.4, 1879.15
2181.44, 1879.58
2181.47, 1880.01
2181.51, 1880.43
2181.55, 1880.86
2181.59, 1881.29
2181.62, 1881.72
2181.66, 1882.15
2181.7, 1882.58
2181.74, 1883.01
2181.77, 1883.44
2181.81, 1883.87
2181.85, 1884.3
2181.89, 1884.73
2181.92, 1885.16
2181.96, 1885.59
2182, 1886.01
2182.04, 1886.44
2182.07, 1886.87
2182.11, 1887.3
2182.15, 1887.73
2182.19, 1888.16
2182.23, 1888.5
2182.29, 1888.93
2182.34, 1889.36
2182.4, 1889.78
2182.46, 1890.21
2182.51, 1890.64
2182.57, 1891.07
2182.62, 1891.49
2182.68, 1891.92
2182.74, 1892.35
2182.79, 1892.77
2182.85, 1893.2
2182.91, 1893.63
2182.96, 1894.06
2183.02, 1894.48
2183.07, 1894.91

waypoints
x, y
2180.91, 1873.58
2180.95, 1874.01
2180.99, 1874.44
2181.03, 1874.87
2181.06, 1875.29
2181.1, 1875.72
2181.14, 1876.15
2181.18, 1876.58
2181.21, 1877.01
2181.25, 1877.43
2181.29, 1877.86
2181.32, 1878.29
2181.36, 1878.72
2181.4, 1879.15
2181.44, 1879.58
2181.47, 1880.01
2181.51, 1880.43
2181.55, 1880.86
2181.59, 1881.29
2181.62, 1881.72
2181.66, 1882.15
2181.7, 1882.58
2181.74, 1883.01
2181.77, 1883.44
2181.81, 1883.87
2181.85, 1884.3
2181.89, 1884.73
2181.92, 1885.16
2181.96, 1885.59
2182, 1886.01
2182.04, 1886.44
2182.07, 1886.87
2182.11, 1887.3
2182.15, 1887.73
2182.19, 1888.16
2182.23, 1888.5
2182.29, 1888.93
2182.34, 1889.36
2182.4, 1889.78
2182.46, 1890.21
2182.51, 1890.64
2182.57, 1891.07
2182.62, 1891.49
2182.68, 1891.92
2182.74, 1892.35
2182.79, 1892.77
2182.85, 1893.2
2182.91, 1893.63
2182.96, 1894.06
2183.02, 1894.48
2183.07, 1894.91

waypoints
x, y
2181.06, 1875.29
2181.1, 1875.72
2181.14, 1876.15
2181.18, 1876.58
2181.21, 1877.01
2181.25, 1877.43
2181.29, 1877.86
2181.32, 1878.29
2181.36, 1878.72
2181.4, 1879.15
2181.44, 1879.58
2181.47, 1880.01
2181.51, 1880.43
2181.55, 1880.86
2181.59, 1881.29
2181.62, 1881.72
2181.66, 1882.15
2181.7, 1882.58
2181.74, 1883.01
2181.77, 1883.44
2181.81, 1883.87
2181.85, 1884.3
2181.89, 1884.73
2181.92, 1885.16
2181.96, 1885.59
2182, 1886.01
2182.04, 1886.44
2182.07, 1886.87
2182.11, 1887.3
2182.15, 1887.73
2182.19, 1888.16
2182.23, 1888.5
2182.29, 1888.93
2182.34, 1889.36
2182.4, 1889.78
2182.46, 1890.21
2182.51, 1890.64
2182.57, 1891.07
2182.62, 1891.49
2182.68, 1891.92
2182.74, 1892.35
2182.79, 1892.77
2182.85, 1893.2
2182.91, 1893.63
2182.96, 1894.06
2183.02, 1894.48
2183.07, 1894.91
2183.13, 1895.33
2183.19, 1895.76
2183.24, 1896.19
2183.3, 1896.61
2183.35, 1897.04
2183.41, 1897.46
2183.47, 1897.89
2183.52, 1898.32
2183.58, 1898.74
2183.64, 1899.17
2183.69, 1899.6
2183.75, 1900.02
2183.8, 1900.45
2183.86, 1900.88
2183.92, 1901.3
2183.97, 1901.73
2184.03, 1902.16
2184.08, 1902.58
2184.14, 1903.01
2184.2, 1903.44
2184.25, 1903.86
2184.31, 1904.29
2184.37, 1904.72
2184.42, 1905.15
2184.48, 1905.57
2184.53, 1906
2184.59, 1906.43
2184.65, 1906.86
2184.7, 1907.28
2184.76, 1907.71
2184.82, 1908.14
2184.87, 1908.57
2184.93, 1908.99
2184.98, 1909.42
2185.04, 1909.85
2185.1, 1910.27
2185.15, 1910.7
2185.21, 1911.13
2185.27, 1911.56
2185.32, 1911.98
2185.38, 1912.41
2185.44, 1912.84
2185.49, 1913.26
2185.55, 1913.69
2185.6, 1914.12
2185.66, 1914.55
2185.72, 1914.97
2185.77, 1915.4
2185.83, 1915.83

waypoints
x, y
2181.21, 1877.01
2181.25, 1877.43
2181.29, 1877.86
2181.32, 1878.29
2181.36, 1878.72
2181.4, 1879.15
2181.44, 1879.58
2181.47, 1880.01
2181.51, 1880.43
2181.55, 1880.86
2181.59, 1881.29
2181.62, 1881.72
2181.66, 1882.15
2181.7, 1882.58
2181.74, 1883.01
2181.77, 1883.44
2181.81, 1883.87
2181.85, 1884.3
2181.89, 1884.73
2181.92, 1885.16
2181.96, 1885.59
2182, 1886.01
2182.04, 1886.44
2182.07, 1886.87
2182.11, 1887.3
2182.15, 1887.73
2182.19, 1888.16
2182.23, 1888.5
2182.29, 1888.93
2182.34, 1889.36
2182.4, 1889.78
2182.46, 1890.21
2182.51, 1890.64
2182.57, 1891.07
2182.62, 1891.49
2182.68, 1891.92
2182.74, 1892.35
2182.79, 1892.77
2182.85, 1893.2
2182.91, 1893.63
2182.96, 1894.06
2183.02, 1894.48
2183.07, 1894.91
2183.13, 1895.34
2183.19, 1895.76
2183.24, 1896.19
2183.3, 1896.61
2183.35, 1897.04
2183.41, 1897.46
2183.47, 1897.89
2183.52, 1898.32
2183.58, 1898.74
2183.64, 1899.17
2183.69, 1899.6
2183.75, 1900.02
2183.8, 1900.45
2183.86, 1900.88
2183.92, 1901.3
2183.97, 1901.73
2184.03, 1902.16
2184.09, 1902.58
2184.14, 1903.01
2184.2, 1903.44
2184.25, 1903.87
2184.31, 1904.29
2184.37, 1904.72
2184.42, 1905.15
2184.48, 1905.57
2184.53, 1906
2184.59, 1906.43
2184.65, 1906.86
2184.7, 1907.28
2184.76, 1907.71
2184.82, 1908.14
2184.87, 1908.57
2184.93, 1908.99
2184.99, 1909.42
2185.04, 1909.85
2185.1, 1910.27
2185.15, 1910.7
2185.21, 1911.13
2185.27, 1911.56
2185.32, 1911.98
2185.38, 1912.41
2185.43, 1912.84
2185.49, 1913.27
2185.55, 1913.69
2185.6, 1914.12
2185.66, 1914.55
2185.72, 1914.97
2185.77, 1915.4
2185.83, 1915.83

waypoints
x, y
2181.36, 1878.72
2181.4, 1879.15
2181.44, 1879.58
2181.47, 1880.01
2181.51, 1880.43
2181.55, 1880.86
2181.59, 1881.29
2181.62, 1881.72
2181.66, 1882.15
2181.7, 1882.58
2181.74, 1883.01
2181.77, 1883.44
2181.81, 1883.87
2181.85, 1884.3
2181.89, 1884.73
2181.92, 1885.16
2181.96, 1885.59
2182, 1886.01
2182.04, 1886.44
2182.07, 1886.87
2182.11, 1887.3
2182.15, 1887.73
2182.19, 1888.16
2182.23, 1888.5
2182.29, 1888.93
2182.34, 1889.36
2182.4, 1889.78
2182.46, 1890.21
2182.51, 1890.64
2182.57, 1891.07
2182.62, 1891.49
2182.68, 1891.92
2182.74, 1892.35
2182.79, 1892.77
2182.85, 1893.2
2182.91, 1893.63
2182.96, 1894.06
2183.02, 1894.48
2183.07, 1894.91
2183.13, 1895.34
2183.19, 1895.76
2183.24, 1896.19
2183.3, 1896.61
2183.35, 1897.04
2183.41, 1897.46
2183.47, 1897.89
2183.52, 1898.32
2183.58, 1898.74
2183.64, 1899.17
2183.69, 1899.6
2183.75, 1900.02
2183.8, 1900.45
2183.86, 1900.88
2183.92, 1901.3
2183.97, 1901.73
2184.03, 1902.16
2184.09, 1902.58
2184.14, 1903.01
2184.2, 1903.44
2184.25, 1903.87
2184.31, 1904.29
2184.37, 1904.72
2184.42, 1905.15
2184.48, 1905.57
2184.53, 1906
2184.59, 1906.43
2184.65, 1906.86
2184.7, 1907.28
2184.76, 1907.71
2184.82, 1908.14
2184.87, 1908.57
2184.93, 1908.99
2184.99, 1909.42
2185.04, 1909.85
2185.1, 1910.27
2185.15, 1910.7
2185.21, 1911.13
2185.27, 1911.56
2185.32, 1911.98
2185.38, 1912.41
2185.43, 1912.84
2185.49, 1913.27
2185.55, 1913.69
2185.6, 1914.12
2185.66, 1914.55
2185.72, 1914.97
2185.77, 1915.4
2185.83, 1915.83

waypoints
x, y
2181.47, 1880.01
2181.51, 1880.43
2181.55, 1880.86
2181.59, 1881.29
2181.62, 1881.72
2181.66, 1882.15
2181.7, 1882.58
2181.74, 1883.01
2181.77, 1883.44
2181.81, 1883.87
2181.85, 1884.3
2181.89, 1884.73
2181.92, 1885.16
2181.96, 1885.59
2182, 1886.01
2182.04, 1886.44
2182.07, 1886.87
2182.11, 1887.3
2182.15, 1887.73
2182.19, 1888.16
2182.23, 1888.5
2182.29, 1888.93
2182.34, 1889.36
2182.4, 1889.78
2182.46, 1890.21
2182.51, 1890.64
2182.57, 1891.07
2182.62, 1891.49
2182.68, 1891.92
2182.74, 1892.35
2182.79, 1892.77
2182.85, 1893.2
2182.91, 1893.63
2182.96, 1894.06
2183.02, 1894.48
2183.07, 1894.91
2183.13, 1895.34
2183.19, 1895.76
2183.24, 1896.19
2183.3, 1896.61
2183.35, 1897.04
2183.41, 1897.46
2183.47, 1897.89
2183.52, 1898.32
2183.58, 1898.74
2183.64, 1899.17
2183.69, 1899.6
2183.75, 1900.02
2183.8, 1900.45
2183.86, 1900.88
2183.92, 1901.3
2183.97, 1901.73
2184.03, 1902.16
2184.09, 1902.58
2184.14, 1903.01
2184.2, 1903.44
2184.25, 1903.87
2184.31, 1904.29
2184.37, 1904.72
2184.42, 1905.15
2184.48, 1905.57
2184.53, 1906
2184.59, 1906.43
2184.65, 1906.86
2184.7, 1907.28
2184.76, 1907.71
2184.82, 1908.14
2184.87, 1908.57
2184.93, 1908.99
2184.99, 1909.42
2185.04, 1909.85
2185.1, 1910.27
2185.15, 1910.7
2185.21, 1911.13
2185.27, 1911.56
2185.32, 1911.98
2185.38, 1912.41
2185.43, 1912.84
2185.49, 1913.27
2185.55, 1913.69
2185.6, 1914.12
2185.66, 1914.55
2185.72, 1914.97
2185.77, 1915.4
2185.83, 1915.83

waypoints
x, y
2181.62, 1881.72
2181.66, 1882.15
2181.7, 1882.58
2181.74, 1883.01
2181.77, 1883.44
2181.81, 1883.87
2181.85, 1884.3
2181.89, 1884.73
2181.92, 1885.16
2181.96, 1885.59
2182, 1886.01
2182.04, 1886.44
2182.07, 1886.87
2182.11, 1887.3
2182.15, 1887.73
2182.19, 1888.16
2182.23, 1888.5
2182.29, 1888.93
2182.34, 1889.36
2182.4, 1889.78
2182.46, 1890.21
2182.51, 1890.64
2182.57, 1891.07
2182.62, 1891.49
2182.68, 1891.92
2182.74, 1892.35
2182.79, 1892.77
2182.85, 1893.2
2182.91, 1893.63
2182.96, 1894.06
2183.02, 1894.48
2183.07, 1894.91
2183.13, 1895.34
2183.19, 1895.76
2183.24, 1896.19
2183.3, 1896.61
2183.35, 1897.04
2183.41, 1897.46
2183.47, 1897.89
2183.52, 1898.32
2183.58, 1898.74
2183.64, 1899.17
2183.69, 1899.6
2183.75, 1900.02
2183.8, 1900.45
2183.86, 1900.88
2183.92, 1901.3
2183.97, 1901.73
2184.03, 1902.16
2184.09, 1902.58
2184.14, 1903.01
2184.2, 1903.44
2184.25, 1903.87
2184.31, 1904.29
2184.37, 1904.72
2184.42, 1905.15
2184.48, 1905.57
2184.53, 1906
2184.59, 1906.43
2184.65, 1906.86
2184.7, 1907.28
2184.76, 1907.71
2184.82, 1908.14
2184.87, 1908.57
2184.93, 1908.99
2184.99, 1909.42
2185.04, 1909.85
2185.1, 1910.27
2185.15, 1910.7
2185.21, 1911.13
2185.27, 1911.56
2185.32, 1911.98
2185.38, 1912.41
2185.43, 1912.84
2185.49, 1913.27
2185.55, 1913.69
2185.6, 1914.12
2185.66, 1914.55
2185.72, 1914.97
2185.77, 1915.4
2185.83, 1915.83

waypoints
x, y
2181.77, 1883.44
2181.81, 1883.87
2181.85, 1884.3
2181.89, 1884.73
2181.92, 1885.16
2181.96, 1885.59
2182, 1886.01
2182.04, 1886.44
2182.07, 1886.87
2182.11, 1887.3
2182.15, 1887.73
2182.19, 1888.16
2182.23, 1888.5
2182.29, 1888.93
2182.34, 1889.36
2182.4, 1889.78
2182.46, 1890.21
2182.51, 1890.64
2182.57, 1891.07
2182.62, 1891.49
2182.68, 1891.92
2182.74, 1892.35
2182.79, 1892.77
2182.85, 1893.2
2182.91, 1893.63
2182.96, 1894.06
2183.02, 1894.48
2183.07, 1894.91
2183.13, 1895.34
2183.19, 1895.76
2183.24, 1896.19
2183.3, 1896.61
2183.35, 1897.04
2183.41, 1897.46
2183.47, 1897.89
2183.52, 1898.32
2183.58, 1898.74
2183.64, 1899.17
2183.69, 1899.6
2183.75, 1900.02
2183.8, 1900.45
2183.86, 1900.88
2183.92, 1901.3
2183.97, 1901.73
2184.03, 1902.16
2184.09, 1902.58
2184.14, 1903.01
2184.2, 1903.44
2184.25, 1903.87
2184.31, 1904.29
2184.37, 1904.72
2184.42, 1905.15
2184.48, 1905.57
2184.53, 1906
2184.59, 1906.43
2184.65, 1906.86
2184.7, 1907.28
2184.76, 1907.71
2184.82, 1908.14
2184.87, 1908.57
2184.93, 1908.99
2184.99, 1909.42
2185.04, 1909.85
2185.1, 1910.27
2185.15, 1910.7
2185.21, 1911.13
2185.27, 1911.56
2185.32, 1911.98
2185.38, 1912.41
2185.43, 1912.84
2185.49, 1913.27
2185.55, 1913.69
2185.6, 1914.12
2185.66, 1914.55
2185.72, 1914.97
2185.77, 1915.4
2185.83, 1915.83

waypoints
x, y
2181.92, 1885.16
2181.96, 1885.59
2182, 1886.01
2182.04, 1886.44
2182.07, 1886.87
2182.11, 1887.3
2182.15, 1887.73
2182.19, 1888.16
2182.23, 1888.5
2182.29, 1888.93
2182.34, 1889.36
2182.4, 1889.78
2182.46, 1890.21
2182.51, 1890.64
2182.57, 1891.07
2182.62, 1891.49
2182.68, 1891.92
2182.74, 1892.35
2182.79, 1892.77
2182.85, 1893.2
2182.91, 1893.63
2182.96, 1894.06
2183.02, 1894.48
2183.07, 1894.91
2183.13, 1895.34
2183.19, 1895.76
2183.24, 1896.19
2183.3, 1896.61
2183.35, 1897.04
2183.41, 1897.46
2183.47, 1897.89
2183.52, 1898.32
2183.58, 1898.74
2183.64, 1899.17
2183.69, 1899.6
2183.75, 1900.02
2183.8, 1900.45
2183.86, 1900.88
2183.92, 1901.3
2183.97, 1901.73
2184.03, 1902.16
2184.09, 1902.58
2184.14, 1903.01
2184.2, 1903.44
2184.25, 1903.87
2184.31, 1904.29
2184.37, 1904.72
2184.42, 1905.15
2184.48, 1905.57
2184.53, 1906
2184.59, 1906.43
2184.65, 1906.86
2184.7, 1907.28
2184.76, 1907.71
2184.82, 1908.14
2184.87, 1908.57
2184.93, 1908.99
2184.99, 1909.42
2185.04, 1909.85
2185.1, 1910.27
2185.15, 1910.7
2185.21, 1911.13
2185.27, 1911.56
2185.32, 1911.98
2185.38, 1912.41
2185.43, 1912.84
2185.49, 1913.27
2185.55, 1913.69
2185.6, 1914.12
2185.66, 1914.55
2185.72, 1914.97
2185.77, 1915.4
2185.83, 1915.83

waypoints
x, y
2182.07, 1886.87
2182.11, 1887.3
2182.15, 1887.73
2182.19, 1888.16
2182.23, 1888.5
2182.29, 1888.93
2182.34, 1889.36
2182.4, 1889.78
2182.46, 1890.21
2182.51, 1890.64
2182.57, 1891.07
2182.62, 1891.49
2182.68, 1891.92
2182.74, 1892.35
2182.79, 1892.77
2182.85, 1893.2
2182.91, 1893.63
2182.96, 1894.06
2183.02, 1894.48
2183.07, 1894.91
2183.13, 1895.34
2183.19, 1895.76
2183.24, 1896.19
2183.3, 1896.61
2183.35, 1897.04
2183.41, 1897.46
2183.47, 1897.89
2183.52, 1898.32
2183.58, 1898.74
2183.64, 1899.17
2183.69, 1899.6
2183.75, 1900.02
2183.8, 1900.45
2183.86, 1900.88
2183.92, 1901.3
2183.97, 1901.73
2184.03, 1902.16
2184.09, 1902.58
2184.14, 1903.01
2184.2, 1903.44
2184.25, 1903.87
2184.31, 1904.29
2184.37, 1904.72
2184.42, 1905.15
2184.48, 1905.57
2184.53, 1906
2184.59, 1906.43
2184.65, 1906.86
2184.7, 1907.28
2184.76, 1907.71
2184.82, 1908.14
2184.87, 1908.57
2184.93, 1908.99
2184.99, 1909.42
2185.04, 1909.85
2185.1, 1910.27
2185.15, 1910.7
2185.21, 1911.13
2185.27, 1911.56
2185.32, 1911.98
2185.38, 1912.41
2185.43, 1912.84
2185.49, 1913.27
2185.55, 1913.69
2185.6, 1914.12
2185.66, 1914.55
2185.72, 1914.97
2185.77, 1915.4
2185.83, 1915.83

waypoints
x, y
2182.19, 1888.16
2182.23, 1888.5
2182.29, 1888.93
2182.34, 1889.36
2182.4, 1889.78
2182.46, 1890.21
2182.51, 1890.64
2182.57, 1891.07
2182.62, 1891.49
2182.68, 1891.92
2182.74, 1892.35
2182.79, 1892.77
2182.85, 1893.2
2182.91, 1893.63
2182.96, 1894.06
2183.02, 1894.48
2183.07, 1894.91
2183.13, 1895.34
2183.19, 1895.76
2183.24, 1896.19
2183.3, 1896.61
2183.35, 1897.04
2183.41, 1897.46
2183.47, 1897.89
2183.52, 1898.32
2183.58, 1898.74
2183.64, 1899.17
2183.69, 1899.6
2183.75, 1900.02
2183.8, 1900.45
2183.86, 1900.88
2183.92, 1901.3
2183.97, 1901.73
2184.03, 1902.16
2184.09, 1902.58
2184.14, 1903.01
2184.2, 1903.44
2184.25, 1903.87
2184.31, 1904.29
2184.37, 1904.72
2184.42, 1905.15
2184.48, 1905.57
2184.53, 1906
2184.59, 1906.43
2184.65, 1906.86
2184.7, 1907.28
2184.76, 1907.71
2184.82, 1908.14
2184.87, 1908.57
2184.93, 1908.99
2184.99, 1909.42
2185.04, 1909.85
2185.1, 1910.27
2185.15, 1910.7
2185.21, 1911.13
2185.27, 1911.56
2185.32, 1911.98
2185.38, 1912.41
2185.43, 1912.84
2185.49, 1913.27
2185.55, 1913.69
2185.6, 1914.12
2185.66, 1914.55
2185.72, 1914.97
2185.77, 1915.4
2185.83, 1915.83

waypoints
x, y
2182.46, 1890.21
2182.51, 1890.64
2182.57, 1891.07
2182.62, 1891.49
2182.68, 1891.92
2182.74, 1892.35
2182.79, 1892.77
2182.85, 1893.2
2182.91, 1893.63
2182.96, 1894.06
2183.02, 1894.48
2183.07, 1894.91
2183.13, 1895.34
2183.19, 1895.76
2183.24, 1896.19
2183.3, 1896.61
2183.35, 1897.04
2183.41, 1897.46
2183.47, 1897.89
2183.52, 1898.32
2183.58, 1898.74
2183.64, 1899.17
2183.69, 1899.6
2183.75, 1900.02
2183.8, 1900.45
2183.86, 1900.88
2183.92, 1901.3
2183.97, 1901.73
2184.03, 1902.16
2184.09, 1902.58
2184.14, 1903.01
2184.2, 1903.44
2184.25, 1903.87
2184.31, 1904.29
2184.37, 1904.72
2184.42, 1905.15
2184.48, 1905.57
2184.53, 1906
2184.59, 1906.43
2184.65, 1906.86
2184.7, 1907.28
2184.76, 1907.71
2184.82, 1908.14
2184.87, 1908.57
2184.93, 1908.99
2184.99, 1909.42
2185.04, 1909.85
2185.1, 1910.27
2185.15, 1910.7
2185.21, 1911.13
2185.27, 1911.56
2185.32, 1911.98
2185.38, 1912.41
2185.43, 1912.84
2185.49, 1913.27
2185.55, 1913.69
2185.6, 1914.12
2185.66, 1914.55
2185.72, 1914.97
2185.77, 1915.4
2185.83, 1915.83

waypoints
x, y
2182.68, 1891.92
2182.74, 1892.35
2182.79, 1892.77
2182.85, 1893.2
2182.91, 1893.63
2182.96, 1894.06
2183.02, 1894.48
2183.07, 1894.91
2183.13, 1895.34
2183.19, 1895.76
2183.24, 1896.19
2183.3, 1896.61
2183.35, 1897.04
2183.41, 1897.46
2183.47, 1897.89
2183.52, 1898.32
2183.58, 1898.74
2183.64, 1899.17
2183.69, 1899.6
2183.75, 1900.02
2183.8, 1900.45
2183.86, 1900.88
2183.92, 1901.3
2183.97, 1901.73
2184.03, 1902.16
2184.09, 1902.58
2184.14, 1903.01
2184.2, 1903.44
2184.25, 1903.87
2184.31, 1904.29
2184.37, 1904.72
2184.42, 1905.15
2184.48, 1905.57
2184.53, 1906
2184.59, 1906.43
2184.65, 1906.86
2184.7, 1907.28
2184.76, 1907.71
2184.82, 1908.14
2184.87, 1908.57
2184.93, 1908.99
2184.99, 1909.42
2185.04, 1909.85
2185.1, 1910.27
2185.15, 1910.7
2185.21, 1911.13
2185.27, 1911.56
2185.32, 1911.98
2185.38, 1912.41
2185.43, 1912.84
2185.49, 1913.27
2185.55, 1913.69
2185.6, 1914.12
2185.66, 1914.55
2185.72, 1914.97
2185.77, 1915.4
2185.83, 1915.83

waypoints
x, y
2182.91, 1893.63
2182.96, 1894.06
2183.02, 1894.48
2183.07, 1894.91
2183.13, 1895.34
2183.19, 1895.76
2183.24, 1896.19
2183.3, 1896.61
2183.35, 1897.04
2183.41, 1897.46
2183.47, 1897.89
2183.52, 1898.32
2183.58, 1898.74
2183.64, 1899.17
2183.69, 1899.6
2183.75, 1900.02
2183.8, 1900.45
2183.86, 1900.88
2183.92, 1901.3
2183.97, 1901.73
2184.03, 1902.16
2184.09, 1902.58
2184.14, 1903.01
2184.2, 1903.44
2184.25, 1903.87
2184.31, 1904.29
2184.37, 1904.72
2184.42, 1905.15
2184.48, 1905.57
2184.53, 1906
2184.59, 1906.43
2184.65, 1906.86
2184.7, 1907.28
2184.76, 1907.71
2184.82, 1908.14
2184.87, 1908.57
2184.93, 1908.99
2184.99, 1909.42
2185.04, 1909.85
2185.1, 1910.27
2185.15, 1910.7
2185.21, 1911.13
2185.27, 1911.56
2185.32, 1911.98
2185.38, 1912.41
2185.43, 1912.84
2185.49, 1913.27
2185.55, 1913.69
2185.6, 1914.12
2185.66, 1914.55
2185.72, 1914.97
2185.77, 1915.4
2185.83, 1915.83

waypoints
x, y
2183.07, 1894.91
2183.13, 1895.34
2183.19, 1895.76
2183.24, 1896.19
2183.3, 1896.61
2183.35, 1897.04
2183.41, 1897.46
2183.47, 1897.89
2183.52, 1898.32
2183.58, 1898.74
2183.64, 1899.17
2183.69, 1899.6
2183.75, 1900.02
2183.8, 1900.45
2183.86, 1900.88
2183.92, 1901.3
2183.97, 1901.73
2184.03, 1902.16
2184.09, 1902.58
2184.14, 1903.01
2184.2, 1903.44
2184.25, 1903.87
2184.31, 1904.29
2184.37, 1904.72
2184.42, 1905.15
2184.48, 1905.57
2184.53, 1906
2184.59, 1906.43
2184.65, 1906.86
2184.7, 1907.28
2184.76, 1907.71
2184.82, 1908.14
2184.87, 1908.57
2184.93, 1908.99
2184.99, 1909.42
2185.04, 1909.85
2185.1, 1910.27
2185.15, 1910.7
2185.21, 1911.13
2185.27, 1911.56
2185.32, 1911.98
2185.38, 1912.41
2185.43, 1912.84
2185.49, 1913.27
2185.55, 1913.69
2185.6, 1914.12
2185.66, 1914.55
2185.72, 1914.97
2185.77, 1915.4
2185.83, 1915.83

waypoints
x, y
2183.35, 1897.04
2183.41, 1897.46
2183.47, 1897.89
2183.52, 1898.32
2183.58, 1898.74
2183.64, 1899.17
2183.69, 1899.6
2183.75, 1900.02
2183.8, 1900.45
2183.86, 1900.88
2183.92, 1901.3
2183.97, 1901.73
2184.03, 1902.16
2184.09, 1902.58
2184.14, 1903.01
2184.2, 1903.44
2184.25, 1903.87
2184.31, 1904.29
2184.37, 1904.72
2184.42, 1905.15
2184.48, 1905.57
2184.53, 1906
2184.59, 1906.43
2184.65, 1906.86
2184.7, 1907.28
2184.76, 1907.71
2184.82, 1908.14
2184.87, 1908.57
2184.93, 1908.99
2184.99, 1909.42
2185.04, 1909.85
2185.1, 1910.27
2185.15, 1910.7
2185.21, 1911.13
2185.27, 1911.56
2185.32, 1911.98
2185.38, 1912.41
2185.43, 1912.84
2185.49, 1913.27
2185.55, 1913.69
2185.6, 1914.12
2185.66, 1914.55
2185.72, 1914.97
2185.77, 1915.4
2185.83, 1915.83
2185.87, 1916.16
2185.95, 1916.59
2186.02, 1917.01
2186.1, 1917.43
2186.17, 1917.85
2186.25, 1918.28
2186.32, 1918.7
2186.4, 1919.12
2186.47, 1919.55
2186.55, 1919.97
2186.63, 1920.39
2186.7, 1920.82
2186.78, 1921.24
2186.85, 1921.67
2186.93, 1922.09
2187, 1922.51
2187.08, 1922.94
2187.15, 1923.36
2187.23, 1923.79
2187.3, 1924.21
2187.38, 1924.63
2187.46, 1925.06
2187.53, 1925.48
2187.61, 1925.91
2187.68, 1926.33
2187.76, 1926.75
2187.83, 1927.18
2187.91, 1927.6
2187.98, 1928.03
2188.06, 1928.45
2188.14, 1928.88
2188.21, 1929.3
2188.29, 1929.73
2188.36, 1930.15
2188.44, 1930.57
2188.51, 1931
2188.59, 1931.42
2188.66, 1931.85
2188.74, 1932.27
2188.81, 1932.69
2188.89, 1933.12
2188.97, 1933.54
2189.04, 1933.97
2189.12, 1934.39
2189.19, 1934.82
2189.27, 1935.24
2189.34, 1935.66
2189.42, 1936.09
2189.49, 1936.51

waypoints
x, y
2183.58, 1898.74
2183.64, 1899.17
2183.69, 1899.6
2183.75, 1900.02
2183.8, 1900.45
2183.86, 1900.88
2183.92, 1901.3
2183.97, 1901.73
2184.03, 1902.16
2184.09, 1902.58
2184.14, 1903.01
2184.2, 1903.44
2184.25, 1903.87
2184.31, 1904.29
2184.37, 1904.72
2184.42, 1905.15
2184.48, 1905.57
2184.53, 1906
2184.59, 1906.43
2184.65, 1906.86
2184.7, 1907.28
2184.76, 1907.71
2184.82, 1908.14
2184.87, 1908.57
2184.93, 1908.99
2184.99, 1909.42
2185.04, 1909.85
2185.1, 1910.27
2185.15, 1910.7
2185.21, 1911.13
2185.27, 1911.56
2185.32, 1911.98
2185.38, 1912.41
2185.43, 1912.84
2185.49, 1913.27
2185.55, 1913.69
2185.6, 1914.12
2185.66, 1914.55
2185.72, 1914.97
2185.77, 1915.4
2185.83, 1915.83
2185.87, 1916.16
2185.95, 1916.59
2186.02, 1917.01
2186.1, 1917.43
2186.17, 1917.86
2186.25, 1918.28
2186.32, 1918.7
2186.4, 1919.12
2186.47, 1919.55
2186.55, 1919.97
2186.62, 1920.39
2186.7, 1920.82
2186.78, 1921.24
2186.85, 1921.67
2186.93, 1922.09
2187, 1922.51
2187.08, 1922.94
2187.15, 1923.36
2187.23, 1923.79
2187.3, 1924.21
2187.38, 1924.63
2187.46, 1925.06
2187.53, 1925.48
2187.61, 1925.91
2187.68, 1926.33
2187.76, 1926.76
2187.83, 1927.18
2187.91, 1927.6
2187.98, 1928.03
2188.06, 1928.45
2188.14, 1928.88
2188.21, 1929.3
2188.29, 1929.72
2188.36, 1930.15
2188.44, 1930.57
2188.51, 1931
2188.59, 1931.42
2188.66, 1931.85
2188.74, 1932.27
2188.82, 1932.69
2188.89, 1933.12
2188.97, 1933.54
2189.04, 1933.97
2189.12, 1934.39
2189.19, 1934.82
2189.27, 1935.24
2189.34, 1935.66
2189.42, 1936.09
2189.49, 1936.51

waypoints
x, y
2183.8, 1900.45
2183.86, 1900.88
2183.92, 1901.3
2183.97, 1901.73
2184.03, 1902.16
2184.09, 1902.58
2184.14, 1903.01
2184.2, 1903.44
2184.25, 1903.87
2184.31, 1904.29
2184.37, 1904.72
2184.42, 1905.15
2184.48, 1905.57
2184.53, 1906
2184.59, 1906.43
2184.65, 1906.86
2184.7, 1907.28
2184.76, 1907.71
2184.82, 1908.14
2184.87, 1908.57
2184.93, 1908.99
2184.99, 1909.42
2185.04, 1909.85
2185.1, 1910.27
2185.15, 1910.7
2185.21, 1911.13
2185.27, 1911.56
2185.32, 1911.98
2185.38, 1912.41
2185.43, 1912.84
2185.49, 1913.27
2185.55, 1913.69
2185.6, 1914.12
2185.66, 1914.55
2185.72, 1914.97
2185.77, 1915.4
2185.83, 1915.83
2185.87, 1916.16
2185.95, 1916.59
2186.02, 1917.01
2186.1, 1917.43
2186.17, 1917.86
2186.25, 1918.28
2186.32, 1918.7
2186.4, 1919.12
2186.47, 1919.55
2186.55, 1919.97
2186.62, 1920.39
2186.7, 1920.82
2186.78, 1921.24
2186.85, 1921.67
2186.93, 1922.09
2187, 1922.51
2187.08, 1922.94
2187.15, 1923.36
2187.23, 1923.79
2187.3, 1924.21
2187.38, 1924.63
2187.46, 1925.06
2187.53, 1925.48
2187.61, 1925.91
2187.68, 1926.33
2187.76, 1926.76
2187.83, 1927.18
2187.91, 1927.6
2187.98, 1928.03
2188.06, 1928.45
2188.14, 1928.88
2188.21, 1929.3
2188.29, 1929.72
2188.36, 1930.15
2188.44, 1930.57
2188.51, 1931
2188.59, 1931.42
2188.66, 1931.85
2188.74, 1932.27
2188.82, 1932.69
2188.89, 1933.12
2188.97, 1933.54
2189.04, 1933.97
2189.12, 1934.39
2189.19, 1934.82
2189.27, 1935.24
2189.34, 1935.66
2189.42, 1936.09
2189.49, 1936.51

waypoints
x, y
2184.09, 1902.58
2184.14, 1903.01
2184.2, 1903.44
2184.25, 1903.87
2184.31, 1904.29
2184.37, 1904.72
2184.42, 1905.15
2184.48, 1905.57
2184.53, 1906
2184.59, 1906.43
2184.65, 1906.86
2184.7, 1907.28
2184.76, 1907.71
2184.82, 1908.14
2184.87, 1908.57
2184.93, 1908.99
2184.99, 1909.42
2185.04, 1909.85
2185.1, 1910.27
2185.15, 1910.7
2185.21, 1911.13
2185.27, 1911.56
2185.32, 1911.98
2185.38, 1912.41
2185.43, 1912.84
2185.49, 1913.27
2185.55, 1913.69
2185.6, 1914.12
2185.66, 1914.55
2185.72, 1914.97
2185.77, 1915.4
2185.83, 1915.83
2185.87, 1916.16
2185.95, 1916.59
2186.02, 1917.01
2186.1, 1917.43
2186.17, 1917.86
2186.25, 1918.28
2186.32, 1918.7
2186.4, 1919.12
2186.47, 1919.55
2186.55, 1919.97
2186.62, 1920.39
2186.7, 1920.82
2186.78, 1921.24
2186.85, 1921.67
2186.93, 1922.09
2187, 1922.51
2187.08, 1922.94
2187.15, 1923.36
2187.23, 1923.79
2187.3, 1924.21
2187.38, 1924.63
2187.46, 1925.06
2187.53, 1925.48
2187.61, 1925.91
2187.68, 1926.33
2187.76, 1926.76
2187.83, 1927.18
2187.91, 1927.6
2187.98, 1928.03
2188.06, 1928.45
2188.14, 1928.88
2188.21, 1929.3
2188.29, 1929.72
2188.36, 1930.15
2188.44, 1930.57
2188.51, 1931
2188.59, 1931.42
2188.66, 1931.85
2188.74, 1932.27
2188.82, 1932.69
2188.89, 1933.12
2188.97, 1933.54
2189.04, 1933.97
2189.12, 1934.39
2189.19, 1934.82
2189.27, 1935.24
2189.34, 1935.66
2189.42, 1936.09
2189.49, 1936.51

waypoints
x, y
2184.31, 1904.29
2184.37, 1904.72
2184.42, 1905.15
2184.48, 1905.57
2184.53, 1906
2184.59, 1906.43
2184.65, 1906.86
2184.7, 1907.28
2184.76, 1907.71
2184.82, 1908.14
2184.87, 1908.57
2184.93, 1908.99
2184.99, 1909.42
2185.04, 1909.85
2185.1, 1910.27
2185.15, 1910.7
2185.21, 1911.13
2185.27, 1911.56
2185.32, 1911.98
2185.38, 1912.41
2185.43, 1912.84
2185.49, 1913.27
2185.55, 1913.69
2185.6, 1914.12
2185.66, 1914.55
2185.72, 1914.97
2185.77, 1915.4
2185.83, 1915.83
2185.87, 1916.16
2185.95, 1916.59
2186.02, 1917.01
2186.1, 1917.43
2186.17, 1917.86
2186.25, 1918.28
2186.32, 1918.7
2186.4, 1919.12
2186.47, 1919.55
2186.55, 1919.97
2186.62, 1920.39
2186.7, 1920.82
2186.78, 1921.24
2186.85, 1921.67
2186.93, 1922.09
2187, 1922.51
2187.08, 1922.94
2187.15, 1923.36
2187.23, 1923.79
2187.3, 1924.21
2187.38, 1924.63
2187.46, 1925.06
2187.53, 1925.48
2187.61, 1925.91
2187.68, 1926.33
2187.76, 1926.76
2187.83, 1927.18
2187.91, 1927.6
2187.98, 1928.03
2188.06, 1928.45
2188.14, 1928.88
2188.21, 1929.3
2188.29, 1929.72
2188.36, 1930.15
2188.44, 1930.57
2188.51, 1931
2188.59, 1931.42
2188.66, 1931.85
2188.74, 1932.27
2188.82, 1932.69
2188.89, 1933.12
2188.97, 1933.54
2189.04, 1933.97
2189.12, 1934.39
2189.19, 1934.82
2189.27, 1935.24
2189.34, 1935.66
2189.42, 1936.09
2189.49, 1936.51

waypoints
x, y
2184.53, 1906
2184.59, 1906.43
2184.65, 1906.86
2184.7, 1907.28
2184.76, 1907.71
2184.82, 1908.14
2184.87, 1908.57
2184.93, 1908.99
2184.99, 1909.42
2185.04, 1909.85
2185.1, 1910.27
2185.15, 1910.7
2185.21, 1911.13
2185.27, 1911.56
2185.32, 1911.98
2185.38, 1912.41
2185.43, 1912.84
2185.49, 1913.27
2185.55, 1913.69
2185.6, 1914.12
2185.66, 1914.55
2185.72, 1914.97
2185.77, 1915.4
2185.83, 1915.83
2185.87, 1916.16
2185.95, 1916.59
2186.02, 1917.01
2186.1, 1917.43
2186.17, 1917.86
2186.25, 1918.28
2186.32, 1918.7
2186.4, 1919.12
2186.47, 1919.55
2186.55, 1919.97
2186.62, 1920.39
2186.7, 1920.82
2186.78, 1921.24
2186.85, 1921.67
2186.93, 1922.09
2187, 1922.51
2187.08, 1922.94
2187.15, 1923.36
2187.23, 1923.79
2187.3, 1924.21
2187.38, 1924.63
2187.46, 1925.06
2187.53, 1925.48
2187.61, 1925.91
2187.68, 1926.33
2187.76, 1926.76
2187.83, 1927.18
2187.91, 1927.6
2187.98, 1928.03
2188.06, 1928.45
2188.14, 1928.88
2188.21, 1929.3
2188.29, 1929.72
2188.36, 1930.15
2188.44, 1930.57
2188.51, 1931
2188.59, 1931.42
2188.66, 1931.85
2188.74, 1932.27
2188.82, 1932.69
2188.89, 1933.12
2188.97, 1933.54
2189.04, 1933.97
2189.12, 1934.39
2189.19, 1934.82
2189.27, 1935.24
2189.34, 1935.66
2189.42, 1936.09
2189.49, 1936.51

waypoints
x, y
2184.76, 1907.71
2184.82, 1908.14
2184.87, 1908.57
2184.93, 1908.99
2184.99, 1909.42
2185.04, 1909.85
2185.1, 1910.27
2185.15, 1910.7
2185.21, 1911.13
2185.27, 1911.56
2185.32, 1911.98
2185.38, 1912.41
2185.43, 1912.84
2185.49, 1913.27
2185.55, 1913.69
2185.6, 1914.12
2185.66, 1914.55
2185.72, 1914.97
2185.77, 1915.4
2185.83, 1915.83
2185.87, 1916.16
2185.95, 1916.59
2186.02, 1917.01
2186.1, 1917.43
2186.17, 1917.86
2186.25, 1918.28
2186.32, 1918.7
2186.4, 1919.12
2186.47, 1919.55
2186.55, 1919.97
2186.62, 1920.39
2186.7, 1920.82
2186.78, 1921.24
2186.85, 1921.67
2186.93, 1922.09
2187, 1922.51
2187.08, 1922.94
2187.15, 1923.36
2187.23, 1923.79
2187.3, 1924.21
2187.38, 1924.63
2187.46, 1925.06
2187.53, 1925.48
2187.61, 1925.91
2187.68, 1926.33
2187.76, 1926.76
2187.83, 1927.18
2187.91, 1927.6
2187.98, 1928.03
2188.06, 1928.45
2188.14, 1928.88
2188.21, 1929.3
2188.29, 1929.72
2188.36, 1930.15
2188.44, 1930.57
2188.51, 1931
2188.59, 1931.42
2188.66, 1931.85
2188.74, 1932.27
2188.82, 1932.69
2188.89, 1933.12
2188.97, 1933.54
2189.04, 1933.97
2189.12, 1934.39
2189.19, 1934.82
2189.27, 1935.24
2189.34, 1935.66
2189.42, 1936.09
2189.49, 1936.51

waypoints
x, y
2184.99, 1909.42
2185.04, 1909.85
2185.1, 1910.27
2185.15, 1910.7
2185.21, 1911.13
2185.27, 1911.56
2185.32, 1911.98
2185.38, 1912.41
2185.43, 1912.84
2185.49, 1913.27
2185.55, 1913.69
2185.6, 1914.12
2185.66, 1914.55
2185.72, 1914.97
2185.77, 1915.4
2185.83, 1915.83
2185.87, 1916.16
2185.95, 1916.59
2186.02, 1917.01
2186.1, 1917.43
2186.17, 1917.86
2186.25, 1918.28
2186.32, 1918.7
2186.4, 1919.12
2186.47, 1919.55
2186.55, 1919.97
2186.62, 1920.39
2186.7, 1920.82
2186.78, 1921.24
2186.85, 1921.67
2186.93, 1922.09
2187, 1922.51
2187.08, 1922.94
2187.15, 1923.36
2187.23, 1923.79
2187.3, 1924.21
2187.38, 1924.63
2187.46, 1925.06
2187.53, 1925.48
2187.61, 1925.91
2187.68, 1926.33
2187.76, 1926.76
2187.83, 1927.18
2187.91, 1927.6
2187.98, 1928.03
2188.06, 1928.45
2188.14, 1928.88
2188.21, 1929.3
2188.29, 1929.72
2188.36, 1930.15
2188.44, 1930.57
2188.51, 1931
2188.59, 1931.42
2188.66, 1931.85
2188.74, 1932.27
2188.82, 1932.69
2188.89, 1933.12
2188.97, 1933.54
2189.04, 1933.97
2189.12, 1934.39
2189.19, 1934.82
2189.27, 1935.24
2189.34, 1935.66
2189.42, 1936.09
2189.49, 1936.51

waypoints
x, y
2185.21, 1911.13
2185.27, 1911.56
2185.32, 1911.98
2185.38, 1912.41
2185.43, 1912.84
2185.49, 1913.27
2185.55, 1913.69
2185.6, 1914.12
2185.66, 1914.55
2185.72, 1914.97
2185.77, 1915.4
2185.83, 1915.83
2185.87, 1916.16
2185.95, 1916.59
2186.02, 1917.01
2186.1, 1917.43
2186.17, 1917.86
2186.25, 1918.28
2186.32, 1918.7
2186.4, 1919.12
2186.47, 1919.55
2186.55, 1919.97
2186.62, 1920.39
2186.7, 1920.82
2186.78, 1921.24
2186.85, 1921.67
2186.93, 1922.09
2187, 1922.51
2187.08, 1922.94
2187.15, 1923.36
2187.23, 1923.79
2187.3, 1924.21
2187.38, 1924.63
2187.46, 1925.06
2187.53, 1925.48
2187.61, 1925.91
2187.68, 1926.33
2187.76, 1926.76
2187.83, 1927.18
2187.91, 1927.6
2187.98, 1928.03
2188.06, 1928.45
2188.14, 1928.88
2188.21, 1929.3
2188.29, 1929.72
2188.36, 1930.15
2188.44, 1930.57
2188.51, 1931
2188.59, 1931.42
2188.66, 1931.85
2188.74, 1932.27
2188.82, 1932.69
2188.89, 1933.12
2188.97, 1933.54
2189.04, 1933.97
2189.12, 1934.39
2189.19, 1934.82
2189.27, 1935.24
2189.34, 1935.66
2189.42, 1936.09
2189.49, 1936.51

waypoints
x, y
2185.43, 1912.84
2185.49, 1913.27
2185.55, 1913.69
2185.6, 1914.12
2185.66, 1914.55
2185.72, 1914.97
2185.77, 1915.4
2185.83, 1915.83
2185.87, 1916.16
2185.95, 1916.59
2186.02, 1917.01
2186.1, 1917.43
2186.17, 1917.86
2186.25, 1918.28
2186.32, 1918.7
2186.4, 1919.12
2186.47, 1919.55
2186.55, 1919.97
2186.62, 1920.39
2186.7, 1920.82
2186.78, 1921.24
2186.85, 1921.67
2186.93, 1922.09
2187, 1922.51
2187.08, 1922.94
2187.15, 1923.36
2187.23, 1923.79
2187.3, 1924.21
2187.38, 1924.63
2187.46, 1925.06
2187.53, 1925.48
2187.61, 1925.91
2187.68, 1926.33
2187.76, 1926.76
2187.83, 1927.18
2187.91, 1927.6
2187.98, 1928.03
2188.06, 1928.45
2188.14, 1928.88
2188.21, 1929.3
2188.29, 1929.72
2188.36, 1930.15
2188.44, 1930.57
2188.51, 1931
2188.59, 1931.42
2188.66, 1931.85
2188.74, 1932.27
2188.82, 1932.69
2188.89, 1933.12
2188.97, 1933.54
2189.04, 1933.97
2189.12, 1934.39
2189.19, 1934.82
2189.27, 1935.24
2189.34, 1935.66
2189.42, 1936.09
2189.49, 1936.51

waypoints
x, y
2185.66, 1914.55
2185.72, 1914.97
2185.77, 1915.4
2185.83, 1915.83
2185.87, 1916.16
2185.95, 1916.59
2186.02, 1917.01
2186.1, 1917.43
2186.17, 1917.86
2186.25, 1918.28
2186.32, 1918.7
2186.4, 1919.12
2186.47, 1919.55
2186.55, 1919.97
2186.62, 1920.39
2186.7, 1920.82
2186.78, 1921.24
2186.85, 1921.67
2186.93, 1922.09
2187, 1922.51
2187.08, 1922.94
2187.15, 1923.36
2187.23, 1923.79
2187.3, 1924.21
2187.38, 1924.63
2187.46, 1925.06
2187.53, 1925.48
2187.61, 1925.91
2187.68, 1926.33
2187.76, 1926.76
2187.83, 1927.18
2187.91, 1927.6
2187.98, 1928.03
2188.06, 1928.45
2188.14, 1928.88
2188.21, 1929.3
2188.29, 1929.72
2188.36, 1930.15
2188.44, 1930.57
2188.51, 1931
2188.59, 1931.42
2188.66, 1931.85
2188.74, 1932.27
2188.82, 1932.69
2188.89, 1933.12
2188.97, 1933.54
2189.04, 1933.97
2189.12, 1934.39
2189.19, 1934.82
2189.27, 1935.24
2189.34, 1935.66
2189.42, 1936.09
2189.49, 1936.51

waypoints
x, y
2185.83, 1915.83
2185.87, 1916.16
2185.95, 1916.59
2186.02, 1917.01
2186.1, 1917.43
2186.17, 1917.86
2186.25, 1918.28
2186.32, 1918.7
2186.4, 1919.12
2186.47, 1919.55
2186.55, 1919.97
2186.62, 1920.39
2186.7, 1920.82
2186.78, 1921.24
2186.85, 1921.67
2186.93, 1922.09
2187, 1922.51
2187.08, 1922.94
2187.15, 1923.36
2187.23, 1923.79
2187.3, 1924.21
2187.38, 1924.63
2187.46, 1925.06
2187.53, 1925.48
2187.61, 1925.91
2187.68, 1926.33
2187.76, 1926.76
2187.83, 1927.18
2187.91, 1927.6
2187.98, 1928.03
2188.06, 1928.45
2188.14, 1928.88
2188.21, 1929.3
2188.29, 1929.72
2188.36, 1930.15
2188.44, 1930.57
2188.51, 1931
2188.59, 1931.42
2188.66, 1931.85
2188.74, 1932.27
2188.82, 1932.69
2188.89, 1933.12
2188.97, 1933.54
2189.04, 1933.97
2189.12, 1934.39
2189.19, 1934.82
2189.27, 1935.24
2189.34, 1935.66
2189.42, 1936.09
2189.49, 1936.51

waypoints
x, y
2186.1, 1917.43
2186.17, 1917.86
2186.25, 1918.28
2186.32, 1918.7
2186.4, 1919.12
2186.47, 1919.55
2186.55, 1919.97
2186.62, 1920.39
2186.7, 1920.82
2186.78, 1921.24
2186.85, 1921.67
2186.93, 1922.09
2187, 1922.51
2187.08, 1922.94
2187.15, 1923.36
2187.23, 1923.79
2187.3, 1924.21
2187.38, 1924.63
2187.46, 1925.06
2187.53, 1925.48
2187.61, 1925.91
2187.68, 1926.33
2187.76, 1926.76
2187.83, 1927.18
2187.91, 1927.6
2187.98, 1928.03
2188.06, 1928.45
2188.14, 1928.88
2188.21, 1929.3
2188.29, 1929.72
2188.36, 1930.15
2188.44, 1930.57
2188.51, 1931
2188.59, 1931.42
2188.66, 1931.85
2188.74, 1932.27
2188.82, 1932.69
2188.89, 1933.12
2188.97, 1933.54
2189.04, 1933.97
2189.12, 1934.39
2189.19, 1934.82
2189.27, 1935.24
2189.34, 1935.66
2189.42, 1936.09
2189.49, 1936.51
2189.57, 1936.93
2189.64, 1937.36
2189.72, 1937.78
2189.8, 1938.21
2189.87, 1938.63
2189.95, 1939.06
2190.02, 1939.48
2190.1, 1939.9
2190.17, 1940.33
2190.25, 1940.75
2190.32, 1941.18
2190.4, 1941.6
2190.48, 1942.02
2190.55, 1942.45
2190.63, 1942.87
2190.7, 1943.3
2190.78, 1943.72
2190.85, 1944.14
2190.93, 1944.57
2191, 1944.99
2191.08, 1945.42
2191.15, 1945.84
2191.23, 1946.26
2191.31, 1946.69
2191.38, 1947.11
2191.46, 1947.53
2191.53, 1947.96
2191.61, 1948.38
2191.68, 1948.81
2191.76, 1949.23
2191.83, 1949.65
2191.9, 1950
2191.99, 1950.42
2192.09, 1950.84
2192.18, 1951.26
2192.27, 1951.69
2192.36, 1952.11
2192.45, 1952.53
2192.54, 1952.95
2192.63, 1953.37
2192.72, 1953.79
2192.81, 1954.21
2192.91, 1954.63
2193, 1955.05
2193.09, 1955.47
2193.18, 1955.89
2193.27, 1956.31
2193.36, 1956.74
2193.45, 1957.16

waypoints
x, y
2186.4, 1919.12
2186.47, 1919.55
2186.55, 1919.97
2186.62, 1920.39
2186.7, 1920.82
2186.78, 1921.24
2186.85, 1921.67
2186.93, 1922.09
2187, 1922.51
2187.08, 1922.94
2187.15, 1923.36
2187.23, 1923.79
2187.3, 1924.21
2187.38, 1924.63
2187.46, 1925.06
2187.53, 1925.48
2187.61, 1925.91
2187.68, 1926.33
2187.76, 1926.76
2187.83, 1927.18
2187.91, 1927.6
2187.98, 1928.03
2188.06, 1928.45
2188.14, 1928.88
2188.21, 1929.3
2188.29, 1929.72
2188.36, 1930.15
2188.44, 1930.57
2188.51, 1931
2188.59, 1931.42
2188.66, 1931.85
2188.74, 1932.27
2188.82, 1932.69
2188.89, 1933.12
2188.97, 1933.54
2189.04, 1933.97
2189.12, 1934.39
2189.19, 1934.82
2189.27, 1935.24
2189.34, 1935.66
2189.42, 1936.09
2189.49, 1936.51
2189.57, 1936.93
2189.64, 1937.36
2189.72, 1937.78
2189.8, 1938.21
2189.87, 1938.63
2189.95, 1939.06
2190.02, 1939.48
2190.1, 1939.9
2190.17, 1940.33
2190.25, 1940.75
2190.32, 1941.18
2190.4, 1941.6
2190.48, 1942.02
2190.55, 1942.45
2190.63, 1942.87
2190.7, 1943.3
2190.78, 1943.72
2190.85, 1944.14
2190.93, 1944.57
2191, 1944.99
2191.08, 1945.41
2191.16, 1945.84
2191.23, 1946.26
2191.31, 1946.69
2191.38, 1947.11
2191.46, 1947.53
2191.53, 1947.96
2191.61, 1948.38
2191.68, 1948.81
2191.76, 1949.23
2191.83, 1949.65
2191.9, 1950
2191.99, 1950.42
2192.09, 1950.84
2192.18, 1951.27
2192.27, 1951.69
2192.36, 1952.11
2192.45, 1952.53
2192.54, 1952.95
2192.63, 1953.37
2192.72, 1953.79
2192.81, 1954.21
2192.91, 1954.63
2193, 1955.05
2193.09, 1955.47
2193.18, 1955.89
2193.27, 1956.31
2193.36, 1956.73
2193.45, 1957.16

waypoints
x, y
2186.7, 1920.82
2186.78, 1921.24
2186.85, 1921.67
2186.93, 1922.09
2187, 1922.51
2187.08, 1922.94
2187.15, 1923.36
2187.23, 1923.79
2187.3, 1924.21
2187.38, 1924.63
2187.46, 1925.06
2187.53, 1925.48
2187.61, 1925.91
2187.68, 1926.33
2187.76, 1926.76
2187.83, 1927.18
2187.91, 1927.6
2187.98, 1928.03
2188.06, 1928.45
2188.14, 1928.88
2188.21, 1929.3
2188.29, 1929.72
2188.36, 1930.15
2188.44, 1930.57
2188.51, 1931
2188.59, 1931.42
2188.66, 1931.85
2188.74, 1932.27
2188.82, 1932.69
2188.89, 1933.12
2188.97, 1933.54
2189.04, 1933.97
2189.12, 1934.39
2189.19, 1934.82
2189.27, 1935.24
2189.34, 1935.66
2189.42, 1936.09
2189.49, 1936.51
2189.57, 1936.93
2189.64, 1937.36
2189.72, 1937.78
2189.8, 1938.21
2189.87, 1938.63
2189.95, 1939.06
2190.02, 1939.48
2190.1, 1939.9
2190.17, 1940.33
2190.25, 1940.75
2190.32, 1941.18
2190.4, 1941.6
2190.48, 1942.02
2190.55, 1942.45
2190.63, 1942.87
2190.7, 1943.3
2190.78, 1943.72
2190.85, 1944.14
2190.93, 1944.57
2191, 1944.99
2191.08, 1945.41
2191.16, 1945.84
2191.23, 1946.26
2191.31, 1946.69
2191.38, 1947.11
2191.46, 1947.53
2191.53, 1947.96
2191.61, 1948.38
2191.68, 1948.81
2191.76, 1949.23
2191.83, 1949.65
2191.9, 1950
2191.99, 1950.42
2192.09, 1950.84
2192.18, 1951.27
2192.27, 1951.69
2192.36, 1952.11
2192.45, 1952.53
2192.54, 1952.95
2192.63, 1953.37
2192.72, 1953.79
2192.81, 1954.21
2192.91, 1954.63
2193, 1955.05
2193.09, 1955.47
2193.18, 1955.89
2193.27, 1956.31
2193.36, 1956.73
2193.45, 1957.16

waypoints
x, y
2187, 1922.51
2187.08, 1922.94
2187.15, 1923.36
2187.23, 1923.79
2187.3, 1924.21
2187.38, 1924.63
2187.46, 1925.06
2187.53, 1925.48
2187.61, 1925.91
2187.68, 1926.33
2187.76, 1926.76
2187.83, 1927.18
2187.91, 1927.6
2187.98, 1928.03
2188.06, 1928.45
2188.14, 1928.88
2188.21, 1929.3
2188.29, 1929.72
2188.36, 1930.15
2188.44, 1930.57
2188.51, 1931
2188.59, 1931.42
2188.66, 1931.85
2188.74, 1932.27
2188.82, 1932.69
2188.89, 1933.12
2188.97, 1933.54
2189.04, 1933.97
2189.12, 1934.39
2189.19, 1934.82
2189.27, 1935.24
2189.34, 1935.66
2189.42, 1936.09
2189.49, 1936.51
2189.57, 1936.93
2189.64, 1937.36
2189.72, 1937.78
2189.8, 1938.21
2189.87, 1938.63
2189.95, 1939.06
2190.02, 1939.48
2190.1, 1939.9
2190.17, 1940.33
2190.25, 1940.75
2190.32, 1941.18
2190.4, 1941.6
2190.48, 1942.02
2190.55, 1942.45
2190.63, 1942.87
2190.7, 1943.3
2190.78, 1943.72
2190.85, 1944.14
2190.93, 1944.57
2191, 1944.99
2191.08, 1945.41
2191.16, 1945.84
2191.23, 1946.26
2191.31, 1946.69
2191.38, 1947.11
2191.46, 1947.53
2191.53, 1947.96
2191.61, 1948.38
2191.68, 1948.81
2191.76, 1949.23
2191.83, 1949.65
2191.9, 1950
2191.99, 1950.42
2192.09, 1950.84
2192.18, 1951.27
2192.27, 1951.69
2192.36, 1952.11
2192.45, 1952.53
2192.54, 1952.95
2192.63, 1953.37
2192.72, 1953.79
2192.81, 1954.21
2192.91, 1954.63
2193, 1955.05
2193.09, 1955.47
2193.18, 1955.89
2193.27, 1956.31
2193.36, 1956.73
2193.45, 1957.16

waypoints
x, y
2187.38, 1924.63
2187.46, 1925.06
2187.53, 1925.48
2187.61, 1925.91
2187.68, 1926.33
2187.76, 1926.76
2187.83, 1927.18
2187.91, 1927.6
2187.98, 1928.03
2188.06, 1928.45
2188.14, 1928.88
2188.21, 1929.3
2188.29, 1929.72
2188.36, 1930.15
2188.44, 1930.57
2188.51, 1931
2188.59, 1931.42
2188.66, 1931.85
2188.74, 1932.27
2188.82, 1932.69
2188.89, 1933.12
2188.97, 1933.54
2189.04, 1933.97
2189.12, 1934.39
2189.19, 1934.82
2189.27, 1935.24
2189.34, 1935.66
2189.42, 1936.09
2189.49, 1936.51
2189.57, 1936.93
2189.64, 1937.36
2189.72, 1937.78
2189.8, 1938.21
2189.87, 1938.63
2189.95, 1939.06
2190.02, 1939.48
2190.1, 1939.9
2190.17, 1940.33
2190.25, 1940.75
2190.32, 1941.18
2190.4, 1941.6
2190.48, 1942.02
2190.55, 1942.45
2190.63, 1942.87
2190.7, 1943.3
2190.78, 1943.72
2190.85, 1944.14
2190.93, 1944.57
2191, 1944.99
2191.08, 1945.41
2191.16, 1945.84
2191.23, 1946.26
2191.31, 1946.69
2191.38, 1947.11
2191.46, 1947.53
2191.53, 1947.96
2191.61, 1948.38
2191.68, 1948.81
2191.76, 1949.23
2191.83, 1949.65
2191.9, 1950
2191.99, 1950.42
2192.09, 1950.84
2192.18, 1951.27
2192.27, 1951.69
2192.36, 1952.11
2192.45, 1952.53
2192.54, 1952.95
2192.63, 1953.37
2192.72, 1953.79
2192.81, 1954.21
2192.91, 1954.63
2193, 1955.05
2193.09, 1955.47
2193.18, 1955.89
2193.27, 1956.31
2193.36, 1956.73
2193.45, 1957.16

waypoints
x, y
2187.61, 1925.91
2187.68, 1926.33
2187.76, 1926.76
2187.83, 1927.18
2187.91, 1927.6
2187.98, 1928.03
2188.06, 1928.45
2188.14, 1928.88
2188.21, 1929.3
2188.29, 1929.72
2188.36, 1930.15
2188.44, 1930.57
2188.51, 1931
2188.59, 1931.42
2188.66, 1931.85
2188.74, 1932.27
2188.82, 1932.69
2188.89, 1933.12
2188.97, 1933.54
2189.04, 1933.97
2189.12, 1934.39
2189.19, 1934.82
2189.27, 1935.24
2189.34, 1935.66
2189.42, 1936.09
2189.49, 1936.51
2189.57, 1936.93
2189.64, 1937.36
2189.72, 1937.78
2189.8, 1938.21
2189.87, 1938.63
2189.95, 1939.06
2190.02, 1939.48
2190.1, 1939.9
2190.17, 1940.33
2190.25, 1940.75
2190.32, 1941.18
2190.4, 1941.6
2190.48, 1942.02
2190.55, 1942.45
2190.63, 1942.87
2190.7, 1943.3
2190.78, 1943.72
2190.85, 1944.14
2190.93, 1944.57
2191, 1944.99
2191.08, 1945.41
2191.16, 1945.84
2191.23, 1946.26
2191.31, 1946.69
2191.38, 1947.11
2191.46, 1947.53
2191.53, 1947.96
2191.61, 1948.38
2191.68, 1948.81
2191.76, 1949.23
2191.83, 1949.65
2191.9, 1950
2191.99, 1950.42
2192.09, 1950.84
2192.18, 1951.27
2192.27, 1951.69
2192.36, 1952.11
2192.45, 1952.53
2192.54, 1952.95
2192.63, 1953.37
2192.72, 1953.79
2192.81, 1954.21
2192.91, 1954.63
2193, 1955.05
2193.09, 1955.47
2193.18, 1955.89
2193.27, 1956.31
2193.36, 1956.73
2193.45, 1957.16

waypoints
x, y
2187.91, 1927.6
2187.98, 1928.03
2188.06, 1928.45
2188.14, 1928.88
2188.21, 1929.3
2188.29, 1929.72
2188.36, 1930.15
2188.44, 1930.57
2188.51, 1931
2188.59, 1931.42
2188.66, 1931.85
2188.74, 1932.27
2188.82, 1932.69
2188.89, 1933.12
2188.97, 1933.54
2189.04, 1933.97
2189.12, 1934.39
2189.19, 1934.82
2189.27, 1935.24
2189.34, 1935.66
2189.42, 1936.09
2189.49, 1936.51
2189.57, 1936.93
2189.64, 1937.36
2189.72, 1937.78
2189.8, 1938.21
2189.87, 1938.63
2189.95, 1939.06
2190.02, 1939.48
2190.1, 1939.9
2190.17, 1940.33
2190.25, 1940.75
2190.32, 1941.18
2190.4, 1941.6
2190.48, 1942.02
2190.55, 1942.45
2190.63, 1942.87
2190.7, 1943.3
2190.78, 1943.72
2190.85, 1944.14
2190.93, 1944.57
2191, 1944.99
2191.08, 1945.41
2191.16, 1945.84
2191.23, 1946.26
2191.31, 1946.69
2191.38, 1947.11
2191.46, 1947.53
2191.53, 1947.96
2191.61, 1948.38
2191.68, 1948.81
2191.76, 1949.23
2191.83, 1949.65
2191.9, 1950
2191.99, 1950.42
2192.09, 1950.84
2192.18, 1951.27
2192.27, 1951.69
2192.36, 1952.11
2192.45, 1952.53
2192.54, 1952.95
2192.63, 1953.37
2192.72, 1953.79
2192.81, 1954.21
2192.91, 1954.63
2193, 1955.05
2193.09, 1955.47
2193.18, 1955.89
2193.27, 1956.31
2193.36, 1956.73
2193.45, 1957.16

waypoints
x, y
2188.21, 1929.3
2188.29, 1929.72
2188.36, 1930.15
2188.44, 1930.57
2188.51, 1931
2188.59, 1931.42
2188.66, 1931.85
2188.74, 1932.27
2188.82, 1932.69
2188.89, 1933.12
2188.97, 1933.54
2189.04, 1933.97
2189.12, 1934.39
2189.19, 1934.82
2189.27, 1935.24
2189.34, 1935.66
2189.42, 1936.09
2189.49, 1936.51
2189.57, 1936.93
2189.64, 1937.36
2189.72, 1937.78
2189.8, 1938.21
2189.87, 1938.63
2189.95, 1939.06
2190.02, 1939.48
2190.1, 1939.9
2190.17, 1940.33
2190.25, 1940.75
2190.32, 1941.18
2190.4, 1941.6
2190.48, 1942.02
2190.55, 1942.45
2190.63, 1942.87
2190.7, 1943.3
2190.78, 1943.72
2190.85, 1944.14
2190.93, 1944.57
2191, 1944.99
2191.08, 1945.41
2191.16, 1945.84
2191.23, 1946.26
2191.31, 1946.69
2191.38, 1947.11
2191.46, 1947.53
2191.53, 1947.96
2191.61, 1948.38
2191.68, 1948.81
2191.76, 1949.23
2191.83, 1949.65
2191.9, 1950
2191.99, 1950.42
2192.09, 1950.84
2192.18, 1951.27
2192.27, 1951.69
2192.36, 1952.11
2192.45, 1952.53
2192.54, 1952.95
2192.63, 1953.37
2192.72, 1953.79
2192.81, 1954.21
2192.91, 1954.63
2193, 1955.05
2193.09, 1955.47
2193.18, 1955.89
2193.27, 1956.31
2193.36, 1956.73
2193.45, 1957.16

waypoints
x, y
2188.51, 1931
2188.59, 1931.42
2188.66, 1931.85
2188.74, 1932.27
2188.82, 1932.69
2188.89, 1933.12
2188.97, 1933.54
2189.04, 1933.97
2189.12, 1934.39
2189.19, 1934.82
2189.27, 1935.24
2189.34, 1935.66
2189.42, 1936.09
2189.49, 1936.51
2189.57, 1936.93
2189.64, 1937.36
2189.72, 1937.78
2189.8, 1938.21
2189.87, 1938.63
2189.95, 1939.06
2190.02, 1939.48
2190.1, 1939.9
2190.17, 1940.33
2190.25, 1940.75
2190.32, 1941.18
2190.4, 1941.6
2190.48, 1942.02
2190.55, 1942.45
2190.63, 1942.87
2190.7, 1943.3
2190.78, 1943.72
2190.85, 1944.14
2190.93, 1944.57
2191, 1944.99
2191.08, 1945.41
2191.16, 1945.84
2191.23, 1946.26
2191.31, 1946.69
2191.38, 1947.11
2191.46, 1947.53
2191.53, 1947.96
2191.61, 1948.38
2191.68, 1948.81
2191.76, 1949.23
2191.83, 1949.65
2191.9, 1950
2191.99, 1950.42
2192.09, 1950.84
2192.18, 1951.27
2192.27, 1951.69
2192.36, 1952.11
2192.45, 1952.53
2192.54, 1952.95
2192.63, 1953.37
2192.72, 1953.79
2192.81, 1954.21
2192.91, 1954.63
2193, 1955.05
2193.09, 1955.47
2193.18, 1955.89
2193.27, 1956.31
2193.36, 1956.73
2193.45, 1957.16

waypoints
x, y
2188.74, 1932.27
2188.82, 1932.69
2188.89, 1933.12
2188.97, 1933.54
2189.04, 1933.97
2189.12, 1934.39
2189.19, 1934.82
2189.27, 1935.24
2189.34, 1935.66
2189.42, 1936.09
2189.49, 1936.51
2189.57, 1936.93
2189.64, 1937.36
2189.72, 1937.78
2189.8, 1938.21
2189.87, 1938.63
2189.95, 1939.06
2190.02, 1939.48
2190.1, 1939.9
2190.17, 1940.33
2190.25, 1940.75
2190.32, 1941.18
2190.4, 1941.6
2190.48, 1942.02
2190.55, 1942.45
2190.63, 1942.87
2190.7, 1943.3
2190.78, 1943.72
2190.85, 1944.14
2190.93, 1944.57
2191, 1944.99
2191.08, 1945.41
2191.16, 1945.84
2191.23, 1946.26
2191.31, 1946.69
2191.38, 1947.11
2191.46, 1947.53
2191.53, 1947.96
2191.61, 1948.38
2191.68, 1948.81
2191.76, 1949.23
2191.83, 1949.65
2191.9, 1950
2191.99, 1950.42
2192.09, 1950.84
2192.18, 1951.27
2192.27, 1951.69
2192.36, 1952.11
2192.45, 1952.53
2192.54, 1952.95
2192.63, 1953.37
2192.72, 1953.79
2192.81, 1954.21
2192.91, 1954.63
2193, 1955.05
2193.09, 1955.47
2193.18, 1955.89
2193.27, 1956.31
2193.36, 1956.73
2193.45, 1957.16

waypoints
x, y
2189.04, 1933.97
2189.12, 1934.39
2189.19, 1934.82
2189.27, 1935.24
2189.34, 1935.66
2189.42, 1936.09
2189.49, 1936.51
2189.57, 1936.93
2189.64, 1937.36
2189.72, 1937.78
2189.8, 1938.21
2189.87, 1938.63
2189.95, 1939.06
2190.02, 1939.48
2190.1, 1939.9
2190.17, 1940.33
2190.25, 1940.75
2190.32, 1941.18
2190.4, 1941.6
2190.48, 1942.02
2190.55, 1942.45
2190.63, 1942.87
2190.7, 1943.3
2190.78, 1943.72
2190.85, 1944.14
2190.93, 1944.57
2191, 1944.99
2191.08, 1945.41
2191.16, 1945.84
2191.23, 1946.26
2191.31, 1946.69
2191.38, 1947.11
2191.46, 1947.53
2191.53, 1947.96
2191.61, 1948.38
2191.68, 1948.81
2191.76, 1949.23
2191.83, 1949.65
2191.9, 1950
2191.99, 1950.42
2192.09, 1950.84
2192.18, 1951.27
2192.27, 1951.69
2192.36, 1952.11
2192.45, 1952.53
2192.54, 1952.95
2192.63, 1953.37
2192.72, 1953.79
2192.81, 1954.21
2192.91, 1954.63
2193, 1955.05
2193.09, 1955.47
2193.18, 1955.89
2193.27, 1956.31
2193.36, 1956.73
2193.45, 1957.16

waypoints
x, y
2189.34, 1935.66
2189.42, 1936.09
2189.49, 1936.51
2189.57, 1936.93
2189.64, 1937.36
2189.72, 1937.78
2189.8, 1938.21
2189.87, 1938.63
2189.95, 1939.06
2190.02, 1939.48
2190.1, 1939.9
2190.17, 1940.33
2190.25, 1940.75
2190.32, 1941.18
2190.4, 1941.6
2190.48, 1942.02
2190.55, 1942.45
2190.63, 1942.87
2190.7, 1943.3
2190.78, 1943.72
2190.85, 1944.14
2190.93, 1944.57
2191, 1944.99
2191.08, 1945.41
2191.16, 1945.84
2191.23, 1946.26
2191.31, 1946.69
2191.38, 1947.11
2191.46, 1947.53
2191.53, 1947.96
2191.61, 1948.38
2191.68, 1948.81
2191.76, 1949.23
2191.83, 1949.65
2191.9, 1950
2191.99, 1950.42
2192.09, 1950.84
2192.18, 1951.27
2192.27, 1951.69
2192.36, 1952.11
2192.45, 1952.53
2192.54, 1952.95
2192.63, 1953.37
2192.72, 1953.79
2192.81, 1954.21
2192.91, 1954.63
2193, 1955.05
2193.09, 1955.47
2193.18, 1955.89
2193.27, 1956.31
2193.36, 1956.73
2193.45, 1957.16

waypoints
x, y
2189.64, 1937.36
2189.72, 1937.78
2189.8, 1938.21
2189.87, 1938.63
2189.95, 1939.06
2190.02, 1939.48
2190.1, 1939.9
2190.17, 1940.33
2190.25, 1940.75
2190.32, 1941.18
2190.4, 1941.6
2190.48, 1942.02
2190.55, 1942.45
2190.63, 1942.87
2190.7, 1943.3
2190.78, 1943.72
2190.85, 1944.14
2190.93, 1944.57
2191, 1944.99
2191.08, 1945.41
2191.16, 1945.84
2191.23, 1946.26
2191.31, 1946.69
2191.38, 1947.11
2191.46, 1947.53
2191.53, 1947.96
2191.61, 1948.38
2191.68, 1948.81
2191.76, 1949.23
2191.83, 1949.65
2191.9, 1950
2191.99, 1950.42
2192.09, 1950.84
2192.18, 1951.27
2192.27, 1951.69
2192.36, 1952.11
2192.45, 1952.53
2192.54, 1952.95
2192.63, 1953.37
2192.72, 1953.79
2192.81, 1954.21
2192.91, 1954.63
2193, 1955.05
2193.09, 1955.47
2193.18, 1955.89
2193.27, 1956.31
2193.36, 1956.73
2193.45, 1957.16
2193.54, 1957.58
2193.63, 1958
2193.73, 1958.42
2193.82, 1958.84
2193.91, 1959.26
2194, 1959.68
2194.09, 1960.1
2194.18, 1960.52
2194.27, 1960.95
2194.36, 1961.37
2194.45, 1961.79
2194.55, 1962.21
2194.64, 1962.63
2194.73, 1963.05
2194.82, 1963.47
2194.91, 1963.89
2195, 1964.31
2195.09, 1964.73
2195.18, 1965.15
2195.27, 1965.57
2195.37, 1966
2195.46, 1966.42
2195.55, 1966.84
2195.64, 1967.26
2195.73, 1967.68
2195.82, 1968.1
2195.91, 1968.52
2196, 1968.94
2196.09, 1969.36
2196.19, 1969.78
2196.28, 1970.2
2196.37, 1970.62
2196.46, 1971.04
2196.55, 1971.46
2196.64, 1971.89
2196.73, 1972.31
2196.82, 1972.73
2196.91, 1973.15
2197.01, 1973.57
2197.1, 1973.99
2197.19, 1974.41
2197.28, 1974.83
2197.37, 1975.25
2197.46, 1975.67
2197.55, 1976.09
2197.64, 1976.51
2197.73, 1976.93
2197.83, 1977.36
2197.92, 1977.78

waypoints
x, y
2189.95, 1939.06
2190.02, 1939.48
2190.1, 1939.9
2190.17, 1940.33
2190.25, 1940.75
2190.32, 1941.18
2190.4, 1941.6
2190.48, 1942.02
2190.55, 1942.45
2190.63, 1942.87
2190.7, 1943.3
2190.78, 1943.72
2190.85, 1944.14
2190.93, 1944.57
2191, 1944.99
2191.08, 1945.41
2191.16, 1945.84
2191.23, 1946.26
2191.31, 1946.69
2191.38, 1947.11
2191.46, 1947.53
2191.53, 1947.96
2191.61, 1948.38
2191.68, 1948.81
2191.76, 1949.23
2191.83, 1949.65
2191.9, 1950
2191.99, 1950.42
2192.09, 1950.84
2192.18, 1951.27
2192.27, 1951.69
2192.36, 1952.11
2192.45, 1952.53
2192.54, 1952.95
2192.63, 1953.37
2192.72, 1953.79
2192.81, 1954.21
2192.91, 1954.63
2193, 1955.05
2193.09, 1955.47
2193.18, 1955.89
2193.27, 1956.31
2193.36, 1956.73
2193.45, 1957.16
2193.54, 1957.58
2193.63, 1958
2193.72, 1958.42
2193.82, 1958.84
2193.91, 1959.26
2194, 1959.68
2194.09, 1960.1
2194.18, 1960.52
2194.27, 1960.94
2194.36, 1961.37
2194.45, 1961.79
2194.55, 1962.21
2194.64, 1962.63
2194.73, 1963.05
2194.82, 1963.47
2194.91, 1963.89
2195, 1964.31
2195.09, 1964.73
2195.18, 1965.15
2195.28, 1965.58
2195.37, 1965.99
2195.46, 1966.42
2195.55, 1966.84
2195.64, 1967.26
2195.73, 1967.68
2195.82, 1968.1
2195.91, 1968.52
2196, 1968.94
2196.09, 1969.36
2196.19, 1969.78
2196.28, 1970.2
2196.37, 1970.62
2196.46, 1971.04
2196.55, 1971.46
2196.64, 1971.88
2196.73, 1972.31
2196.82, 1972.73
2196.91, 1973.15
2197.01, 1973.57
2197.1, 1973.99
2197.19, 1974.41
2197.28, 1974.83
2197.37, 1975.25
2197.46, 1975.67
2197.55, 1976.09
2197.64, 1976.51
2197.73, 1976.93
2197.82, 1977.36
2197.92, 1977.78

waypoints
x, y
2190.25, 1940.75
2190.32, 1941.18
2190.4, 1941.6
2190.48, 1942.02
2190.55, 1942.45
2190.63, 1942.87
2190.7, 1943.3
2190.78, 1943.72
2190.85, 1944.14
2190.93, 1944.57
2191, 1944.99
2191.08, 1945.41
2191.16, 1945.84
2191.23, 1946.26
2191.31, 1946.69
2191.38, 1947.11
2191.46, 1947.53
2191.53, 1947.96
2191.61, 1948.38
2191.68, 1948.81
2191.76, 1949.23
2191.83, 1949.65
2191.9, 1950
2191.99, 1950.42
2192.09, 1950.84
2192.18, 1951.27
2192.27, 1951.69
2192.36, 1952.11
2192.45, 1952.53
2192.54, 1952.95
2192.63, 1953.37
2192.72, 1953.79
2192.81, 1954.21
2192.91, 1954.63
2193, 1955.05
2193.09, 1955.47
2193.18, 1955.89
2193.27, 1956.31
2193.36, 1956.73
2193.45, 1957.16
2193.54, 1957.58
2193.63, 1958
2193.72, 1958.42
2193.82, 1958.84
2193.91, 1959.26
2194, 1959.68
2194.09, 1960.1
2194.18, 1960.52
2194.27, 1960.94
2194.36, 1961.37
2194.45, 1961.79
2194.55, 1962.21
2194.64, 1962.63
2194.73, 1963.05
2194.82, 1963.47
2194.91, 1963.89
2195, 1964.31
2195.09, 1964.73
2195.18, 1965.15
2195.28, 1965.58
2195.37, 1965.99
2195.46, 1966.42
2195.55, 1966.84
2195.64, 1967.26
2195.73, 1967.68
2195.82, 1968.1
2195.91, 1968.52
2196, 1968.94
2196.09, 1969.36
2196.19, 1969.78
2196.28, 1970.2
2196.37, 1970.62
2196.46, 1971.04
2196.55, 1971.46
2196.64, 1971.88
2196.73, 1972.31
2196.82, 1972.73
2196.91, 1973.15
2197.01, 1973.57
2197.1, 1973.99
2197.19, 1974.41
2197.28, 1974.83
2197.37, 1975.25
2197.46, 1975.67
2197.55, 1976.09
2197.64, 1976.51
2197.73, 1976.93
2197.82, 1977.36
2197.92, 1977.78

waypoints
x, y
2190.55, 1942.45
2190.63, 1942.87
2190.7, 1943.3
2190.78, 1943.72
2190.85, 1944.14
2190.93, 1944.57
2191, 1944.99
2191.08, 1945.41
2191.16, 1945.84
2191.23, 1946.26
2191.31, 1946.69
2191.38, 1947.11
2191.46, 1947.53
2191.53, 1947.96
2191.61, 1948.38
2191.68, 1948.81
2191.76, 1949.23
2191.83, 1949.65
2191.9, 1950
2191.99, 1950.42
2192.09, 1950.84
2192.18, 1951.27
2192.27, 1951.69
2192.36, 1952.11
2192.45, 1952.53
2192.54, 1952.95
2192.63, 1953.37
2192.72, 1953.79
2192.81, 1954.21
2192.91, 1954.63
2193, 1955.05
2193.09, 1955.47
2193.18, 1955.89
2193.27, 1956.31
2193.36, 1956.73
2193.45, 1957.16
2193.54, 1957.58
2193.63, 1958
2193.72, 1958.42
2193.82, 1958.84
2193.91, 1959.26
2194, 1959.68
2194.09, 1960.1
2194.18, 1960.52
2194.27, 1960.94
2194.36, 1961.37
2194.45, 1961.79
2194.55, 1962.21
2194.64, 1962.63
2194.73, 1963.05
2194.82, 1963.47
2194.91, 1963.89
2195, 1964.31
2195.09, 1964.73
2195.18, 1965.15
2195.28, 1965.58
2195.37, 1965.99
2195.46, 1966.42
2195.55, 1966.84
2195.64, 1967.26
2195.73, 1967.68
2195.82, 1968.1
2195.91, 1968.52
2196, 1968.94
2196.09, 1969.36
2196.19, 1969.78
2196.28, 1970.2
2196.37, 1970.62
2196.46, 1971.04
2196.55, 1971.46
2196.64, 1971.88
2196.73, 1972.31
2196.82, 1972.73
2196.91, 1973.15
2197.01, 1973.57
2197.1, 1973.99
2197.19, 1974.41
2197.28, 1974.83
2197.37, 1975.25
2197.46, 1975.67
2197.55, 1976.09
2197.64, 1976.51
2197.73, 1976.93
2197.82, 1977.36
2197.92, 1977.78

waypoints
x, y
2190.85, 1944.14
2190.93, 1944.57
2191, 1944.99
2191.08, 1945.41
2191.16, 1945.84
2191.23, 1946.26
2191.31, 1946.69
2191.38, 1947.11
2191.46, 1947.53
2191.53, 1947.96
2191.61, 1948.38
2191.68, 1948.81
2191.76, 1949.23
2191.83, 1949.65
2191.9, 1950
2191.99, 1950.42
2192.09, 1950.84
2192.18, 1951.27
2192.27, 1951.69
2192.36, 1952.11
2192.45, 1952.53
2192.54, 1952.95
2192.63, 1953.37
2192.72, 1953.79
2192.81, 1954.21
2192.91, 1954.63
2193, 1955.05
2193.09, 1955.47
2193.18, 1955.89
2193.27, 1956.31
2193.36, 1956.73
2193.45, 1957.16
2193.54, 1957.58
2193.63, 1958
2193.72, 1958.42
2193.82, 1958.84
2193.91, 1959.26
2194, 1959.68
2194.09, 1960.1
2194.18, 1960.52
2194.27, 1960.94
2194.36, 1961.37
2194.45, 1961.79
2194.55, 1962.21
2194.64, 1962.63
2194.73, 1963.05
2194.82, 1963.47
2194.91, 1963.89
2195, 1964.31
2195.09, 1964.73
2195.18, 1965.15
2195.28, 1965.58
2195.37, 1965.99
2195.46, 1966.42
2195.55, 1966.84
2195.64, 1967.26
2195.73, 1967.68
2195.82, 1968.1
2195.91, 1968.52
2196, 1968.94
2196.09, 1969.36
2196.19, 1969.78
2196.28, 1970.2
2196.37, 1970.62
2196.46, 1971.04
2196.55, 1971.46
2196.64, 1971.88
2196.73, 1972.31
2196.82, 1972.73
2196.91, 1973.15
2197.01, 1973.57
2197.1, 1973.99
2197.19, 1974.41
2197.28, 1974.83
2197.37, 1975.25
2197.46, 1975.67
2197.55, 1976.09
2197.64, 1976.51
2197.73, 1976.93
2197.82, 1977.36
2197.92, 1977.78

waypoints
x, y
2191.16, 1945.84
2191.23, 1946.26
2191.31, 1946.69
2191.38, 1947.11
2191.46, 1947.53
2191.53, 1947.96
2191.61, 1948.38
2191.68, 1948.81
2191.76, 1949.23
2191.83, 1949.65
2191.9, 1950
2191.99, 1950.42
2192.09, 1950.84
2192.18, 1951.27
2192.27, 1951.69
2192.36, 1952.11
2192.45, 1952.53
2192.54, 1952.95
2192.63, 1953.37
2192.72, 1953.79
2192.81, 1954.21
2192.91, 1954.63
2193, 1955.05
2193.09, 1955.47
2193.18, 1955.89
2193.27, 1956.31
2193.36, 1956.73
2193.45, 1957.16
2193.54, 1957.58
2193.63, 1958
2193.72, 1958.42
2193.82, 1958.84
2193.91, 1959.26
2194, 1959.68
2194.09, 1960.1
2194.18, 1960.52
2194.27, 1960.94
2194.36, 1961.37
2194.45, 1961.79
2194.55, 1962.21
2194.64, 1962.63
2194.73, 1963.05
2194.82, 1963.47
2194.91, 1963.89
2195, 1964.31
2195.09, 1964.73
2195.18, 1965.15
2195.28, 1965.58
2195.37, 1965.99
2195.46, 1966.42
2195.55, 1966.84
2195.64, 1967.26
2195.73, 1967.68
2195.82, 1968.1
2195.91, 1968.52
2196, 1968.94
2196.09, 1969.36
2196.19, 1969.78
2196.28, 1970.2
2196.37, 1970.62
2196.46, 1971.04
2196.55, 1971.46
2196.64, 1971.88
2196.73, 1972.31
2196.82, 1972.73
2196.91, 1973.15
2197.01, 1973.57
2197.1, 1973.99
2197.19, 1974.41
2197.28, 1974.83
2197.37, 1975.25
2197.46, 1975.67
2197.55, 1976.09
2197.64, 1976.51
2197.73, 1976.93
2197.82, 1977.36
2197.92, 1977.78

waypoints
x, y
2191.46, 1947.53
2191.53, 1947.96
2191.61, 1948.38
2191.68, 1948.81
2191.76, 1949.23
2191.83, 1949.65
2191.9, 1950
2191.99, 1950.42
2192.09, 1950.84
2192.18, 1951.27
2192.27, 1951.69
2192.36, 1952.11
2192.45, 1952.53
2192.54, 1952.95
2192.63, 1953.37
2192.72, 1953.79
2192.81, 1954.21
2192.91, 1954.63
2193, 1955.05
2193.09, 1955.47
2193.18, 1955.89
2193.27, 1956.31
2193.36, 1956.73
2193.45, 1957.16
2193.54, 1957.58
2193.63, 1958
2193.72, 1958.42
2193.82, 1958.84
2193.91, 1959.26
2194, 1959.68
2194.09, 1960.1
2194.18, 1960.52
2194.27, 1960.94
2194.36, 1961.37
2194.45, 1961.79
2194.55, 1962.21
2194.64, 1962.63
2194.73, 1963.05
2194.82, 1963.47
2194.91, 1963.89
2195, 1964.31
2195.09, 1964.73
2195.18, 1965.15
2195.28, 1965.58
2195.37, 1965.99
2195.46, 1966.42
2195.55, 1966.84
2195.64, 1967.26
2195.73, 1967.68
2195.82, 1968.1
2195.91, 1968.52
2196, 1968.94
2196.09, 1969.36
2196.19, 1969.78
2196.28, 1970.2
2196.37, 1970.62
2196.46, 1971.04
2196.55, 1971.46
2196.64, 1971.88
2196.73, 1972.31
2196.82, 1972.73
2196.91, 1973.15
2197.01, 1973.57
2197.1, 1973.99
2197.19, 1974.41
2197.28, 1974.83
2197.37, 1975.25
2197.46, 1975.67
2197.55, 1976.09
2197.64, 1976.51
2197.73, 1976.93
2197.82, 1977.36
2197.92, 1977.78

waypoints
x, y
2191.76, 1949.23
2191.83, 1949.65
2191.9, 1950
2191.99, 1950.42
2192.09, 1950.84
2192.18, 1951.27
2192.27, 1951.69
2192.36, 1952.11
2192.45, 1952.53
2192.54, 1952.95
2192.63, 1953.37
2192.72, 1953.79
2192.81, 1954.21
2192.91, 1954.63
2193, 1955.05
2193.09, 1955.47
2193.18, 1955.89
2193.27, 1956.31
2193.36, 1956.73
2193.45, 1957.16
2193.54, 1957.58
2193.63, 1958
2193.72, 1958.42
2193.82, 1958.84
2193.91, 1959.26
2194, 1959.68
2194.09, 1960.1
2194.18, 1960.52
2194.27, 1960.94
2194.36, 1961.37
2194.45, 1961.79
2194.55, 1962.21
2194.64, 1962.63
2194.73, 1963.05
2194.82, 1963.47
2194.91, 1963.89
2195, 1964.31
2195.09, 1964.73
2195.18, 1965.15
2195.28, 1965.58
2195.37, 1965.99
2195.46, 1966.42
2195.55, 1966.84
2195.64, 1967.26
2195.73, 1967.68
2195.82, 1968.1
2195.91, 1968.52
2196, 1968.94
2196.09, 1969.36
2196.19, 1969.78
2196.28, 1970.2
2196.37, 1970.62
2196.46, 1971.04
2196.55, 1971.46
2196.64, 1971.88
2196.73, 1972.31
2196.82, 1972.73
2196.91, 1973.15
2197.01, 1973.57
2197.1, 1973.99
2197.19, 1974.41
2197.28, 1974.83
2197.37, 1975.25
2197.46, 1975.67
2197.55, 1976.09
2197.64, 1976.51
2197.73, 1976.93
2197.82, 1977.36
2197.92, 1977.78

waypoints
x, y
2192.09, 1950.84
2192.18, 1951.27
2192.27, 1951.69
2192.36, 1952.11
2192.45, 1952.53
2192.54, 1952.95
2192.63, 1953.37
2192.72, 1953.79
2192.81, 1954.21
2192.91, 1954.63
2193, 1955.05
2193.09, 1955.47
2193.18, 1955.89
2193.27, 1956.31
2193.36, 1956.73
2193.45, 1957.16
2193.54, 1957.58
2193.63, 1958
2193.72, 1958.42
2193.82, 1958.84
2193.91, 1959.26
2194, 1959.68
2194.09, 1960.1
2194.18, 1960.52
2194.27, 1960.94
2194.36, 1961.37
2194.45, 1961.79
2194.55, 1962.21
2194.64, 1962.63
2194.73, 1963.05
2194.82, 1963.47
2194.91, 1963.89
2195, 1964.31
2195.09, 1964.73
2195.18, 1965.15
2195.28, 1965.58
2195.37, 1965.99
2195.46, 1966.42
2195.55, 1966.84
2195.64, 1967.26
2195.73, 1967.68
2195.82, 1968.1
2195.91, 1968.52
2196, 1968.94
2196.09, 1969.36
2196.19, 1969.78
2196.28, 1970.2
2196.37, 1970.62
2196.46, 1971.04
2196.55, 1971.46
2196.64, 1971.88
2196.73, 1972.31
2196.82, 1972.73
2196.91, 1973.15
2197.01, 1973.57
2197.1, 1973.99
2197.19, 1974.41
2197.28, 1974.83
2197.37, 1975.25
2197.46, 1975.67
2197.55, 1976.09
2197.64, 1976.51
2197.73, 1976.93
2197.82, 1977.36
2197.92, 1977.78

waypoints
x, y
2192.45, 1952.53
2192.54, 1952.95
2192.63, 1953.37
2192.72, 1953.79
2192.81, 1954.21
2192.91, 1954.63
2193, 1955.05
2193.09, 1955.47
2193.18, 1955.89
2193.27, 1956.31
2193.36, 1956.73
2193.45, 1957.16
2193.54, 1957.58
2193.63, 1958
2193.72, 1958.42
2193.82, 1958.84
2193.91, 1959.26
2194, 1959.68
2194.09, 1960.1
2194.18, 1960.52
2194.27, 1960.94
2194.36, 1961.37
2194.45, 1961.79
2194.55, 1962.21
2194.64, 1962.63
2194.73, 1963.05
2194.82, 1963.47
2194.91, 1963.89
2195, 1964.31
2195.09, 1964.73
2195.18, 1965.15
2195.28, 1965.58
2195.37, 1965.99
2195.46, 1966.42
2195.55, 1966.84
2195.64, 1967.26
2195.73, 1967.68
2195.82, 1968.1
2195.91, 1968.52
2196, 1968.94
2196.09, 1969.36
2196.19, 1969.78
2196.28, 1970.2
2196.37, 1970.62
2196.46, 1971.04
2196.55, 1971.46
2196.64, 1971.88
2196.73, 1972.31
2196.82, 1972.73
2196.91, 1973.15
2197.01, 1973.57
2197.1, 1973.99
2197.19, 1974.41
2197.28, 1974.83
2197.37, 1975.25
2197.46, 1975.67
2197.55, 1976.09
2197.64, 1976.51
2197.73, 1976.93
2197.82, 1977.36
2197.92, 1977.78

waypoints
x, y
2192.81, 1954.21
2192.91, 1954.63
2193, 1955.05
2193.09, 1955.47
2193.18, 1955.89
2193.27, 1956.31
2193.36, 1956.73
2193.45, 1957.16
2193.54, 1957.58
2193.63, 1958
2193.72, 1958.42
2193.82, 1958.84
2193.91, 1959.26
2194, 1959.68
2194.09, 1960.1
2194.18, 1960.52
2194.27, 1960.94
2194.36, 1961.37
2194.45, 1961.79
2194.55, 1962.21
2194.64, 1962.63
2194.73, 1963.05
2194.82, 1963.47
2194.91, 1963.89
2195, 1964.31
2195.09, 1964.73
2195.18, 1965.15
2195.28, 1965.58
2195.37, 1965.99
2195.46, 1966.42
2195.55, 1966.84
2195.64, 1967.26
2195.73, 1967.68
2195.82, 1968.1
2195.91, 1968.52
2196, 1968.94
2196.09, 1969.36
2196.19, 1969.78
2196.28, 1970.2
2196.37, 1970.62
2196.46, 1971.04
2196.55, 1971.46
2196.64, 1971.88
2196.73, 1972.31
2196.82, 1972.73
2196.91, 1973.15
2197.01, 1973.57
2197.1, 1973.99
2197.19, 1974.41
2197.28, 1974.83
2197.37, 1975.25
2197.46, 1975.67
2197.55, 1976.09
2197.64, 1976.51
2197.73, 1976.93
2197.82, 1977.36
2197.92, 1977.78

waypoints
x, y
2193.18, 1955.89
2193.27, 1956.31
2193.36, 1956.73
2193.45, 1957.16
2193.54, 1957.58
2193.63, 1958
2193.72, 1958.42
2193.82, 1958.84
2193.91, 1959.26
2194, 1959.68
2194.09, 1960.1
2194.18, 1960.52
2194.27, 1960.94
2194.36, 1961.37
2194.45, 1961.79
2194.55, 1962.21
2194.64, 1962.63
2194.73, 1963.05
2194.82, 1963.47
2194.91, 1963.89
2195, 1964.31
2195.09, 1964.73
2195.18, 1965.15
2195.28, 1965.58
2195.37, 1965.99
2195.46, 1966.42
2195.55, 1966.84
2195.64, 1967.26
2195.73, 1967.68
2195.82, 1968.1
2195.91, 1968.52
2196, 1968.94
2196.09, 1969.36
2196.19, 1969.78
2196.28, 1970.2
2196.37, 1970.62
2196.46, 1971.04
2196.55, 1971.46
2196.64, 1971.88
2196.73, 1972.31
2196.82, 1972.73
2196.91, 1973.15
2197.01, 1973.57
2197.1, 1973.99
2197.19, 1974.41
2197.28, 1974.83
2197.37, 1975.25
2197.46, 1975.67
2197.55, 1976.09
2197.64, 1976.51
2197.73, 1976.93
2197.82, 1977.36
2197.92, 1977.78

waypoints
x, y
2193.45, 1957.16
2193.54, 1957.58
2193.63, 1958
2193.72, 1958.42
2193.82, 1958.84
2193.91, 1959.26
2194, 1959.68
2194.09, 1960.1
2194.18, 1960.52
2194.27, 1960.94
2194.36, 1961.37
2194.45, 1961.79
2194.55, 1962.21
2194.64, 1962.63
2194.73, 1963.05
2194.82, 1963.47
2194.91, 1963.89
2195, 1964.31
2195.09, 1964.73
2195.18, 1965.15
2195.28, 1965.58
2195.37, 1965.99
2195.46, 1966.42
2195.55, 1966.84
2195.64, 1967.26
2195.73, 1967.68
2195.82, 1968.1
2195.91, 1968.52
2196, 1968.94
2196.09, 1969.36
2196.19, 1969.78
2196.28, 1970.2
2196.37, 1970.62
2196.46, 1971.04
2196.55, 1971.46
2196.64, 1971.88
2196.73, 1972.31
2196.82, 1972.73
2196.91, 1973.15
2197.01, 1973.57
2197.1, 1973.99
2197.19, 1974.41
2197.28, 1974.83
2197.37, 1975.25
2197.46, 1975.67
2197.55, 1976.09
2197.64, 1976.51
2197.73, 1976.93
2197.82, 1977.36
2197.92, 1977.78

waypoints
x, y
2193.82, 1958.84
2193.91, 1959.26
2194, 1959.68
2194.09, 1960.1
2194.18, 1960.52
2194.27, 1960.94
2194.36, 1961.37
2194.45, 1961.79
2194.55, 1962.21
2194.64, 1962.63
2194.73, 1963.05
2194.82, 1963.47
2194.91, 1963.89
2195, 1964.31
2195.09, 1964.73
2195.18, 1965.15
2195.28, 1965.58
2195.37, 1965.99
2195.46, 1966.42
2195.55, 1966.84
2195.64, 1967.26
2195.73, 1967.68
2195.82, 1968.1
2195.91, 1968.52
2196, 1968.94
2196.09, 1969.36
2196.19, 1969.78
2196.28, 1970.2
2196.37, 1970.62
2196.46, 1971.04
2196.55, 1971.46
2196.64, 1971.88
2196.73, 1972.31
2196.82, 1972.73
2196.91, 1973.15
2197.01, 1973.57
2197.1, 1973.99
2197.19, 1974.41
2197.28, 1974.83
2197.37, 1975.25
2197.46, 1975.67
2197.55, 1976.09
2197.64, 1976.51
2197.73, 1976.93
2197.82, 1977.36
2197.92, 1977.78
2198.01, 1978.2
2198.1, 1978.62
2198.2, 1979.1
2198.28, 1979.52
2198.35, 1979.95
2198.43, 1980.37
2198.51, 1980.79
2198.59, 1981.22
2198.67, 1981.64
2198.74, 1982.06
2198.82, 1982.49
2198.9, 1982.91
2198.98, 1983.33
2199.06, 1983.76
2199.13, 1984.18
2199.21, 1984.6
2199.29, 1985.03
2199.37, 1985.45
2199.45, 1985.88
2199.52, 1986.3
2199.6, 1986.72
2199.68, 1987.15
2199.76, 1987.57
2199.84, 1987.99
2199.92, 1988.42
2199.99, 1988.84
2200.07, 1989.26
2200.15, 1989.69
2200.23, 1990.11
2200.31, 1990.53
2200.38, 1990.96
2200.46, 1991.38
2200.54, 1991.8
2200.62, 1992.23
2200.7, 1992.65
2200.77, 1993.07
2200.85, 1993.5
2200.93, 1993.92
2201.01, 1994.34
2201.09, 1994.77
2201.16, 1995.19
2201.24, 1995.61
2201.32, 1996.04
2201.4, 1996.46
2201.48, 1996.88
2201.55, 1997.31
2201.63, 1997.73
2201.71, 1998.15
2201.79, 1998.58

waypoints
x, y
2194.09, 1960.1
2194.18, 1960.52
2194.27, 1960.94
2194.36, 1961.37
2194.45, 1961.79
2194.55, 1962.21
2194.64, 1962.63
2194.73, 1963.05
2194.82, 1963.47
2194.91, 1963.89
2195, 1964.31
2195.09, 1964.73
2195.18, 1965.15
2195.28, 1965.58
2195.37, 1965.99
2195.46, 1966.42
2195.55, 1966.84
2195.64, 1967.26
2195.73, 1967.68
2195.82, 1968.1
2195.91, 1968.52
2196, 1968.94
2196.09, 1969.36
2196.19, 1969.78
2196.28, 1970.2
2196.37, 1970.62
2196.46, 1971.04
2196.55, 1971.46
2196.64, 1971.88
2196.73, 1972.31
2196.82, 1972.73
2196.91, 1973.15
2197.01, 1973.57
2197.1, 1973.99
2197.19, 1974.41
2197.28, 1974.83
2197.37, 1975.25
2197.46, 1975.67
2197.55, 1976.09
2197.64, 1976.51
2197.73, 1976.93
2197.82, 1977.36
2197.92, 1977.78
2198.01, 1978.2
2198.1, 1978.62
2198.2, 1979.1
2198.28, 1979.52
2198.35, 1979.95
2198.43, 1980.37
2198.51, 1980.79
2198.59, 1981.22
2198.67, 1981.64
2198.74, 1982.06
2198.82, 1982.49
2198.9, 1982.91
2198.98, 1983.33
2199.06, 1983.76
2199.14, 1984.18
2199.21, 1984.61
2199.29, 1985.03
2199.37, 1985.45
2199.45, 1985.88
2199.53, 1986.3
2199.6, 1986.72
2199.68, 1987.14
2199.76, 1987.57
2199.84, 1987.99
2199.91, 1988.42
2199.99, 1988.84
2200.07, 1989.26
2200.15, 1989.69
2200.23, 1990.11
2200.31, 1990.53
2200.38, 1990.96
2200.46, 1991.38
2200.54, 1991.8
2200.62, 1992.23
2200.7, 1992.65
2200.77, 1993.07
2200.85, 1993.5
2200.93, 1993.92
2201.01, 1994.34
2201.09, 1994.77
2201.16, 1995.19
2201.24, 1995.61
2201.32, 1996.04
2201.4, 1996.46
2201.48, 1996.88
2201.55, 1997.31
2201.63, 1997.73
2201.71, 1998.15
2201.79, 1998.58

waypoints
x, y
2194.55, 1962.21
2194.64, 1962.63
2194.73, 1963.05
2194.82, 1963.47
2194.91, 1963.89
2195, 1964.31
2195.09, 1964.73
2195.18, 1965.15
2195.28, 1965.58
2195.37, 1965.99
2195.46, 1966.42
2195.55, 1966.84
2195.64, 1967.26
2195.73, 1967.68
2195.82, 1968.1
2195.91, 1968.52
2196, 1968.94
2196.09, 1969.36
2196.19, 1969.78
2196.28, 1970.2
2196.37, 1970.62
2196.46, 1971.04
2196.55, 1971.46
2196.64, 1971.88
2196.73, 1972.31
2196.82, 1972.73
2196.91, 1973.15
2197.01, 1973.57
2197.1, 1973.99
2197.19, 1974.41
2197.28, 1974.83
2197.37, 1975.25
2197.46, 1975.67
2197.55, 1976.09
2197.64, 1976.51
2197.73, 1976.93
2197.82, 1977.36
2197.92, 1977.78
2198.01, 1978.2
2198.1, 1978.62
2198.2, 1979.1
2198.28, 1979.52
2198.35, 1979.95
2198.43, 1980.37
2198.51, 1980.79
2198.59, 1981.22
2198.67, 1981.64
2198.74, 1982.06
2198.82, 1982.49
2198.9, 1982.91
2198.98, 1983.33
2199.06, 1983.76
2199.14, 1984.18
2199.21, 1984.61
2199.29, 1985.03
2199.37, 1985.45
2199.45, 1985.88
2199.53, 1986.3
2199.6, 1986.72
2199.68, 1987.14
2199.76, 1987.57
2199.84, 1987.99
2199.91, 1988.42
2199.99, 1988.84
2200.07, 1989.26
2200.15, 1989.69
2200.23, 1990.11
2200.31, 1990.53
2200.38, 1990.96
2200.46, 1991.38
2200.54, 1991.8
2200.62, 1992.23
2200.7, 1992.65
2200.77, 1993.07
2200.85, 1993.5
2200.93, 1993.92
2201.01, 1994.34
2201.09, 1994.77
2201.16, 1995.19
2201.24, 1995.61
2201.32, 1996.04
2201.4, 1996.46
2201.48, 1996.88
2201.55, 1997.31
2201.63, 1997.73
2201.71, 1998.15
2201.79, 1998.58

waypoints
x, y
2194.91, 1963.89
2195, 1964.31
2195.09, 1964.73
2195.18, 1965.15
2195.28, 1965.58
2195.37, 1965.99
2195.46, 1966.42
2195.55, 1966.84
2195.64, 1967.26
2195.73, 1967.68
2195.82, 1968.1
2195.91, 1968.52
2196, 1968.94
2196.09, 1969.36
2196.19, 1969.78
2196.28, 1970.2
2196.37, 1970.62
2196.46, 1971.04
2196.55, 1971.46
2196.64, 1971.88
2196.73, 1972.31
2196.82, 1972.73
2196.91, 1973.15
2197.01, 1973.57
2197.1, 1973.99
2197.19, 1974.41
2197.28, 1974.83
2197.37, 1975.25
2197.46, 1975.67
2197.55, 1976.09
2197.64, 1976.51
2197.73, 1976.93
2197.82, 1977.36
2197.92, 1977.78
2198.01, 1978.2
2198.1, 1978.62
2198.2, 1979.1
2198.28, 1979.52
2198.35, 1979.95
2198.43, 1980.37
2198.51, 1980.79
2198.59, 1981.22
2198.67, 1981.64
2198.74, 1982.06
2198.82, 1982.49
2198.9, 1982.91
2198.98, 1983.33
2199.06, 1983.76
2199.14, 1984.18
2199.21, 1984.61
2199.29, 1985.03
2199.37, 1985.45
2199.45, 1985.88
2199.53, 1986.3
2199.6, 1986.72
2199.68, 1987.14
2199.76, 1987.57
2199.84, 1987.99
2199.91, 1988.42
2199.99, 1988.84
2200.07, 1989.26
2200.15, 1989.69
2200.23, 1990.11
2200.31, 1990.53
2200.38, 1990.96
2200.46, 1991.38
2200.54, 1991.8
2200.62, 1992.23
2200.7, 1992.65
2200.77, 1993.07
2200.85, 1993.5
2200.93, 1993.92
2201.01, 1994.34
2201.09, 1994.77
2201.16, 1995.19
2201.24, 1995.61
2201.32, 1996.04
2201.4, 1996.46
2201.48, 1996.88
2201.55, 1997.31
2201.63, 1997.73
2201.71, 1998.15
2201.79, 1998.58

waypoints
x, y
2195.28, 1965.58
2195.37, 1965.99
2195.46, 1966.42
2195.55, 1966.84
2195.64, 1967.26
2195.73, 1967.68
2195.82, 1968.1
2195.91, 1968.52
2196, 1968.94
2196.09, 1969.36
2196.19, 1969.78
2196.28, 1970.2
2196.37, 1970.62
2196.46, 1971.04
2196.55, 1971.46
2196.64, 1971.88
2196.73, 1972.31
2196.82, 1972.73
2196.91, 1973.15
2197.01, 1973.57
2197.1, 1973.99
2197.19, 1974.41
2197.28, 1974.83
2197.37, 1975.25
2197.46, 1975.67
2197.55, 1976.09
2197.64, 1976.51
2197.73, 1976.93
2197.82, 1977.36
2197.92, 1977.78
2198.01, 1978.2
2198.1, 1978.62
2198.2, 1979.1
2198.28, 1979.52
2198.35, 1979.95
2198.43, 1980.37
2198.51, 1980.79
2198.59, 1981.22
2198.67, 1981.64
2198.74, 1982.06
2198.82, 1982.49
2198.9, 1982.91
2198.98, 1983.33
2199.06, 1983.76
2199.14, 1984.18
2199.21, 1984.61
2199.29, 1985.03
2199.37, 1985.45
2199.45, 1985.88
2199.53, 1986.3
2199.6, 1986.72
2199.68, 1987.14
2199.76, 1987.57
2199.84, 1987.99
2199.91, 1988.42
2199.99, 1988.84
2200.07, 1989.26
2200.15, 1989.69
2200.23, 1990.11
2200.31, 1990.53
2200.38, 1990.96
2200.46, 1991.38
2200.54, 1991.8
2200.62, 1992.23
2200.7, 1992.65
2200.77, 1993.07
2200.85, 1993.5
2200.93, 1993.92
2201.01, 1994.34
2201.09, 1994.77
2201.16, 1995.19
2201.24, 1995.61
2201.32, 1996.04
2201.4, 1996.46
2201.48, 1996.88
2201.55, 1997.31
2201.63, 1997.73
2201.71, 1998.15
2201.79, 1998.58

waypoints
x, y
2195.55, 1966.84
2195.64, 1967.26
2195.73, 1967.68
2195.82, 1968.1
2195.91, 1968.52
2196, 1968.94
2196.09, 1969.36
2196.19, 1969.78
2196.28, 1970.2
2196.37, 1970.62
2196.46, 1971.04
2196.55, 1971.46
2196.64, 1971.88
2196.73, 1972.31
2196.82, 1972.73
2196.91, 1973.15
2197.01, 1973.57
2197.1, 1973.99
2197.19, 1974.41
2197.28, 1974.83
2197.37, 1975.25
2197.46, 1975.67
2197.55, 1976.09
2197.64, 1976.51
2197.73, 1976.93
2197.82, 1977.36
2197.92, 1977.78
2198.01, 1978.2
2198.1, 1978.62
2198.2, 1979.1
2198.28, 1979.52
2198.35, 1979.95
2198.43, 1980.37
2198.51, 1980.79
2198.59, 1981.22
2198.67, 1981.64
2198.74, 1982.06
2198.82, 1982.49
2198.9, 1982.91
2198.98, 1983.33
2199.06, 1983.76
2199.14, 1984.18
2199.21, 1984.61
2199.29, 1985.03
2199.37, 1985.45
2199.45, 1985.88
2199.53, 1986.3
2199.6, 1986.72
2199.68, 1987.14
2199.76, 1987.57
2199.84, 1987.99
2199.91, 1988.42
2199.99, 1988.84
2200.07, 1989.26
2200.15, 1989.69
2200.23, 1990.11
2200.31, 1990.53
2200.38, 1990.96
2200.46, 1991.38
2200.54, 1991.8
2200.62, 1992.23
2200.7, 1992.65
2200.77, 1993.07
2200.85, 1993.5
2200.93, 1993.92
2201.01, 1994.34
2201.09, 1994.77
2201.16, 1995.19
2201.24, 1995.61
2201.32, 1996.04
2201.4, 1996.46
2201.48, 1996.88
2201.55, 1997.31
2201.63, 1997.73
2201.71, 1998.15
2201.79, 1998.58

waypoints
x, y
2195.91, 1968.52
2196, 1968.94
2196.09, 1969.36
2196.19, 1969.78
2196.28, 1970.2
2196.37, 1970.62
2196.46, 1971.04
2196.55, 1971.46
2196.64, 1971.88
2196.73, 1972.31
2196.82, 1972.73
2196.91, 1973.15
2197.01, 1973.57
2197.1, 1973.99
2197.19, 1974.41
2197.28, 1974.83
2197.37, 1975.25
2197.46, 1975.67
2197.55, 1976.09
2197.64, 1976.51
2197.73, 1976.93
2197.82, 1977.36
2197.92, 1977.78
2198.01, 1978.2
2198.1, 1978.62
2198.2, 1979.1
2198.28, 1979.52
2198.35, 1979.95
2198.43, 1980.37
2198.51, 1980.79
2198.59, 1981.22
2198.67, 1981.64
2198.74, 1982.06
2198.82, 1982.49
2198.9, 1982.91
2198.98, 1983.33
2199.06, 1983.76
2199.14, 1984.18
2199.21, 1984.61
2199.29, 1985.03
2199.37, 1985.45
2199.45, 1985.88
2199.53, 1986.3
2199.6, 1986.72
2199.68, 1987.14
2199.76, 1987.57
2199.84, 1987.99
2199.91, 1988.42
2199.99, 1988.84
2200.07, 1989.26
2200.15, 1989.69
2200.23, 1990.11
2200.31, 1990.53
2200.38, 1990.96
2200.46, 1991.38
2200.54, 1991.8
2200.62, 1992.23
2200.7, 1992.65
2200.77, 1993.07
2200.85, 1993.5
2200.93, 1993.92
2201.01, 1994.34
2201.09, 1994.77
2201.16, 1995.19
2201.24, 1995.61
2201.32, 1996.04
2201.4, 1996.46
2201.48, 1996.88
2201.55, 1997.31
2201.63, 1997.73
2201.71, 1998.15
2201.79, 1998.58

waypoints
x, y
2196.28, 1970.2
2196.37, 1970.62
2196.46, 1971.04
2196.55, 1971.46
2196.64, 1971.88
2196.73, 1972.31
2196.82, 1972.73
2196.91, 1973.15
2197.01, 1973.57
2197.1, 1973.99
2197.19, 1974.41
2197.28, 1974.83
2197.37, 1975.25
2197.46, 1975.67
2197.55, 1976.09
2197.64, 1976.51
2197.73, 1976.93
2197.82, 1977.36
2197.92, 1977.78
2198.01, 1978.2
2198.1, 1978.62
2198.2, 1979.1
2198.28, 1979.52
2198.35, 1979.95
2198.43, 1980.37
2198.51, 1980.79
2198.59, 1981.22
2198.67, 1981.64
2198.74, 1982.06
2198.82, 1982.49
2198.9, 1982.91
2198.98, 1983.33
2199.06, 1983.76
2199.14, 1984.18
2199.21, 1984.61
2199.29, 1985.03
2199.37, 1985.45
2199.45, 1985.88
2199.53, 1986.3
2199.6, 1986.72
2199.68, 1987.14
2199.76, 1987.57
2199.84, 1987.99
2199.91, 1988.42
2199.99, 1988.84
2200.07, 1989.26
2200.15, 1989.69
2200.23, 1990.11
2200.31, 1990.53
2200.38, 1990.96
2200.46, 1991.38
2200.54, 1991.8
2200.62, 1992.23
2200.7, 1992.65
2200.77, 1993.07
2200.85, 1993.5
2200.93, 1993.92
2201.01, 1994.34
2201.09, 1994.77
2201.16, 1995.19
2201.24, 1995.61
2201.32, 1996.04
2201.4, 1996.46
2201.48, 1996.88
2201.55, 1997.31
2201.63, 1997.73
2201.71, 1998.15
2201.79, 1998.58

waypoints
x, y
2196.64, 1971.88
2196.73, 1972.31
2196.82, 1972.73
2196.91, 1973.15
2197.01, 1973.57
2197.1, 1973.99
2197.19, 1974.41
2197.28, 1974.83
2197.37, 1975.25
2197.46, 1975.67
2197.55, 1976.09
2197.64, 1976.51
2197.73, 1976.93
2197.82, 1977.36
2197.92, 1977.78
2198.01, 1978.2
2198.1, 1978.62
2198.2, 1979.1
2198.28, 1979.52
2198.35, 1979.95
2198.43, 1980.37
2198.51, 1980.79
2198.59, 1981.22
2198.67, 1981.64
2198.74, 1982.06
2198.82, 1982.49
2198.9, 1982.91
2198.98, 1983.33
2199.06, 1983.76
2199.14, 1984.18
2199.21, 1984.61
2199.29, 1985.03
2199.37, 1985.45
2199.45, 1985.88
2199.53, 1986.3
2199.6, 1986.72
2199.68, 1987.14
2199.76, 1987.57
2199.84, 1987.99
2199.91, 1988.42
2199.99, 1988.84
2200.07, 1989.26
2200.15, 1989.69
2200.23, 1990.11
2200.31, 1990.53
2200.38, 1990.96
2200.46, 1991.38
2200.54, 1991.8
2200.62, 1992.23
2200.7, 1992.65
2200.77, 1993.07
2200.85, 1993.5
2200.93, 1993.92
2201.01, 1994.34
2201.09, 1994.77
2201.16, 1995.19
2201.24, 1995.61
2201.32, 1996.04
2201.4, 1996.46
2201.48, 1996.88
2201.55, 1997.31
2201.63, 1997.73
2201.71, 1998.15
2201.79, 1998.58

waypoints
x, y
2197.01, 1973.57
2197.1, 1973.99
2197.19, 1974.41
2197.28, 1974.83
2197.37, 1975.25
2197.46, 1975.67
2197.55, 1976.09
2197.64, 1976.51
2197.73, 1976.93
2197.82, 1977.36
2197.92, 1977.78
2198.01, 1978.2
2198.1, 1978.62
2198.2, 1979.1
2198.28, 1979.52
2198.35, 1979.95
2198.43, 1980.37
2198.51, 1980.79
2198.59, 1981.22
2198.67, 1981.64
2198.74, 1982.06
2198.82, 1982.49
2198.9, 1982.91
2198.98, 1983.33
2199.06, 1983.76
2199.14, 1984.18
2199.21, 1984.61
2199.29, 1985.03
2199.37, 1985.45
2199.45, 1985.88
2199.53, 1986.3
2199.6, 1986.72
2199.68, 1987.14
2199.76, 1987.57
2199.84, 1987.99
2199.91, 1988.42
2199.99, 1988.84
2200.07, 1989.26
2200.15, 1989.69
2200.23, 1990.11
2200.31, 1990.53
2200.38, 1990.96
2200.46, 1991.38
2200.54, 1991.8
2200.62, 1992.23
2200.7, 1992.65
2200.77, 1993.07
2200.85, 1993.5
2200.93, 1993.92
2201.01, 1994.34
2201.09, 1994.77
2201.16, 1995.19
2201.24, 1995.61
2201.32, 1996.04
2201.4, 1996.46
2201.48, 1996.88
2201.55, 1997.31
2201.63, 1997.73
2201.71, 1998.15
2201.79, 1998.58

waypoints
x, y
2197.37, 1975.25
2197.46, 1975.67
2197.55, 1976.09
2197.64, 1976.51
2197.73, 1976.93
2197.82, 1977.36
2197.92, 1977.78
2198.01, 1978.2
2198.1, 1978.62
2198.2, 1979.1
2198.28, 1979.52
2198.35, 1979.95
2198.43, 1980.37
2198.51, 1980.79
2198.59, 1981.22
2198.67, 1981.64
2198.74, 1982.06
2198.82, 1982.49
2198.9, 1982.91
2198.98, 1983.33
2199.06, 1983.76
2199.14, 1984.18
2199.21, 1984.61
2199.29, 1985.03
2199.37, 1985.45
2199.45, 1985.88
2199.53, 1986.3
2199.6, 1986.72
2199.68, 1987.14
2199.76, 1987.57
2199.84, 1987.99
2199.91, 1988.42
2199.99, 1988.84
2200.07, 1989.26
2200.15, 1989.69
2200.23, 1990.11
2200.31, 1990.53
2200.38, 1990.96
2200.46, 1991.38
2200.54, 1991.8
2200.62, 1992.23
2200.7, 1992.65
2200.77, 1993.07
2200.85, 1993.5
2200.93, 1993.92
2201.01, 1994.34
2201.09, 1994.77
2201.16, 1995.19
2201.24, 1995.61
2201.32, 1996.04
2201.4, 1996.46
2201.48, 1996.88
2201.55, 1997.31
2201.63, 1997.73
2201.71, 1998.15
2201.79, 1998.58

waypoints
x, y
2197.64, 1976.51
2197.73, 1976.93
2197.82, 1977.36
2197.92, 1977.78
2198.01, 1978.2
2198.1, 1978.62
2198.2, 1979.1
2198.28, 1979.52
2198.35, 1979.95
2198.43, 1980.37
2198.51, 1980.79
2198.59, 1981.22
2198.67, 1981.64
2198.74, 1982.06
2198.82, 1982.49
2198.9, 1982.91
2198.98, 1983.33
2199.06, 1983.76
2199.14, 1984.18
2199.21, 1984.61
2199.29, 1985.03
2199.37, 1985.45
2199.45, 1985.88
2199.53, 1986.3
2199.6, 1986.72
2199.68, 1987.14
2199.76, 1987.57
2199.84, 1987.99
2199.91, 1988.42
2199.99, 1988.84
2200.07, 1989.26
2200.15, 1989.69
2200.23, 1990.11
2200.31, 1990.53
2200.38, 1990.96
2200.46, 1991.38
2200.54, 1991.8
2200.62, 1992.23
2200.7, 1992.65
2200.77, 1993.07
2200.85, 1993.5
2200.93, 1993.92
2201.01, 1994.34
2201.09, 1994.77
2201.16, 1995.19
2201.24, 1995.61
2201.32, 1996.04
2201.4, 1996.46
2201.48, 1996.88
2201.55, 1997.31
2201.63, 1997.73
2201.71, 1998.15
2201.79, 1998.58

waypoints
x, y
2198.01, 1978.2
2198.1, 1978.62
2198.2, 1979.1
2198.28, 1979.52
2198.35, 1979.95
2198.43, 1980.37
2198.51, 1980.79
2198.59, 1981.22
2198.67, 1981.64
2198.74, 1982.06
2198.82, 1982.49
2198.9, 1982.91
2198.98, 1983.33
2199.06, 1983.76
2199.14, 1984.18
2199.21, 1984.61
2199.29, 1985.03
2199.37, 1985.45
2199.45, 1985.88
2199.53, 1986.3
2199.6, 1986.72
2199.68, 1987.14
2199.76, 1987.57
2199.84, 1987.99
2199.91, 1988.42
2199.99, 1988.84
2200.07, 1989.26
2200.15, 1989.69
2200.23, 1990.11
2200.31, 1990.53
2200.38, 1990.96
2200.46, 1991.38
2200.54, 1991.8
2200.62, 1992.23
2200.7, 1992.65
2200.77, 1993.07
2200.85, 1993.5
2200.93, 1993.92
2201.01, 1994.34
2201.09, 1994.77
2201.16, 1995.19
2201.24, 1995.61
2201.32, 1996.04
2201.4, 1996.46
2201.48, 1996.88
2201.55, 1997.31
2201.63, 1997.73
2201.71, 1998.15
2201.79, 1998.58
2201.87, 1999
2201.95, 1999.43
2202.02, 1999.85
2202.1, 2000.27
2202.18, 2000.7
2202.26, 2001.12
2202.34, 2001.54
2202.41, 2001.97
2202.49, 2002.39
2202.57, 2002.82
2202.65, 2003.24
2202.73, 2003.66
2202.81, 2004.09
2202.88, 2004.51
2202.96, 2004.93
2203.04, 2005.36
2203.12, 2005.78
2203.2, 2006.2
2203.27, 2006.63
2203.35, 2007.05
2203.43, 2007.47
2203.51, 2007.9
2203.59, 2008.32
2203.66, 2008.74
2203.74, 2009.17
2203.82, 2009.59
2203.9, 2010.01
2203.98, 2010.44
2204.05, 2010.86
2204.13, 2011.28
2204.21, 2011.71
2204.29, 2012.13
2204.37, 2012.55
2204.44, 2012.98
2204.52, 2013.4
2204.6, 2013.82
2204.68, 2014.24
2204.76, 2014.66
2204.84, 2015.09
2204.92, 2015.51
2205, 2015.93
2205.08, 2016.36
2205.15, 2016.78
2205.23, 2017.2
2205.31, 2017.63
2205.39, 2018.05
2205.47, 2018.47
2205.55, 2018.9
2205.63, 2019.32

waypoints
x, y
2198.35, 1979.95
2198.43, 1980.37
2198.51, 1980.79
2198.59, 1981.22
2198.67, 1981.64
2198.74, 1982.06
2198.82, 1982.49
2198.9, 1982.91
2198.98, 1983.33
2199.06, 1983.76
2199.14, 1984.18
2199.21, 1984.61
2199.29, 1985.03
2199.37, 1985.45
2199.45, 1985.88
2199.53, 1986.3
2199.6, 1986.72
2199.68, 1987.14
2199.76, 1987.57
2199.84, 1987.99
2199.91, 1988.42
2199.99, 1988.84
2200.07, 1989.26
2200.15, 1989.69
2200.23, 1990.11
2200.31, 1990.53
2200.38, 1990.96
2200.46, 1991.38
2200.54, 1991.8
2200.62, 1992.23
2200.7, 1992.65
2200.77, 1993.07
2200.85, 1993.5
2200.93, 1993.92
2201.01, 1994.34
2201.09, 1994.77
2201.16, 1995.19
2201.24, 1995.61
2201.32, 1996.04
2201.4, 1996.46
2201.48, 1996.88
2201.55, 1997.31
2201.63, 1997.73
2201.71, 1998.15
2201.79, 1998.58
2201.87, 1999
2201.95, 1999.43
2202.02, 1999.85
2202.1, 2000.27
2202.18, 2000.7
2202.26, 2001.12
2202.34, 2001.55
2202.41, 2001.97
2202.49, 2002.39
2202.57, 2002.82
2202.65, 2003.24
2202.73, 2003.66
2202.8, 2004.09
2202.88, 2004.51
2202.96, 2004.93
2203.04, 2005.36
2203.12, 2005.78
2203.2, 2006.2
2203.27, 2006.63
2203.35, 2007.05
2203.43, 2007.47
2203.51, 2007.9
2203.59, 2008.32
2203.66, 2008.74
2203.74, 2009.17
2203.82, 2009.59
2203.9, 2010.01
2203.98, 2010.44
2204.05, 2010.86
2204.13, 2011.28
2204.21, 2011.71
2204.29, 2012.13
2204.37, 2012.55
2204.45, 2012.98
2204.52, 2013.4
2204.6, 2013.82
2204.68, 2014.24
2204.76, 2014.66
2204.84, 2015.09
2204.92, 2015.51
2205, 2015.93
2205.07, 2016.36
2205.15, 2016.78
2205.23, 2017.2
2205.31, 2017.63
2205.39, 2018.05
2205.47, 2018.47
2205.55, 2018.9
2205.63, 2019.32

waypoints
x, y
2198.67, 1981.64
2198.74, 1982.06
2198.82, 1982.49
2198.9, 1982.91
2198.98, 1983.33
2199.06, 1983.76
2199.14, 1984.18
2199.21, 1984.61
2199.29, 1985.03
2199.37, 1985.45
2199.45, 1985.88
2199.53, 1986.3
2199.6, 1986.72
2199.68, 1987.14
2199.76, 1987.57
2199.84, 1987.99
2199.91, 1988.42
2199.99, 1988.84
2200.07, 1989.26
2200.15, 1989.69
2200.23, 1990.11
2200.31, 1990.53
2200.38, 1990.96
2200.46, 1991.38
2200.54, 1991.8
2200.62, 1992.23
2200.7, 1992.65
2200.77, 1993.07
2200.85, 1993.5
2200.93, 1993.92
2201.01, 1994.34
2201.09, 1994.77
2201.16, 1995.19
2201.24, 1995.61
2201.32, 1996.04
2201.4, 1996.46
2201.48, 1996.88
2201.55, 1997.31
2201.63, 1997.73
2201.71, 1998.15
2201.79, 1998.58
2201.87, 1999
2201.95, 1999.43
2202.02, 1999.85
2202.1, 2000.27
2202.18, 2000.7
2202.26, 2001.12
2202.34, 2001.55
2202.41, 2001.97
2202.49, 2002.39
2202.57, 2002.82
2202.65, 2003.24
2202.73, 2003.66
2202.8, 2004.09
2202.88, 2004.51
2202.96, 2004.93
2203.04, 2005.36
2203.12, 2005.78
2203.2, 2006.2
2203.27, 2006.63
2203.35, 2007.05
2203.43, 2007.47
2203.51, 2007.9
2203.59, 2008.32
2203.66, 2008.74
2203.74, 2009.17
2203.82, 2009.59
2203.9, 2010.01
2203.98, 2010.44
2204.05, 2010.86
2204.13, 2011.28
2204.21, 2011.71
2204.29, 2012.13
2204.37, 2012.55
2204.45, 2012.98
2204.52, 2013.4
2204.6, 2013.82
2204.68, 2014.24
2204.76, 2014.66
2204.84, 2015.09
2204.92, 2015.51
2205, 2015.93
2205.07, 2016.36
2205.15, 2016.78
2205.23, 2017.2
2205.31, 2017.63
2205.39, 2018.05
2205.47, 2018.47
2205.55, 2018.9
2205.63, 2019.32

waypoints
x, y
2198.98, 1983.33
2199.06, 1983.76
2199.14, 1984.18
2199.21, 1984.61
2199.29, 1985.03
2199.37, 1985.45
2199.45, 1985.88
2199.53, 1986.3
2199.6, 1986.72
2199.68, 1987.14
2199.76, 1987.57
2199.84, 1987.99
2199.91, 1988.42
2199.99, 1988.84
2200.07, 1989.26
2200.15, 1989.69
2200.23, 1990.11
2200.31, 1990.53
2200.38, 1990.96
2200.46, 1991.38
2200.54, 1991.8
2200.62, 1992.23
2200.7, 1992.65
2200.77, 1993.07
2200.85, 1993.5
2200.93, 1993.92
2201.01, 1994.34
2201.09, 1994.77
2201.16, 1995.19
2201.24, 1995.61
2201.32, 1996.04
2201.4, 1996.46
2201.48, 1996.88
2201.55, 1997.31
2201.63, 1997.73
2201.71, 1998.15
2201.79, 1998.58
2201.87, 1999
2201.95, 1999.43
2202.02, 1999.85
2202.1, 2000.27
2202.18, 2000.7
2202.26, 2001.12
2202.34, 2001.55
2202.41, 2001.97
2202.49, 2002.39
2202.57, 2002.82
2202.65, 2003.24
2202.73, 2003.66
2202.8, 2004.09
2202.88, 2004.51
2202.96, 2004.93
2203.04, 2005.36
2203.12, 2005.78
2203.2, 2006.2
2203.27, 2006.63
2203.35, 2007.05
2203.43, 2007.47
2203.51, 2007.9
2203.59, 2008.32
2203.66, 2008.74
2203.74, 2009.17
2203.82, 2009.59
2203.9, 2010.01
2203.98, 2010.44
2204.05, 2010.86
2204.13, 2011.28
2204.21, 2011.71
2204.29, 2012.13
2204.37, 2012.55
2204.45, 2012.98
2204.52, 2013.4
2204.6, 2013.82
2204.68, 2014.24
2204.76, 2014.66
2204.84, 2015.09
2204.92, 2015.51
2205, 2015.93
2205.07, 2016.36
2205.15, 2016.78
2205.23, 2017.2
2205.31, 2017.63
2205.39, 2018.05
2205.47, 2018.47
2205.55, 2018.9
2205.63, 2019.32

waypoints
x, y
2199.29, 1985.03
2199.37, 1985.45
2199.45, 1985.88
2199.53, 1986.3
2199.6, 1986.72
2199.68, 1987.14
2199.76, 1987.57
2199.84, 1987.99
2199.91, 1988.42
2199.99, 1988.84
2200.07, 1989.26
2200.15, 1989.69
2200.23, 1990.11
2200.31, 1990.53
2200.38, 1990.96
2200.46, 1991.38
2200.54, 1991.8
2200.62, 1992.23
2200.7, 1992.65
2200.77, 1993.07
2200.85, 1993.5
2200.93, 1993.92
2201.01, 1994.34
2201.09, 1994.77
2201.16, 1995.19
2201.24, 1995.61
2201.32, 1996.04
2201.4, 1996.46
2201.48, 1996.88
2201.55, 1997.31
2201.63, 1997.73
2201.71, 1998.15
2201.79, 1998.58
2201.87, 1999
2201.95, 1999.43
2202.02, 1999.85
2202.1, 2000.27
2202.18, 2000.7
2202.26, 2001.12
2202.34, 2001.55
2202.41, 2001.97
2202.49, 2002.39
2202.57, 2002.82
2202.65, 2003.24
2202.73, 2003.66
2202.8, 2004.09
2202.88, 2004.51
2202.96, 2004.93
2203.04, 2005.36
2203.12, 2005.78
2203.2, 2006.2
2203.27, 2006.63
2203.35, 2007.05
2203.43, 2007.47
2203.51, 2007.9
2203.59, 2008.32
2203.66, 2008.74
2203.74, 2009.17
2203.82, 2009.59
2203.9, 2010.01
2203.98, 2010.44
2204.05, 2010.86
2204.13, 2011.28
2204.21, 2011.71
2204.29, 2012.13
2204.37, 2012.55
2204.45, 2012.98
2204.52, 2013.4
2204.6, 2013.82
2204.68, 2014.24
2204.76, 2014.66
2204.84, 2015.09
2204.92, 2015.51
2205, 2015.93
2205.07, 2016.36
2205.15, 2016.78
2205.23, 2017.2
2205.31, 2017.63
2205.39, 2018.05
2205.47, 2018.47
2205.55, 2018.9
2205.63, 2019.32

waypoints
x, y
2199.6, 1986.72
2199.68, 1987.14
2199.76, 1987.57
2199.84, 1987.99
2199.91, 1988.42
2199.99, 1988.84
2200.07, 1989.26
2200.15, 1989.69
2200.23, 1990.11
2200.31, 1990.53
2200.38, 1990.96
2200.46, 1991.38
2200.54, 1991.8
2200.62, 1992.23
2200.7, 1992.65
2200.77, 1993.07
2200.85, 1993.5
2200.93, 1993.92
2201.01, 1994.34
2201.09, 1994.77
2201.16, 1995.19
2201.24, 1995.61
2201.32, 1996.04
2201.4, 1996.46
2201.48, 1996.88
2201.55, 1997.31
2201.63, 1997.73
2201.71, 1998.15
2201.79, 1998.58
2201.87, 1999
2201.95, 1999.43
2202.02, 1999.85
2202.1, 2000.27
2202.18, 2000.7
2202.26, 2001.12
2202.34, 2001.55
2202.41, 2001.97
2202.49, 2002.39
2202.57, 2002.82
2202.65, 2003.24
2202.73, 2003.66
2202.8, 2004.09
2202.88, 2004.51
2202.96, 2004.93
2203.04, 2005.36
2203.12, 2005.78
2203.2, 2006.2
2203.27, 2006.63
2203.35, 2007.05
2203.43, 2007.47
2203.51, 2007.9
2203.59, 2008.32
2203.66, 2008.74
2203.74, 2009.17
2203.82, 2009.59
2203.9, 2010.01
2203.98, 2010.44
2204.05, 2010.86
2204.13, 2011.28
2204.21, 2011.71
2204.29, 2012.13
2204.37, 2012.55
2204.45, 2012.98
2204.52, 2013.4
2204.6, 2013.82
2204.68, 2014.24
2204.76, 2014.66
2204.84, 2015.09
2204.92, 2015.51
2205, 2015.93
2205.07, 2016.36
2205.15, 2016.78
2205.23, 2017.2
2205.31, 2017.63
2205.39, 2018.05
2205.47, 2018.47
2205.55, 2018.9
2205.63, 2019.32

waypoints
x, y
2199.91, 1988.42
2199.99, 1988.84
2200.07, 1989.26
2200.15, 1989.69
2200.23, 1990.11
2200.31, 1990.53
2200.38, 1990.96
2200.46, 1991.38
2200.54, 1991.8
2200.62, 1992.23
2200.7, 1992.65
2200.77, 1993.07
2200.85, 1993.5
2200.93, 1993.92
2201.01, 1994.34
2201.09, 1994.77
2201.16, 1995.19
2201.24, 1995.61
2201.32, 1996.04
2201.4, 1996.46
2201.48, 1996.88
2201.55, 1997.31
2201.63, 1997.73
2201.71, 1998.15
2201.79, 1998.58
2201.87, 1999
2201.95, 1999.43
2202.02, 1999.85
2202.1, 2000.27
2202.18, 2000.7
2202.26, 2001.12
2202.34, 2001.55
2202.41, 2001.97
2202.49, 2002.39
2202.57, 2002.82
2202.65, 2003.24
2202.73, 2003.66
2202.8, 2004.09
2202.88, 2004.51
2202.96, 2004.93
2203.04, 2005.36
2203.12, 2005.78
2203.2, 2006.2
2203.27, 2006.63
2203.35, 2007.05
2203.43, 2007.47
2203.51, 2007.9
2203.59, 2008.32
2203.66, 2008.74
2203.74, 2009.17
2203.82, 2009.59
2203.9, 2010.01
2203.98, 2010.44
2204.05, 2010.86
2204.13, 2011.28
2204.21, 2011.71
2204.29, 2012.13
2204.37, 2012.55
2204.45, 2012.98
2204.52, 2013.4
2204.6, 2013.82
2204.68, 2014.24
2204.76, 2014.66
2204.84, 2015.09
2204.92, 2015.51
2205, 2015.93
2205.07, 2016.36
2205.15, 2016.78
2205.23, 2017.2
2205.31, 2017.63
2205.39, 2018.05
2205.47, 2018.47
2205.55, 2018.9
2205.63, 2019.32

waypoints
x, y
2200.23, 1990.11
2200.31, 1990.53
2200.38, 1990.96
2200.46, 1991.38
2200.54, 1991.8
2200.62, 1992.23
2200.7, 1992.65
2200.77, 1993.07
2200.85, 1993.5
2200.93, 1993.92
2201.01, 1994.34
2201.09, 1994.77
2201.16, 1995.19
2201.24, 1995.61
2201.32, 1996.04
2201.4, 1996.46
2201.48, 1996.88
2201.55, 1997.31
2201.63, 1997.73
2201.71, 1998.15
2201.79, 1998.58
2201.87, 1999
2201.95, 1999.43
2202.02, 1999.85
2202.1, 2000.27
2202.18, 2000.7
2202.26, 2001.12
2202.34, 2001.55
2202.41, 2001.97
2202.49, 2002.39
2202.57, 2002.82
2202.65, 2003.24
2202.73, 2003.66
2202.8, 2004.09
2202.88, 2004.51
2202.96, 2004.93
2203.04, 2005.36
2203.12, 2005.78
2203.2, 2006.2
2203.27, 2006.63
2203.35, 2007.05
2203.43, 2007.47
2203.51, 2007.9
2203.59, 2008.32
2203.66, 2008.74
2203.74, 2009.17
2203.82, 2009.59
2203.9, 2010.01
2203.98, 2010.44
2204.05, 2010.86
2204.13, 2011.28
2204.21, 2011.71
2204.29, 2012.13
2204.37, 2012.55
2204.45, 2012.98
2204.52, 2013.4
2204.6, 2013.82
2204.68, 2014.24
2204.76, 2014.66
2204.84, 2015.09
2204.92, 2015.51
2205, 2015.93
2205.07, 2016.36
2205.15, 2016.78
2205.23, 2017.2
2205.31, 2017.63
2205.39, 2018.05
2205.47, 2018.47
2205.55, 2018.9
2205.63, 2019.32

waypoints
x, y
2200.54, 1991.8
2200.62, 1992.23
2200.7, 1992.65
2200.77, 1993.07
2200.85, 1993.5
2200.93, 1993.92
2201.01, 1994.34
2201.09, 1994.77
2201.16, 1995.19
2201.24, 1995.61
2201.32, 1996.04
2201.4, 1996.46
2201.48, 1996.88
2201.55, 1997.31
2201.63, 1997.73
2201.71, 1998.15
2201.79, 1998.58
2201.87, 1999
2201.95, 1999.43
2202.02, 1999.85
2202.1, 2000.27
2202.18, 2000.7
2202.26, 2001.12
2202.34, 2001.55
2202.41, 2001.97
2202.49, 2002.39
2202.57, 2002.82
2202.65, 2003.24
2202.73, 2003.66
2202.8, 2004.09
2202.88, 2004.51
2202.96, 2004.93
2203.04, 2005.36
2203.12, 2005.78
2203.2, 2006.2
2203.27, 2006.63
2203.35, 2007.05
2203.43, 2007.47
2203.51, 2007.9
2203.59, 2008.32
2203.66, 2008.74
2203.74, 2009.17
2203.82, 2009.59
2203.9, 2010.01
2203.98, 2010.44
2204.05, 2010.86
2204.13, 2011.28
2204.21, 2011.71
2204.29, 2012.13
2204.37, 2012.55
2204.45, 2012.98
2204.52, 2013.4
2204.6, 2013.82
2204.68, 2014.24
2204.76, 2014.66
2204.84, 2015.09
2204.92, 2015.51
2205, 2015.93
2205.07, 2016.36
2205.15, 2016.78
2205.23, 2017.2
2205.31, 2017.63
2205.39, 2018.05
2205.47, 2018.47
2205.55, 2018.9
2205.63, 2019.32

waypoints
x, y
2200.85, 1993.5
2200.93, 1993.92
2201.01, 1994.34
2201.09, 1994.77
2201.16, 1995.19
2201.24, 1995.61
2201.32, 1996.04
2201.4, 1996.46
2201.48, 1996.88
2201.55, 1997.31
2201.63, 1997.73
2201.71, 1998.15
2201.79, 1998.58
2201.87, 1999
2201.95, 1999.43
2202.02, 1999.85
2202.1, 2000.27
2202.18, 2000.7
2202.26, 2001.12
2202.34, 2001.55
2202.41, 2001.97
2202.49, 2002.39
2202.57, 2002.82
2202.65, 2003.24
2202.73, 2003.66
2202.8, 2004.09
2202.88, 2004.51
2202.96, 2004.93
2203.04, 2005.36
2203.12, 2005.78
2203.2, 2006.2
2203.27, 2006.63
2203.35, 2007.05
2203.43, 2007.47
2203.51, 2007.9
2203.59, 2008.32
2203.66, 2008.74
2203.74, 2009.17
2203.82, 2009.59
2203.9, 2010.01
2203.98, 2010.44
2204.05, 2010.86
2204.13, 2011.28
2204.21, 2011.71
2204.29, 2012.13
2204.37, 2012.55
2204.45, 2012.98
2204.52, 2013.4
2204.6, 2013.82
2204.68, 2014.24
2204.76, 2014.66
2204.84, 2015.09
2204.92, 2015.51
2205, 2015.93
2205.07, 2016.36
2205.15, 2016.78
2205.23, 2017.2
2205.31, 2017.63
2205.39, 2018.05
2205.47, 2018.47
2205.55, 2018.9
2205.63, 2019.32

waypoints
x, y
2201.16, 1995.19
2201.24, 1995.61
2201.32, 1996.04
2201.4, 1996.46
2201.48, 1996.88
2201.55, 1997.31
2201.63, 1997.73
2201.71, 1998.15
2201.79, 1998.58
2201.87, 1999
2201.95, 1999.43
2202.02, 1999.85
2202.1, 2000.27
2202.18, 2000.7
2202.26, 2001.12
2202.34, 2001.55
2202.41, 2001.97
2202.49, 2002.39
2202.57, 2002.82
2202.65, 2003.24
2202.73, 2003.66
2202.8, 2004.09
2202.88, 2004.51
2202.96, 2004.93
2203.04, 2005.36
2203.12, 2005.78
2203.2, 2006.2
2203.27, 2006.63
2203.35, 2007.05
2203.43, 2007.47
2203.51, 2007.9
2203.59, 2008.32
2203.66, 2008.74
2203.74, 2009.17
2203.82, 2009.59
2203.9, 2010.01
2203.98, 2010.44
2204.05, 2010.86
2204.13, 2011.28
2204.21, 2011.71
2204.29, 2012.13
2204.37, 2012.55
2204.45, 2012.98
2204.52, 2013.4
2204.6, 2013.82
2204.68, 2014.24
2204.76, 2014.66
2204.84, 2015.09
2204.92, 2015.51
2205, 2015.93
2205.07, 2016.36
2205.15, 2016.78
2205.23, 2017.2
2205.31, 2017.63
2205.39, 2018.05
2205.47, 2018.47
2205.55, 2018.9
2205.63, 2019.32

waypoints
x, y
2201.48, 1996.88
2201.55, 1997.31
2201.63, 1997.73
2201.71, 1998.15
2201.79, 1998.58
2201.87, 1999
2201.95, 1999.43
2202.02, 1999.85
2202.1, 2000.27
2202.18, 2000.7
2202.26, 2001.12
2202.34, 2001.55
2202.41, 2001.97
2202.49, 2002.39
2202.57, 2002.82
2202.65, 2003.24
2202.73, 2003.66
2202.8, 2004.09
2202.88, 2004.51
2202.96, 2004.93
2203.04, 2005.36
2203.12, 2005.78
2203.2, 2006.2
2203.27, 2006.63
2203.35, 2007.05
2203.43, 2007.47
2203.51, 2007.9
2203.59, 2008.32
2203.66, 2008.74
2203.74, 2009.17
2203.82, 2009.59
2203.9, 2010.01
2203.98, 2010.44
2204.05, 2010.86
2204.13, 2011.28
2204.21, 2011.71
2204.29, 2012.13
2204.37, 2012.55
2204.45, 2012.98
2204.52, 2013.4
2204.6, 2013.82
2204.68, 2014.24
2204.76, 2014.66
2204.84, 2015.09
2204.92, 2015.51
2205, 2015.93
2205.07, 2016.36
2205.15, 2016.78
2205.23, 2017.2
2205.31, 2017.63
2205.39, 2018.05
2205.47, 2018.47
2205.55, 2018.9
2205.63, 2019.32

waypoints
x, y
2201.71, 1998.15
2201.79, 1998.58
2201.87, 1999
2201.95, 1999.43
2202.02, 1999.85
2202.1, 2000.27
2202.18, 2000.7
2202.26, 2001.12
2202.34, 2001.55
2202.41, 2001.97
2202.49, 2002.39
2202.57, 2002.82
2202.65, 2003.24
2202.73, 2003.66
2202.8, 2004.09
2202.88, 2004.51
2202.96, 2004.93
2203.04, 2005.36
2203.12, 2005.78
2203.2, 2006.2
2203.27, 2006.63
2203.35, 2007.05
2203.43, 2007.47
2203.51, 2007.9
2203.59, 2008.32
2203.66, 2008.74
2203.74, 2009.17
2203.82, 2009.59
2203.9, 2010.01
2203.98, 2010.44
2204.05, 2010.86
2204.13, 2011.28
2204.21, 2011.71
2204.29, 2012.13
2204.37, 2012.55
2204.45, 2012.98
2204.52, 2013.4
2204.6, 2013.82
2204.68, 2014.24
2204.76, 2014.66
2204.84, 2015.09
2204.92, 2015.51
2205, 2015.93
2205.07, 2016.36
2205.15, 2016.78
2205.23, 2017.2
2205.31, 2017.63
2205.39, 2018.05
2205.47, 2018.47
2205.55, 2018.9
2205.63, 2019.32

waypoints
x, y
2202.02, 1999.85
2202.1, 2000.27
2202.18, 2000.7
2202.26, 2001.12
2202.34, 2001.55
2202.41, 2001.97
2202.49, 2002.39
2202.57, 2002.82
2202.65, 2003.24
2202.73, 2003.66
2202.8, 2004.09
2202.88, 2004.51
2202.96, 2004.93
2203.04, 2005.36
2203.12, 2005.78
2203.2, 2006.2
2203.27, 2006.63
2203.35, 2007.05
2203.43, 2007.47
2203.51, 2007.9
2203.59, 2008.32
2203.66, 2008.74
2203.74, 2009.17
2203.82, 2009.59
2203.9, 2010.01
2203.98, 2010.44
2204.05, 2010.86
2204.13, 2011.28
2204.21, 2011.71
2204.29, 2012.13
2204.37, 2012.55
2204.45, 2012.98
2204.52, 2013.4
2204.6, 2013.82
2204.68, 2014.24
2204.76, 2014.66
2204.84, 2015.09
2204.92, 2015.51
2205, 2015.93
2205.07, 2016.36
2205.15, 2016.78
2205.23, 2017.2
2205.31, 2017.63
2205.39, 2018.05
2205.47, 2018.47
2205.55, 2018.9
2205.63, 2019.32
2205.71, 2019.74
2205.79, 2020.17
2205.87, 2020.59
2205.95, 2021.02
2206.02, 2021.44
2206.1, 2021.86
2206.18, 2022.29
2206.26, 2022.71
2206.34, 2023.13
2206.42, 2023.56
2206.5, 2023.98
2206.58, 2024.41
2206.66, 2024.83
2206.74, 2025.25
2206.82, 2025.68
2206.9, 2026.1
2206.97, 2026.52
2207.05, 2026.95
2207.13, 2027.37
2207.21, 2027.79
2207.29, 2028.21
2207.37, 2028.64
2207.45, 2029.06
2207.53, 2029.48
2207.61, 2029.91
2207.69, 2030.33
2207.77, 2030.75
2207.84, 2031.18
2207.92, 2031.6
2208, 2032.02
2208.08, 2032.44
2208.16, 2032.87
2208.24, 2033.29
2208.32, 2033.71
2208.4, 2034.14
2208.48, 2034.56
2208.56, 2034.98
2208.63, 2035.4
2208.71, 2035.83
2208.79, 2036.25
2208.87, 2036.67
2208.95, 2037.1
2209.03, 2037.52
2209.11, 2037.94
2209.19, 2038.37
2209.27, 2038.79
2209.35, 2039.21
2209.43, 2039.64
2209.5, 2040.06

waypoints
x, y
2202.34, 2001.55
2202.41, 2001.97
2202.49, 2002.39
2202.57, 2002.82
2202.65, 2003.24
2202.73, 2003.66
2202.8, 2004.09
2202.88, 2004.51
2202.96, 2004.93
2203.04, 2005.36
2203.12, 2005.78
2203.2, 2006.2
2203.27, 2006.63
2203.35, 2007.05
2203.43, 2007.47
2203.51, 2007.9
2203.59, 2008.32
2203.66, 2008.74
2203.74, 2009.17
2203.82, 2009.59
2203.9, 2010.01
2203.98, 2010.44
2204.05, 2010.86
2204.13, 2011.28
2204.21, 2011.71
2204.29, 2012.13
2204.37, 2012.55
2204.45, 2012.98
2204.52, 2013.4
2204.6, 2013.82
2204.68, 2014.24
2204.76, 2014.66
2204.84, 2015.09
2204.92, 2015.51
2205, 2015.93
2205.07, 2016.36
2205.15, 2016.78
2205.23, 2017.2
2205.31, 2017.63
2205.39, 2018.05
2205.47, 2018.47
2205.55, 2018.9
2205.63, 2019.32
2205.71, 2019.74
2205.79, 2020.17
2205.87, 2020.59
2205.95, 2021.02
2206.03, 2021.44
2206.1, 2021.86
2206.18, 2022.29
2206.26, 2022.71
2206.34, 2023.13
2206.42, 2023.56
2206.5, 2023.98
2206.58, 2024.4
2206.66, 2024.83
2206.74, 2025.25
2206.82, 2025.68
2206.9, 2026.1
2206.97, 2026.52
2207.05, 2026.94
2207.13, 2027.37
2207.21, 2027.79
2207.29, 2028.21
2207.37, 2028.64
2207.45, 2029.06
2207.53, 2029.48
2207.61, 2029.91
2207.69, 2030.33
2207.76, 2030.75
2207.84, 2031.17
2207.92, 2031.6
2208, 2032.02
2208.08, 2032.44
2208.16, 2032.87
2208.24, 2033.29
2208.32, 2033.71
2208.4, 2034.13
2208.48, 2034.56
2208.56, 2034.98
2208.64, 2035.4
2208.71, 2035.83
2208.79, 2036.25
2208.87, 2036.67
2208.95, 2037.1
2209.03, 2037.52
2209.11, 2037.94
2209.19, 2038.37
2209.27, 2038.79
2209.35, 2039.21
2209.43, 2039.63
2209.51, 2040.06

waypoints
x, y
2202.57, 2002.82
2202.65, 2003.24
2202.73, 2003.66
2202.8, 2004.09
2202.88, 2004.51
2202.96, 2004.93
2203.04, 2005.36
2203.12, 2005.78
2203.2, 2006.2
2203.27, 2006.63
2203.35, 2007.05
2203.43, 2007.47
2203.51, 2007.9
2203.59, 2008.32
2203.66, 2008.74
2203.74, 2009.17
2203.82, 2009.59
2203.9, 2010.01
2203.98, 2010.44
2204.05, 2010.86
2204.13, 2011.28
2204.21, 2011.71
2204.29, 2012.13
2204.37, 2012.55
2204.45, 2012.98
2204.52, 2013.4
2204.6, 2013.82
2204.68, 2014.24
2204.76, 2014.66
2204.84, 2015.09
2204.92, 2015.51
2205, 2015.93
2205.07, 2016.36
2205.15, 2016.78
2205.23, 2017.2
2205.31, 2017.63
2205.39, 2018.05
2205.47, 2018.47
2205.55, 2018.9
2205.63, 2019.32
2205.71, 2019.74
2205.79, 2020.17
2205.87, 2020.59
2205.95, 2021.02
2206.03, 2021.44
2206.1, 2021.86
2206.18, 2022.29
2206.26, 2022.71
2206.34, 2023.13
2206.42, 2023.56
2206.5, 2023.98
2206.58, 2024.4
2206.66, 2024.83
2206.74, 2025.25
2206.82, 2025.68
2206.9, 2026.1
2206.97, 2026.52
2207.05, 2026.94
2207.13, 2027.37
2207.21, 2027.79
2207.29, 2028.21
2207.37, 2028.64
2207.45, 2029.06
2207.53, 2029.48
2207.61, 2029.91
2207.69, 2030.33
2207.76, 2030.75
2207.84, 2031.17
2207.92, 2031.6
2208, 2032.02
2208.08, 2032.44
2208.16, 2032.87
2208.24, 2033.29
2208.32, 2033.71
2208.4, 2034.13
2208.48, 2034.56
2208.56, 2034.98
2208.64, 2035.4
2208.71, 2035.83
2208.79, 2036.25
2208.87, 2036.67
2208.95, 2037.1
2209.03, 2037.52
2209.11, 2037.94
2209.19, 2038.37
2209.27, 2038.79
2209.35, 2039.21
2209.43, 2039.63
2209.51, 2040.06

waypoints
x, y
2202.88, 2004.51
2202.96, 2004.93
2203.04, 2005.36
2203.12, 2005.78
2203.2, 2006.2
2203.27, 2006.63
2203.35, 2007.05
2203.43, 2007.47
2203.51, 2007.9
2203.59, 2008.32
2203.66, 2008.74
2203.74, 2009.17
2203.82, 2009.59
2203.9, 2010.01
2203.98, 2010.44
2204.05, 2010.86
2204.13, 2011.28
2204.21, 2011.71
2204.29, 2012.13
2204.37, 2012.55
2204.45, 2012.98
2204.52, 2013.4
2204.6, 2013.82
2204.68, 2014.24
2204.76, 2014.66
2204.84, 2015.09
2204.92, 2015.51
2205, 2015.93
2205.07, 2016.36
2205.15, 2016.78
2205.23, 2017.2
2205.31, 2017.63
2205.39, 2018.05
2205.47, 2018.47
2205.55, 2018.9
2205.63, 2019.32
2205.71, 2019.74
2205.79, 2020.17
2205.87, 2020.59
2205.95, 2021.02
2206.03, 2021.44
2206.1, 2021.86
2206.18, 2022.29
2206.26, 2022.71
2206.34, 2023.13
2206.42, 2023.56
2206.5, 2023.98
2206.58, 2024.4
2206.66, 2024.83
2206.74, 2025.25
2206.82, 2025.68
2206.9, 2026.1
2206.97, 2026.52
2207.05, 2026.94
2207.13, 2027.37
2207.21, 2027.79
2207.29, 2028.21
2207.37, 2028.64
2207.45, 2029.06
2207.53, 2029.48
2207.61, 2029.91
2207.69, 2030.33
2207.76, 2030.75
2207.84, 2031.17
2207.92, 2031.6
2208, 2032.02
2208.08, 2032.44
2208.16, 2032.87
2208.24, 2033.29
2208.32, 2033.71
2208.4, 2034.13
2208.48, 2034.56
2208.56, 2034.98
2208.64, 2035.4
2208.71, 2035.83
2208.79, 2036.25
2208.87, 2036.67
2208.95, 2037.1
2209.03, 2037.52
2209.11, 2037.94
2209.19, 2038.37
2209.27, 2038.79
2209.35, 2039.21
2209.43, 2039.63
2209.51, 2040.06

waypoints
x, y
2203.2, 2006.2
2203.27, 2006.63
2203.35, 2007.05
2203.43, 2007.47
2203.51, 2007.9
2203.59, 2008.32
2203.66, 2008.74
2203.74, 2009.17
2203.82, 2009.59
2203.9, 2010.01
2203.98, 2010.44
2204.05, 2010.86
2204.13, 2011.28
2204.21, 2011.71
2204.29, 2012.13
2204.37, 2012.55
2204.45, 2012.98
2204.52, 2013.4
2204.6, 2013.82
2204.68, 2014.24
2204.76, 2014.66
2204.84, 2015.09
2204.92, 2015.51
2205, 2015.93
2205.07, 2016.36
2205.15, 2016.78
2205.23, 2017.2
2205.31, 2017.63
2205.39, 2018.05
2205.47, 2018.47
2205.55, 2018.9
2205.63, 2019.32
2205.71, 2019.74
2205.79, 2020.17
2205.87, 2020.59
2205.95, 2021.02
2206.03, 2021.44
2206.1, 2021.86
2206.18, 2022.29
2206.26, 2022.71
2206.34, 2023.13
2206.42, 2023.56
2206.5, 2023.98
2206.58, 2024.4
2206.66, 2024.83
2206.74, 2025.25
2206.82, 2025.68
2206.9, 2026.1
2206.97, 2026.52
2207.05, 2026.94
2207.13, 2027.37
2207.21, 2027.79
2207.29, 2028.21
2207.37, 2028.64
2207.45, 2029.06
2207.53, 2029.48
2207.61, 2029.91
2207.69, 2030.33
2207.76, 2030.75
2207.84, 2031.17
2207.92, 2031.6
2208, 2032.02
2208.08, 2032.44
2208.16, 2032.87
2208.24, 2033.29
2208.32, 2033.71
2208.4, 2034.13
2208.48, 2034.56
2208.56, 2034.98
2208.64, 2035.4
2208.71, 2035.83
2208.79, 2036.25
2208.87, 2036.67
2208.95, 2037.1
2209.03, 2037.52
2209.11, 2037.94
2209.19, 2038.37
2209.27, 2038.79
2209.35, 2039.21
2209.43, 2039.63
2209.51, 2040.06

waypoints
x, y
2203.51, 2007.9
2203.59, 2008.32
2203.66, 2008.74
2203.74, 2009.17
2203.82, 2009.59
2203.9, 2010.01
2203.98, 2010.44
2204.05, 2010.86
2204.13, 2011.28
2204.21, 2011.71
2204.29, 2012.13
2204.37, 2012.55
2204.45, 2012.98
2204.52, 2013.4
2204.6, 2013.82
2204.68, 2014.24
2204.76, 2014.66
2204.84, 2015.09
2204.92, 2015.51
2205, 2015.93
2205.07, 2016.36
2205.15, 2016.78
2205.23, 2017.2
2205.31, 2017.63
2205.39, 2018.05
2205.47, 2018.47
2205.55, 2018.9
2205.63, 2019.32
2205.71, 2019.74
2205.79, 2020.17
2205.87, 2020.59
2205.95, 2021.02
2206.03, 2021.44
2206.1, 2021.86
2206.18, 2022.29
2206.26, 2022.71
2206.34, 2023.13
2206.42, 2023.56
2206.5, 2023.98
2206.58, 2024.4
2206.66, 2024.83
2206.74, 2025.25
2206.82, 2025.68
2206.9, 2026.1
2206.97, 2026.52
2207.05, 2026.94
2207.13, 2027.37
2207.21, 2027.79
2207.29, 2028.21
2207.37, 2028.64
2207.45, 2029.06
2207.53, 2029.48
2207.61, 2029.91
2207.69, 2030.33
2207.76, 2030.75
2207.84, 2031.17
2207.92, 2031.6
2208, 2032.02
2208.08, 2032.44
2208.16, 2032.87
2208.24, 2033.29
2208.32, 2033.71
2208.4, 2034.13
2208.48, 2034.56
2208.56, 2034.98
2208.64, 2035.4
2208.71, 2035.83
2208.79, 2036.25
2208.87, 2036.67
2208.95, 2037.1
2209.03, 2037.52
2209.11, 2037.94
2209.19, 2038.37
2209.27, 2038.79
2209.35, 2039.21
2209.43, 2039.63
2209.51, 2040.06

waypoints
x, y
2203.82, 2009.59
2203.9, 2010.01
2203.98, 2010.44
2204.05, 2010.86
2204.13, 2011.28
2204.21, 2011.71
2204.29, 2012.13
2204.37, 2012.55
2204.45, 2012.98
2204.52, 2013.4
2204.6, 2013.82
2204.68, 2014.24
2204.76, 2014.66
2204.84, 2015.09
2204.92, 2015.51
2205, 2015.93
2205.07, 2016.36
2205.15, 2016.78
2205.23, 2017.2
2205.31, 2017.63
2205.39, 2018.05
2205.47, 2018.47
2205.55, 2018.9
2205.63, 2019.32
2205.71, 2019.74
2205.79, 2020.17
2205.87, 2020.59
2205.95, 2021.02
2206.03, 2021.44
2206.1, 2021.86
2206.18, 2022.29
2206.26, 2022.71
2206.34, 2023.13
2206.42, 2023.56
2206.5, 2023.98
2206.58, 2024.4
2206.66, 2024.83
2206.74, 2025.25
2206.82, 2025.68
2206.9, 2026.1
2206.97, 2026.52
2207.05, 2026.94
2207.13, 2027.37
2207.21, 2027.79
2207.29, 2028.21
2207.37, 2028.64
2207.45, 2029.06
2207.53, 2029.48
2207.61, 2029.91
2207.69, 2030.33
2207.76, 2030.75
2207.84, 2031.17
2207.92, 2031.6
2208, 2032.02
2208.08, 2032.44
2208.16, 2032.87
2208.24, 2033.29
2208.32, 2033.71
2208.4, 2034.13
2208.48, 2034.56
2208.56, 2034.98
2208.64, 2035.4
2208.71, 2035.83
2208.79, 2036.25
2208.87, 2036.67
2208.95, 2037.1
2209.03, 2037.52
2209.11, 2037.94
2209.19, 2038.37
2209.27, 2038.79
2209.35, 2039.21
2209.43, 2039.63
2209.51, 2040.06

waypoints
x, y
2204.13, 2011.28
2204.21, 2011.71
2204.29, 2012.13
2204.37, 2012.55
2204.45, 2012.98
2204.52, 2013.4
2204.6, 2013.82
2204.68, 2014.24
2204.76, 2014.66
2204.84, 2015.09
2204.92, 2015.51
2205, 2015.93
2205.07, 2016.36
2205.15, 2016.78
2205.23, 2017.2
2205.31, 2017.63
2205.39, 2018.05
2205.47, 2018.47
2205.55, 2018.9
2205.63, 2019.32
2205.71, 2019.74
2205.79, 2020.17
2205.87, 2020.59
2205.95, 2021.02
2206.03, 2021.44
2206.1, 2021.86
2206.18, 2022.29
2206.26, 2022.71
2206.34, 2023.13
2206.42, 2023.56
2206.5, 2023.98
2206.58, 2024.4
2206.66, 2024.83
2206.74, 2025.25
2206.82, 2025.68
2206.9, 2026.1
2206.97, 2026.52
2207.05, 2026.94
2207.13, 2027.37
2207.21, 2027.79
2207.29, 2028.21
2207.37, 2028.64
2207.45, 2029.06
2207.53, 2029.48
2207.61, 2029.91
2207.69, 2030.33
2207.76, 2030.75
2207.84, 2031.17
2207.92, 2031.6
2208, 2032.02
2208.08, 2032.44
2208.16, 2032.87
2208.24, 2033.29
2208.32, 2033.71
2208.4, 2034.13
2208.48, 2034.56
2208.56, 2034.98
2208.64, 2035.4
2208.71, 2035.83
2208.79, 2036.25
2208.87, 2036.67
2208.95, 2037.1
2209.03, 2037.52
2209.11, 2037.94
2209.19, 2038.37
2209.27, 2038.79
2209.35, 2039.21
2209.43, 2039.63
2209.51, 2040.06

waypoints
x, y
2204.45, 2012.98
2204.52, 2013.4
2204.6, 2013.82
2204.68, 2014.24
2204.76, 2014.66
2204.84, 2015.09
2204.92, 2015.51
2205, 2015.93
2205.07, 2016.36
2205.15, 2016.78
2205.23, 2017.2
2205.31, 2017.63
2205.39, 2018.05
2205.47, 2018.47
2205.55, 2018.9
2205.63, 2019.32
2205.71, 2019.74
2205.79, 2020.17
2205.87, 2020.59
2205.95, 2021.02
2206.03, 2021.44
2206.1, 2021.86
2206.18, 2022.29
2206.26, 2022.71
2206.34, 2023.13
2206.42, 2023.56
2206.5, 2023.98
2206.58, 2024.4
2206.66, 2024.83
2206.74, 2025.25
2206.82, 2025.68
2206.9, 2026.1
2206.97, 2026.52
2207.05, 2026.94
2207.13, 2027.37
2207.21, 2027.79
2207.29, 2028.21
2207.37, 2028.64
2207.45, 2029.06
2207.53, 2029.48
2207.61, 2029.91
2207.69, 2030.33
2207.76, 2030.75
2207.84, 2031.17
2207.92, 2031.6
2208, 2032.02
2208.08, 2032.44
2208.16, 2032.87
2208.24, 2033.29
2208.32, 2033.71
2208.4, 2034.13
2208.48, 2034.56
2208.56, 2034.98
2208.64, 2035.4
2208.71, 2035.83
2208.79, 2036.25
2208.87, 2036.67
2208.95, 2037.1
2209.03, 2037.52
2209.11, 2037.94
2209.19, 2038.37
2209.27, 2038.79
2209.35, 2039.21
2209.43, 2039.63
2209.51, 2040.06

waypoints
x, y
2204.76, 2014.66
2204.84, 2015.09
2204.92, 2015.51
2205, 2015.93
2205.07, 2016.36
2205.15, 2016.78
2205.23, 2017.2
2205.31, 2017.63
2205.39, 2018.05
2205.47, 2018.47
2205.55, 2018.9
2205.63, 2019.32
2205.71, 2019.74
2205.79, 2020.17
2205.87, 2020.59
2205.95, 2021.02
2206.03, 2021.44
2206.1, 2021.86
2206.18, 2022.29
2206.26, 2022.71
2206.34, 2023.13
2206.42, 2023.56
2206.5, 2023.98
2206.58, 2024.4
2206.66, 2024.83
2206.74, 2025.25
2206.82, 2025.68
2206.9, 2026.1
2206.97, 2026.52
2207.05, 2026.94
2207.13, 2027.37
2207.21, 2027.79
2207.29, 2028.21
2207.37, 2028.64
2207.45, 2029.06
2207.53, 2029.48
2207.61, 2029.91
2207.69, 2030.33
2207.76, 2030.75
2207.84, 2031.17
2207.92, 2031.6
2208, 2032.02
2208.08, 2032.44
2208.16, 2032.87
2208.24, 2033.29
2208.32, 2033.71
2208.4, 2034.13
2208.48, 2034.56
2208.56, 2034.98
2208.64, 2035.4
2208.71, 2035.83
2208.79, 2036.25
2208.87, 2036.67
2208.95, 2037.1
2209.03, 2037.52
2209.11, 2037.94
2209.19, 2038.37
2209.27, 2038.79
2209.35, 2039.21
2209.43, 2039.63
2209.51, 2040.06

waypoints
x, y
2205, 2015.93
2205.07, 2016.36
2205.15, 2016.78
2205.23, 2017.2
2205.31, 2017.63
2205.39, 2018.05
2205.47, 2018.47
2205.55, 2018.9
2205.63, 2019.32
2205.71, 2019.74
2205.79, 2020.17
2205.87, 2020.59
2205.95, 2021.02
2206.03, 2021.44
2206.1, 2021.86
2206.18, 2022.29
2206.26, 2022.71
2206.34, 2023.13
2206.42, 2023.56
2206.5, 2023.98
2206.58, 2024.4
2206.66, 2024.83
2206.74, 2025.25
2206.82, 2025.68
2206.9, 2026.1
2206.97, 2026.52
2207.05, 2026.94
2207.13, 2027.37
2207.21, 2027.79
2207.29, 2028.21
2207.37, 2028.64
2207.45, 2029.06
2207.53, 2029.48
2207.61, 2029.91
2207.69, 2030.33
2207.76, 2030.75
2207.84, 2031.17
2207.92, 2031.6
2208, 2032.02
2208.08, 2032.44
2208.16, 2032.87
2208.24, 2033.29
2208.32, 2033.71
2208.4, 2034.13
2208.48, 2034.56
2208.56, 2034.98
2208.64, 2035.4
2208.71, 2035.83
2208.79, 2036.25
2208.87, 2036.67
2208.95, 2037.1
2209.03, 2037.52
2209.11, 2037.94
2209.19, 2038.37
2209.27, 2038.79
2209.35, 2039.21
2209.43, 2039.63
2209.51, 2040.06

waypoints
x, y
2205.31, 2017.63
2205.39, 2018.05
2205.47, 2018.47
2205.55, 2018.9
2205.63, 2019.32
2205.71, 2019.74
2205.79, 2020.17
2205.87, 2020.59
2205.95, 2021.02
2206.03, 2021.44
2206.1, 2021.86
2206.18, 2022.29
2206.26, 2022.71
2206.34, 2023.13
2206.42, 2023.56
2206.5, 2023.98
2206.58, 2024.4
2206.66, 2024.83
2206.74, 2025.25
2206.82, 2025.68
2206.9, 2026.1
2206.97, 2026.52
2207.05, 2026.94
2207.13, 2027.37
2207.21, 2027.79
2207.29, 2028.21
2207.37, 2028.64
2207.45, 2029.06
2207.53, 2029.48
2207.61, 2029.91
2207.69, 2030.33
2207.76, 2030.75
2207.84, 2031.17
2207.92, 2031.6
2208, 2032.02
2208.08, 2032.44
2208.16, 2032.87
2208.24, 2033.29
2208.32, 2033.71
2208.4, 2034.13
2208.48, 2034.56
2208.56, 2034.98
2208.64, 2035.4
2208.71, 2035.83
2208.79, 2036.25
2208.87, 2036.67
2208.95, 2037.1
2209.03, 2037.52
2209.11, 2037.94
2209.19, 2038.37
2209.27, 2038.79
2209.35, 2039.21
2209.43, 2039.63
2209.51, 2040.06

waypoints
x, y
2205.63, 2019.32
2205.71, 2019.74
2205.79, 2020.17
2205.87, 2020.59
2205.95, 2021.02
2206.03, 2021.44
2206.1, 2021.86
2206.18, 2022.29
2206.26, 2022.71
2206.34, 2023.13
2206.42, 2023.56
2206.5, 2023.98
2206.58, 2024.4
2206.66, 2024.83
2206.74, 2025.25
2206.82, 2025.68
2206.9, 2026.1
2206.97, 2026.52
2207.05, 2026.94
2207.13, 2027.37
2207.21, 2027.79
2207.29, 2028.21
2207.37, 2028.64
2207.45, 2029.06
2207.53, 2029.48
2207.61, 2029.91
2207.69, 2030.33
2207.76, 2030.75
2207.84, 2031.17
2207.92, 2031.6
2208, 2032.02
2208.08, 2032.44
2208.16, 2032.87
2208.24, 2033.29
2208.32, 2033.71
2208.4, 2034.13
2208.48, 2034.56
2208.56, 2034.98
2208.64, 2035.4
2208.71, 2035.83
2208.79, 2036.25
2208.87, 2036.67
2208.95, 2037.1
2209.03, 2037.52
2209.11, 2037.94
2209.19, 2038.37
2209.27, 2038.79
2209.35, 2039.21
2209.43, 2039.63
2209.51, 2040.06

waypoints
x, y
2205.95, 2021.02
2206.03, 2021.44
2206.1, 2021.86
2206.18, 2022.29
2206.26, 2022.71
2206.34, 2023.13
2206.42, 2023.56
2206.5, 2023.98
2206.58, 2024.4
2206.66, 2024.83
2206.74, 2025.25
2206.82, 2025.68
2206.9, 2026.1
2206.97, 2026.52
2207.05, 2026.94
2207.13, 2027.37
2207.21, 2027.79
2207.29, 2028.21
2207.37, 2028.64
2207.45, 2029.06
2207.53, 2029.48
2207.61, 2029.91
2207.69, 2030.33
2207.76, 2030.75
2207.84, 2031.17
2207.92, 2031.6
2208, 2032.02
2208.08, 2032.44
2208.16, 2032.87
2208.24, 2033.29
2208.32, 2033.71
2208.4, 2034.13
2208.48, 2034.56
2208.56, 2034.98
2208.64, 2035.4
2208.71, 2035.83
2208.79, 2036.25
2208.87, 2036.67
2208.95, 2037.1
2209.03, 2037.52
2209.11, 2037.94
2209.19, 2038.37
2209.27, 2038.79
2209.35, 2039.21
2209.43, 2039.63
2209.51, 2040.06
2209.58, 2040.48
2209.66, 2040.91
2209.74, 2041.33
2209.82, 2041.75
2209.9, 2042.18
2209.98, 2042.6
2210.06, 2043.02
2210.14, 2043.45
2210.22, 2043.87
2210.29, 2044.2
2210.38, 2044.62
2210.48, 2045.04
2210.58, 2045.46
2210.68, 2045.88
2210.78, 2046.3
2210.88, 2046.72
2210.98, 2047.14
2211.07, 2047.56
2211.17, 2047.98
2211.27, 2048.4
2211.37, 2048.82
2211.47, 2049.23
2211.57, 2049.65
2211.66, 2050.07
2211.76, 2050.49
2211.86, 2050.91
2211.96, 2051.33
2212.06, 2051.75
2212.16, 2052.17
2212.26, 2052.59
2212.35, 2053
2212.45, 2053.42
2212.55, 2053.84
2212.65, 2054.26
2212.75, 2054.68
2212.85, 2055.1
2212.94, 2055.52
2213.04, 2055.94
2213.14, 2056.35
2213.24, 2056.77
2213.34, 2057.19
2213.44, 2057.61
2213.54, 2058.03
2213.63, 2058.45
2213.73, 2058.87
2213.83, 2059.29
2213.93, 2059.71
2214.03, 2060.13
2214.13, 2060.55

waypoints
x, y
2206.18, 2022.29
2206.26, 2022.71
2206.34, 2023.13
2206.42, 2023.56
2206.5, 2023.98
2206.58, 2024.4
2206.66, 2024.83
2206.74, 2025.25
2206.82, 2025.68
2206.9, 2026.1
2206.97, 2026.52
2207.05, 2026.94
2207.13, 2027.37
2207.21, 2027.79
2207.29, 2028.21
2207.37, 2028.64
2207.45, 2029.06
2207.53, 2029.48
2207.61, 2029.91
2207.69, 2030.33
2207.76, 2030.75
2207.84, 2031.17
2207.92, 2031.6
2208, 2032.02
2208.08, 2032.44
2208.16, 2032.87
2208.24, 2033.29
2208.32, 2033.71
2208.4, 2034.13
2208.48, 2034.56
2208.56, 2034.98
2208.64, 2035.4
2208.71, 2035.83
2208.79, 2036.25
2208.87, 2036.67
2208.95, 2037.1
2209.03, 2037.52
2209.11, 2037.94
2209.19, 2038.37
2209.27, 2038.79
2209.35, 2039.21
2209.43, 2039.63
2209.51, 2040.06
2209.58, 2040.48
2209.66, 2040.91
2209.74, 2041.33
2209.82, 2041.75
2209.9, 2042.18
2209.98, 2042.6
2210.06, 2043.03
2210.14, 2043.45
2210.22, 2043.87
2210.28, 2044.2
2210.38, 2044.62
2210.48, 2045.04
2210.58, 2045.46
2210.68, 2045.88
2210.78, 2046.3
2210.88, 2046.72
2210.97, 2047.14
2211.07, 2047.56
2211.17, 2047.98
2211.27, 2048.4
2211.37, 2048.82
2211.47, 2049.23
2211.57, 2049.65
2211.66, 2050.07
2211.76, 2050.49
2211.86, 2050.91
2211.96, 2051.33
2212.06, 2051.75
2212.16, 2052.17
2212.26, 2052.59
2212.35, 2053
2212.45, 2053.42
2212.55, 2053.84
2212.65, 2054.26
2212.75, 2054.68
2212.85, 2055.1
2212.95, 2055.52
2213.04, 2055.94
2213.14, 2056.36
2213.24, 2056.77
2213.34, 2057.19
2213.44, 2057.61
2213.54, 2058.03
2213.64, 2058.45
2213.73, 2058.87
2213.83, 2059.29
2213.93, 2059.71
2214.03, 2060.13
2214.13, 2060.55

waypoints
x, y
2206.5, 2023.98
2206.58, 2024.4
2206.66, 2024.83
2206.74, 2025.25
2206.82, 2025.68
2206.9, 2026.1
2206.97, 2026.52
2207.05, 2026.94
2207.13, 2027.37
2207.21, 2027.79
2207.29, 2028.21
2207.37, 2028.64
2207.45, 2029.06
2207.53, 2029.48
2207.61, 2029.91
2207.69, 2030.33
2207.76, 2030.75
2207.84, 2031.17
2207.92, 2031.6
2208, 2032.02
2208.08, 2032.44
2208.16, 2032.87
2208.24, 2033.29
2208.32, 2033.71
2208.4, 2034.13
2208.48, 2034.56
2208.56, 2034.98
2208.64, 2035.4
2208.71, 2035.83
2208.79, 2036.25
2208.87, 2036.67
2208.95, 2037.1
2209.03, 2037.52
2209.11, 2037.94
2209.19, 2038.37
2209.27, 2038.79
2209.35, 2039.21
2209.43, 2039.63
2209.51, 2040.06
2209.58, 2040.48
2209.66, 2040.91
2209.74, 2041.33
2209.82, 2041.75
2209.9, 2042.18
2209.98, 2042.6
2210.06, 2043.03
2210.14, 2043.45
2210.22, 2043.87
2210.28, 2044.2
2210.38, 2044.62
2210.48, 2045.04
2210.58, 2045.46
2210.68, 2045.88
2210.78, 2046.3
2210.88, 2046.72
2210.97, 2047.14
2211.07, 2047.56
2211.17, 2047.98
2211.27, 2048.4
2211.37, 2048.82
2211.47, 2049.23
2211.57, 2049.65
2211.66, 2050.07
2211.76, 2050.49
2211.86, 2050.91
2211.96, 2051.33
2212.06, 2051.75
2212.16, 2052.17
2212.26, 2052.59
2212.35, 2053
2212.45, 2053.42
2212.55, 2053.84
2212.65, 2054.26
2212.75, 2054.68
2212.85, 2055.1
2212.95, 2055.52
2213.04, 2055.94
2213.14, 2056.36
2213.24, 2056.77
2213.34, 2057.19
2213.44, 2057.61
2213.54, 2058.03
2213.64, 2058.45
2213.73, 2058.87
2213.83, 2059.29
2213.93, 2059.71
2214.03, 2060.13
2214.13, 2060.55

waypoints
x, y
2206.82, 2025.68
2206.9, 2026.1
2206.97, 2026.52
2207.05, 2026.94
2207.13, 2027.37
2207.21, 2027.79
2207.29, 2028.21
2207.37, 2028.64
2207.45, 2029.06
2207.53, 2029.48
2207.61, 2029.91
2207.69, 2030.33
2207.76, 2030.75
2207.84, 2031.17
2207.92, 2031.6
2208, 2032.02
2208.08, 2032.44
2208.16, 2032.87
2208.24, 2033.29
2208.32, 2033.71
2208.4, 2034.13
2208.48, 2034.56
2208.56, 2034.98
2208.64, 2035.4
2208.71, 2035.83
2208.79, 2036.25
2208.87, 2036.67
2208.95, 2037.1
2209.03, 2037.52
2209.11, 2037.94
2209.19, 2038.37
2209.27, 2038.79
2209.35, 2039.21
2209.43, 2039.63
2209.51, 2040.06
2209.58, 2040.48
2209.66, 2040.91
2209.74, 2041.33
2209.82, 2041.75
2209.9, 2042.18
2209.98, 2042.6
2210.06, 2043.03
2210.14, 2043.45
2210.22, 2043.87
2210.28, 2044.2
2210.38, 2044.62
2210.48, 2045.04
2210.58, 2045.46
2210.68, 2045.88
2210.78, 2046.3
2210.88, 2046.72
2210.97, 2047.14
2211.07, 2047.56
2211.17, 2047.98
2211.27, 2048.4
2211.37, 2048.82
2211.47, 2049.23
2211.57, 2049.65
2211.66, 2050.07
2211.76, 2050.49
2211.86, 2050.91
2211.96, 2051.33
2212.06, 2051.75
2212.16, 2052.17
2212.26, 2052.59
2212.35, 2053
2212.45, 2053.42
2212.55, 2053.84
2212.65, 2054.26
2212.75, 2054.68
2212.85, 2055.1
2212.95, 2055.52
2213.04, 2055.94
2213.14, 2056.36
2213.24, 2056.77
2213.34, 2057.19
2213.44, 2057.61
2213.54, 2058.03
2213.64, 2058.45
2213.73, 2058.87
2213.83, 2059.29
2213.93, 2059.71
2214.03, 2060.13
2214.13, 2060.55

waypoints
x, y
2207.13, 2027.37
2207.21, 2027.79
2207.29, 2028.21
2207.37, 2028.64
2207.45, 2029.06
2207.53, 2029.48
2207.61, 2029.91
2207.69, 2030.33
2207.76, 2030.75
2207.84, 2031.17
2207.92, 2031.6
2208, 2032.02
2208.08, 2032.44
2208.16, 2032.87
2208.24, 2033.29
2208.32, 2033.71
2208.4, 2034.13
2208.48, 2034.56
2208.56, 2034.98
2208.64, 2035.4
2208.71, 2035.83
2208.79, 2036.25
2208.87, 2036.67
2208.95, 2037.1
2209.03, 2037.52
2209.11, 2037.94
2209.19, 2038.37
2209.27, 2038.79
2209.35, 2039.21
2209.43, 2039.63
2209.51, 2040.06
2209.58, 2040.48
2209.66, 2040.91
2209.74, 2041.33
2209.82, 2041.75
2209.9, 2042.18
2209.98, 2042.6
2210.06, 2043.03
2210.14, 2043.45
2210.22, 2043.87
2210.28, 2044.2
2210.38, 2044.62
2210.48, 2045.04
2210.58, 2045.46
2210.68, 2045.88
2210.78, 2046.3
2210.88, 2046.72
2210.97, 2047.14
2211.07, 2047.56
2211.17, 2047.98
2211.27, 2048.4
2211.37, 2048.82
2211.47, 2049.23
2211.57, 2049.65
2211.66, 2050.07
2211.76, 2050.49
2211.86, 2050.91
2211.96, 2051.33
2212.06, 2051.75
2212.16, 2052.17
2212.26, 2052.59
2212.35, 2053
2212.45, 2053.42
2212.55, 2053.84
2212.65, 2054.26
2212.75, 2054.68
2212.85, 2055.1
2212.95, 2055.52
2213.04, 2055.94
2213.14, 2056.36
2213.24, 2056.77
2213.34, 2057.19
2213.44, 2057.61
2213.54, 2058.03
2213.64, 2058.45
2213.73, 2058.87
2213.83, 2059.29
2213.93, 2059.71
2214.03, 2060.13
2214.13, 2060.55

waypoints
x, y
2207.45, 2029.06
2207.53, 2029.48
2207.61, 2029.91
2207.69, 2030.33
2207.76, 2030.75
2207.84, 2031.17
2207.92, 2031.6
2208, 2032.02
2208.08, 2032.44
2208.16, 2032.87
2208.24, 2033.29
2208.32, 2033.71
2208.4, 2034.13
2208.48, 2034.56
2208.56, 2034.98
2208.64, 2035.4
2208.71, 2035.83
2208.79, 2036.25
2208.87, 2036.67
2208.95, 2037.1
2209.03, 2037.52
2209.11, 2037.94
2209.19, 2038.37
2209.27, 2038.79
2209.35, 2039.21
2209.43, 2039.63
2209.51, 2040.06
2209.58, 2040.48
2209.66, 2040.91
2209.74, 2041.33
2209.82, 2041.75
2209.9, 2042.18
2209.98, 2042.6
2210.06, 2043.03
2210.14, 2043.45
2210.22, 2043.87
2210.28, 2044.2
2210.38, 2044.62
2210.48, 2045.04
2210.58, 2045.46
2210.68, 2045.88
2210.78, 2046.3
2210.88, 2046.72
2210.97, 2047.14
2211.07, 2047.56
2211.17, 2047.98
2211.27, 2048.4
2211.37, 2048.82
2211.47, 2049.23
2211.57, 2049.65
2211.66, 2050.07
2211.76, 2050.49
2211.86, 2050.91
2211.96, 2051.33
2212.06, 2051.75
2212.16, 2052.17
2212.26, 2052.59
2212.35, 2053
2212.45, 2053.42
2212.55, 2053.84
2212.65, 2054.26
2212.75, 2054.68
2212.85, 2055.1
2212.95, 2055.52
2213.04, 2055.94
2213.14, 2056.36
2213.24, 2056.77
2213.34, 2057.19
2213.44, 2057.61
2213.54, 2058.03
2213.64, 2058.45
2213.73, 2058.87
2213.83, 2059.29
2213.93, 2059.71
2214.03, 2060.13
2214.13, 2060.55

waypoints
x, y
2207.76, 2030.75
2207.84, 2031.17
2207.92, 2031.6
2208, 2032.02
2208.08, 2032.44
2208.16, 2032.87
2208.24, 2033.29
2208.32, 2033.71
2208.4, 2034.13
2208.48, 2034.56
2208.56, 2034.98
2208.64, 2035.4
2208.71, 2035.83
2208.79, 2036.25
2208.87, 2036.67
2208.95, 2037.1
2209.03, 2037.52
2209.11, 2037.94
2209.19, 2038.37
2209.27, 2038.79
2209.35, 2039.21
2209.43, 2039.63
2209.51, 2040.06
2209.58, 2040.48
2209.66, 2040.91
2209.74, 2041.33
2209.82, 2041.75
2209.9, 2042.18
2209.98, 2042.6
2210.06, 2043.03
2210.14, 2043.45
2210.22, 2043.87
2210.28, 2044.2
2210.38, 2044.62
2210.48, 2045.04
2210.58, 2045.46
2210.68, 2045.88
2210.78, 2046.3
2210.88, 2046.72
2210.97, 2047.14
2211.07, 2047.56
2211.17, 2047.98
2211.27, 2048.4
2211.37, 2048.82
2211.47, 2049.23
2211.57, 2049.65
2211.66, 2050.07
2211.76, 2050.49
2211.86, 2050.91
2211.96, 2051.33
2212.06, 2051.75
2212.16, 2052.17
2212.26, 2052.59
2212.35, 2053
2212.45, 2053.42
2212.55, 2053.84
2212.65, 2054.26
2212.75, 2054.68
2212.85, 2055.1
2212.95, 2055.52
2213.04, 2055.94
2213.14, 2056.36
2213.24, 2056.77
2213.34, 2057.19
2213.44, 2057.61
2213.54, 2058.03
2213.64, 2058.45
2213.73, 2058.87
2213.83, 2059.29
2213.93, 2059.71
2214.03, 2060.13
2214.13, 2060.55

waypoints
x, y
2208.08, 2032.44
2208.16, 2032.87
2208.24, 2033.29
2208.32, 2033.71
2208.4, 2034.13
2208.48, 2034.56
2208.56, 2034.98
2208.64, 2035.4
2208.71, 2035.83
2208.79, 2036.25
2208.87, 2036.67
2208.95, 2037.1
2209.03, 2037.52
2209.11, 2037.94
2209.19, 2038.37
2209.27, 2038.79
2209.35, 2039.21
2209.43, 2039.63
2209.51, 2040.06
2209.58, 2040.48
2209.66, 2040.91
2209.74, 2041.33
2209.82, 2041.75
2209.9, 2042.18
2209.98, 2042.6
2210.06, 2043.03
2210.14, 2043.45
2210.22, 2043.87
2210.28, 2044.2
2210.38, 2044.62
2210.48, 2045.04
2210.58, 2045.46
2210.68, 2045.88
2210.78, 2046.3
2210.88, 2046.72
2210.97, 2047.14
2211.07, 2047.56
2211.17, 2047.98
2211.27, 2048.4
2211.37, 2048.82
2211.47, 2049.23
2211.57, 2049.65
2211.66, 2050.07
2211.76, 2050.49
2211.86, 2050.91
2211.96, 2051.33
2212.06, 2051.75
2212.16, 2052.17
2212.26, 2052.59
2212.35, 2053
2212.45, 2053.42
2212.55, 2053.84
2212.65, 2054.26
2212.75, 2054.68
2212.85, 2055.1
2212.95, 2055.52
2213.04, 2055.94
2213.14, 2056.36
2213.24, 2056.77
2213.34, 2057.19
2213.44, 2057.61
2213.54, 2058.03
2213.64, 2058.45
2213.73, 2058.87
2213.83, 2059.29
2213.93, 2059.71
2214.03, 2060.13
2214.13, 2060.55

waypoints
x, y
2208.32, 2033.71
2208.4, 2034.13
2208.48, 2034.56
2208.56, 2034.98
2208.64, 2035.4
2208.71, 2035.83
2208.79, 2036.25
2208.87, 2036.67
2208.95, 2037.1
2209.03, 2037.52
2209.11, 2037.94
2209.19, 2038.37
2209.27, 2038.79
2209.35, 2039.21
2209.43, 2039.63
2209.51, 2040.06
2209.58, 2040.48
2209.66, 2040.91
2209.74, 2041.33
2209.82, 2041.75
2209.9, 2042.18
2209.98, 2042.6
2210.06, 2043.03
2210.14, 2043.45
2210.22, 2043.87
2210.28, 2044.2
2210.38, 2044.62
2210.48, 2045.04
2210.58, 2045.46
2210.68, 2045.88
2210.78, 2046.3
2210.88, 2046.72
2210.97, 2047.14
2211.07, 2047.56
2211.17, 2047.98
2211.27, 2048.4
2211.37, 2048.82
2211.47, 2049.23
2211.57, 2049.65
2211.66, 2050.07
2211.76, 2050.49
2211.86, 2050.91
2211.96, 2051.33
2212.06, 2051.75
2212.16, 2052.17
2212.26, 2052.59
2212.35, 2053
2212.45, 2053.42
2212.55, 2053.84
2212.65, 2054.26
2212.75, 2054.68
2212.85, 2055.1
2212.95, 2055.52
2213.04, 2055.94
2213.14, 2056.36
2213.24, 2056.77
2213.34, 2057.19
2213.44, 2057.61
2213.54, 2058.03
2213.64, 2058.45
2213.73, 2058.87
2213.83, 2059.29
2213.93, 2059.71
2214.03, 2060.13
2214.13, 2060.55

waypoints
x, y
2208.64, 2035.4
2208.71, 2035.83
2208.79, 2036.25
2208.87, 2036.67
2208.95, 2037.1
2209.03, 2037.52
2209.11, 2037.94
2209.19, 2038.37
2209.27, 2038.79
2209.35, 2039.21
2209.43, 2039.63
2209.51, 2040.06
2209.58, 2040.48
2209.66, 2040.91
2209.74, 2041.33
2209.82, 2041.75
2209.9, 2042.18
2209.98, 2042.6
2210.06, 2043.03
2210.14, 2043.45
2210.22, 2043.87
2210.28, 2044.2
2210.38, 2044.62
2210.48, 2045.04
2210.58, 2045.46
2210.68, 2045.88
2210.78, 2046.3
2210.88, 2046.72
2210.97, 2047.14
2211.07, 2047.56
2211.17, 2047.98
2211.27, 2048.4
2211.37, 2048.82
2211.47, 2049.23
2211.57, 2049.65
2211.66, 2050.07
2211.76, 2050.49
2211.86, 2050.91
2211.96, 2051.33
2212.06, 2051.75
2212.16, 2052.17
2212.26, 2052.59
2212.35, 2053
2212.45, 2053.42
2212.55, 2053.84
2212.65, 2054.26
2212.75, 2054.68
2212.85, 2055.1
2212.95, 2055.52
2213.04, 2055.94
2213.14, 2056.36
2213.24, 2056.77
2213.34, 2057.19
2213.44, 2057.61
2213.54, 2058.03
2213.64, 2058.45
2213.73, 2058.87
2213.83, 2059.29
2213.93, 2059.71
2214.03, 2060.13
2214.13, 2060.55

waypoints
x, y
2208.95, 2037.1
2209.03, 2037.52
2209.11, 2037.94
2209.19, 2038.37
2209.27, 2038.79
2209.35, 2039.21
2209.43, 2039.63
2209.51, 2040.06
2209.58, 2040.48
2209.66, 2040.91
2209.74, 2041.33
2209.82, 2041.75
2209.9, 2042.18
2209.98, 2042.6
2210.06, 2043.03
2210.14, 2043.45
2210.22, 2043.87
2210.28, 2044.2
2210.38, 2044.62
2210.48, 2045.04
2210.58, 2045.46
2210.68, 2045.88
2210.78, 2046.3
2210.88, 2046.72
2210.97, 2047.14
2211.07, 2047.56
2211.17, 2047.98
2211.27, 2048.4
2211.37, 2048.82
2211.47, 2049.23
2211.57, 2049.65
2211.66, 2050.07
2211.76, 2050.49
2211.86, 2050.91
2211.96, 2051.33
2212.06, 2051.75
2212.16, 2052.17
2212.26, 2052.59
2212.35, 2053
2212.45, 2053.42
2212.55, 2053.84
2212.65, 2054.26
2212.75, 2054.68
2212.85, 2055.1
2212.95, 2055.52
2213.04, 2055.94
2213.14, 2056.36
2213.24, 2056.77
2213.34, 2057.19
2213.44, 2057.61
2213.54, 2058.03
2213.64, 2058.45
2213.73, 2058.87
2213.83, 2059.29
2213.93, 2059.71
2214.03, 2060.13
2214.13, 2060.55

waypoints
x, y
2209.27, 2038.79
2209.35, 2039.21
2209.43, 2039.63
2209.51, 2040.06
2209.58, 2040.48
2209.66, 2040.91
2209.74, 2041.33
2209.82, 2041.75
2209.9, 2042.18
2209.98, 2042.6
2210.06, 2043.03
2210.14, 2043.45
2210.22, 2043.87
2210.28, 2044.2
2210.38, 2044.62
2210.48, 2045.04
2210.58, 2045.46
2210.68, 2045.88
2210.78, 2046.3
2210.88, 2046.72
2210.97, 2047.14
2211.07, 2047.56
2211.17, 2047.98
2211.27, 2048.4
2211.37, 2048.82
2211.47, 2049.23
2211.57, 2049.65
2211.66, 2050.07
2211.76, 2050.49
2211.86, 2050.91
2211.96, 2051.33
2212.06, 2051.75
2212.16, 2052.17
2212.26, 2052.59
2212.35, 2053
2212.45, 2053.42
2212.55, 2053.84
2212.65, 2054.26
2212.75, 2054.68
2212.85, 2055.1
2212.95, 2055.52
2213.04, 2055.94
2213.14, 2056.36
2213.24, 2056.77
2213.34, 2057.19
2213.44, 2057.61
2213.54, 2058.03
2213.64, 2058.45
2213.73, 2058.87
2213.83, 2059.29
2213.93, 2059.71
2214.03, 2060.13
2214.13, 2060.55

waypoints
x, y
2209.58, 2040.48
2209.66, 2040.91
2209.74, 2041.33
2209.82, 2041.75
2209.9, 2042.18
2209.98, 2042.6
2210.06, 2043.03
2210.14, 2043.45
2210.22, 2043.87
2210.28, 2044.2
2210.38, 2044.62
2210.48, 2045.04
2210.58, 2045.46
2210.68, 2045.88
2210.78, 2046.3
2210.88, 2046.72
2210.97, 2047.14
2211.07, 2047.56
2211.17, 2047.98
2211.27, 2048.4
2211.37, 2048.82
2211.47, 2049.23
2211.57, 2049.65
2211.66, 2050.07
2211.76, 2050.49
2211.86, 2050.91
2211.96, 2051.33
2212.06, 2051.75
2212.16, 2052.17
2212.26, 2052.59
2212.35, 2053
2212.45, 2053.42
2212.55, 2053.84
2212.65, 2054.26
2212.75, 2054.68
2212.85, 2055.1
2212.95, 2055.52
2213.04, 2055.94
2213.14, 2056.36
2213.24, 2056.77
2213.34, 2057.19
2213.44, 2057.61
2213.54, 2058.03
2213.64, 2058.45
2213.73, 2058.87
2213.83, 2059.29
2213.93, 2059.71
2214.03, 2060.13
2214.13, 2060.55
2214.23, 2060.96
2214.32, 2061.38
2214.42, 2061.8
2214.52, 2062.22
2214.62, 2062.64
2214.72, 2063.06
2214.82, 2063.48
2214.91, 2063.9
2215.01, 2064.32
2215.11, 2064.73
2215.21, 2065.15
2215.31, 2065.57
2215.41, 2065.99
2215.51, 2066.41
2215.6, 2066.83
2215.7, 2067.25
2215.8, 2067.67
2215.9, 2068.09
2216, 2068.51
2216.1, 2068.93
2216.2, 2069.34
2216.29, 2069.76
2216.39, 2070.18
2216.49, 2070.6
2216.59, 2071.02
2216.69, 2071.44
2216.79, 2071.86
2216.89, 2072.28
2216.98, 2072.7
2217.08, 2073.12
2217.18, 2073.54
2217.28, 2073.96
2217.38, 2074.38
2217.48, 2074.8
2217.58, 2075.21
2217.67, 2075.63
2217.77, 2076.05
2217.87, 2076.47
2217.97, 2076.89
2218.07, 2077.31
2218.17, 2077.73
2218.27, 2078.15
2218.36, 2078.57
2218.46, 2078.99
2218.53, 2079.28
2218.66, 2079.69
2218.78, 2080.1
2218.91, 2080.51
2219.04, 2080.93

waypoints
x, y
2209.82, 2041.75
2209.9, 2042.18
2209.98, 2042.6
2210.06, 2043.03
2210.14, 2043.45
2210.22, 2043.87
2210.28, 2044.2
2210.38, 2044.62
2210.48, 2045.04
2210.58, 2045.46
2210.68, 2045.88
2210.78, 2046.3
2210.88, 2046.72
2210.97, 2047.14
2211.07, 2047.56
2211.17, 2047.98
2211.27, 2048.4
2211.37, 2048.82
2211.47, 2049.23
2211.57, 2049.65
2211.66, 2050.07
2211.76, 2050.49
2211.86, 2050.91
2211.96, 2051.33
2212.06, 2051.75
2212.16, 2052.17
2212.26, 2052.59
2212.35, 2053
2212.45, 2053.42
2212.55, 2053.84
2212.65, 2054.26
2212.75, 2054.68
2212.85, 2055.1
2212.95, 2055.52
2213.04, 2055.94
2213.14, 2056.36
2213.24, 2056.77
2213.34, 2057.19
2213.44, 2057.61
2213.54, 2058.03
2213.64, 2058.45
2213.73, 2058.87
2213.83, 2059.29
2213.93, 2059.71
2214.03, 2060.13
2214.13, 2060.55
2214.22, 2060.96
2214.32, 2061.38
2214.42, 2061.8
2214.52, 2062.22
2214.62, 2062.64
2214.72, 2063.06
2214.82, 2063.48
2214.91, 2063.9
2215.01, 2064.32
2215.11, 2064.73
2215.21, 2065.15
2215.31, 2065.57
2215.41, 2065.99
2215.51, 2066.41
2215.6, 2066.83
2215.7, 2067.25
2215.8, 2067.67
2215.9, 2068.09
2216, 2068.51
2216.1, 2068.93
2216.2, 2069.34
2216.3, 2069.76
2216.39, 2070.18
2216.49, 2070.6
2216.59, 2071.02
2216.69, 2071.44
2216.79, 2071.86
2216.89, 2072.28
2216.99, 2072.7
2217.08, 2073.12
2217.18, 2073.54
2217.28, 2073.96
2217.38, 2074.38
2217.48, 2074.8
2217.58, 2075.21
2217.68, 2075.63
2217.77, 2076.05
2217.87, 2076.47
2217.97, 2076.89
2218.07, 2077.31
2218.17, 2077.73
2218.27, 2078.15
2218.36, 2078.57
2218.46, 2078.99
2218.53, 2079.28
2218.66, 2079.69
2218.78, 2080.1
2218.91, 2080.51
2219.04, 2080.93

waypoints
x, y
2210.14, 2043.45
2210.22, 2043.87
2210.28, 2044.2
2210.38, 2044.62
2210.48, 2045.04
2210.58, 2045.46
2210.68, 2045.88
2210.78, 2046.3
2210.88, 2046.72
2210.97, 2047.14
2211.07, 2047.56
2211.17, 2047.98
2211.27, 2048.4
2211.37, 2048.82
2211.47, 2049.23
2211.57, 2049.65
2211.66, 2050.07
2211.76, 2050.49
2211.86, 2050.91
2211.96, 2051.33
2212.06, 2051.75
2212.16, 2052.17
2212.26, 2052.59
2212.35, 2053
2212.45, 2053.42
2212.55, 2053.84
2212.65, 2054.26
2212.75, 2054.68
2212.85, 2055.1
2212.95, 2055.52
2213.04, 2055.94
2213.14, 2056.36
2213.24, 2056.77
2213.34, 2057.19
2213.44, 2057.61
2213.54, 2058.03
2213.64, 2058.45
2213.73, 2058.87
2213.83, 2059.29
2213.93, 2059.71
2214.03, 2060.13
2214.13, 2060.55
2214.22, 2060.96
2214.32, 2061.38
2214.42, 2061.8
2214.52, 2062.22
2214.62, 2062.64
2214.72, 2063.06
2214.82, 2063.48
2214.91, 2063.9
2215.01, 2064.32
2215.11, 2064.73
2215.21, 2065.15
2215.31, 2065.57
2215.41, 2065.99
2215.51, 2066.41
2215.6, 2066.83
2215.7, 2067.25
2215.8, 2067.67
2215.9, 2068.09
2216, 2068.51
2216.1, 2068.93
2216.2, 2069.34
2216.3, 2069.76
2216.39, 2070.18
2216.49, 2070.6
2216.59, 2071.02
2216.69, 2071.44
2216.79, 2071.86
2216.89, 2072.28
2216.99, 2072.7
2217.08, 2073.12
2217.18, 2073.54
2217.28, 2073.96
2217.38, 2074.38
2217.48, 2074.8
2217.58, 2075.21
2217.68, 2075.63
2217.77, 2076.05
2217.87, 2076.47
2217.97, 2076.89
2218.07, 2077.31
2218.17, 2077.73
2218.27, 2078.15
2218.36, 2078.57
2218.46, 2078.99
2218.53, 2079.28
2218.66, 2079.69
2218.78, 2080.1
2218.91, 2080.51
2219.04, 2080.93

waypoints
x, y
2210.48, 2045.04
2210.58, 2045.46
2210.68, 2045.88
2210.78, 2046.3
2210.88, 2046.72
2210.97, 2047.14
2211.07, 2047.56
2211.17, 2047.98
2211.27, 2048.4
2211.37, 2048.82
2211.47, 2049.23
2211.57, 2049.65
2211.66, 2050.07
2211.76, 2050.49
2211.86, 2050.91
2211.96, 2051.33
2212.06, 2051.75
2212.16, 2052.17
2212.26, 2052.59
2212.35, 2053
2212.45, 2053.42
2212.55, 2053.84
2212.65, 2054.26
2212.75, 2054.68
2212.85, 2055.1
2212.95, 2055.52
2213.04, 2055.94
2213.14, 2056.36
2213.24, 2056.77
2213.34, 2057.19
2213.44, 2057.61
2213.54, 2058.03
2213.64, 2058.45
2213.73, 2058.87
2213.83, 2059.29
2213.93, 2059.71
2214.03, 2060.13
2214.13, 2060.55
2214.22, 2060.96
2214.32, 2061.38
2214.42, 2061.8
2214.52, 2062.22
2214.62, 2062.64
2214.72, 2063.06
2214.82, 2063.48
2214.91, 2063.9
2215.01, 2064.32
2215.11, 2064.73
2215.21, 2065.15
2215.31, 2065.57
2215.41, 2065.99
2215.51, 2066.41
2215.6, 2066.83
2215.7, 2067.25
2215.8, 2067.67
2215.9, 2068.09
2216, 2068.51
2216.1, 2068.93
2216.2, 2069.34
2216.3, 2069.76
2216.39, 2070.18
2216.49, 2070.6
2216.59, 2071.02
2216.69, 2071.44
2216.79, 2071.86
2216.89, 2072.28
2216.99, 2072.7
2217.08, 2073.12
2217.18, 2073.54
2217.28, 2073.96
2217.38, 2074.38
2217.48, 2074.8
2217.58, 2075.21
2217.68, 2075.63
2217.77, 2076.05
2217.87, 2076.47
2217.97, 2076.89
2218.07, 2077.31
2218.17, 2077.73
2218.27, 2078.15
2218.36, 2078.57
2218.46, 2078.99
2218.53, 2079.28
2218.66, 2079.69
2218.78, 2080.1
2218.91, 2080.51
2219.04, 2080.93

waypoints
x, y
2210.97, 2047.14
2211.07, 2047.56
2211.17, 2047.98
2211.27, 2048.4
2211.37, 2048.82
2211.47, 2049.23
2211.57, 2049.65
2211.66, 2050.07
2211.76, 2050.49
2211.86, 2050.91
2211.96, 2051.33
2212.06, 2051.75
2212.16, 2052.17
2212.26, 2052.59
2212.35, 2053
2212.45, 2053.42
2212.55, 2053.84
2212.65, 2054.26
2212.75, 2054.68
2212.85, 2055.1
2212.95, 2055.52
2213.04, 2055.94
2213.14, 2056.36
2213.24, 2056.77
2213.34, 2057.19
2213.44, 2057.61
2213.54, 2058.03
2213.64, 2058.45
2213.73, 2058.87
2213.83, 2059.29
2213.93, 2059.71
2214.03, 2060.13
2214.13, 2060.55
2214.22, 2060.96
2214.32, 2061.38
2214.42, 2061.8
2214.52, 2062.22
2214.62, 2062.64
2214.72, 2063.06
2214.82, 2063.48
2214.91, 2063.9
2215.01, 2064.32
2215.11, 2064.73
2215.21, 2065.15
2215.31, 2065.57
2215.41, 2065.99
2215.51, 2066.41
2215.6, 2066.83
2215.7, 2067.25
2215.8, 2067.67
2215.9, 2068.09
2216, 2068.51
2216.1, 2068.93
2216.2, 2069.34
2216.3, 2069.76
2216.39, 2070.18
2216.49, 2070.6
2216.59, 2071.02
2216.69, 2071.44
2216.79, 2071.86
2216.89, 2072.28
2216.99, 2072.7
2217.08, 2073.12
2217.18, 2073.54
2217.28, 2073.96
2217.38, 2074.38
2217.48, 2074.8
2217.58, 2075.21
2217.68, 2075.63
2217.77, 2076.05
2217.87, 2076.47
2217.97, 2076.89
2218.07, 2077.31
2218.17, 2077.73
2218.27, 2078.15
2218.36, 2078.57
2218.46, 2078.99
2218.53, 2079.28
2218.66, 2079.69
2218.78, 2080.1
2218.91, 2080.51
2219.04, 2080.93

waypoints
x, y
2211.27, 2048.4
2211.37, 2048.82
2211.47, 2049.23
2211.57, 2049.65
2211.66, 2050.07
2211.76, 2050.49
2211.86, 2050.91
2211.96, 2051.33
2212.06, 2051.75
2212.16, 2052.17
2212.26, 2052.59
2212.35, 2053
2212.45, 2053.42
2212.55, 2053.84
2212.65, 2054.26
2212.75, 2054.68
2212.85, 2055.1
2212.95, 2055.52
2213.04, 2055.94
2213.14, 2056.36
2213.24, 2056.77
2213.34, 2057.19
2213.44, 2057.61
2213.54, 2058.03
2213.64, 2058.45
2213.73, 2058.87
2213.83, 2059.29
2213.93, 2059.71
2214.03, 2060.13
2214.13, 2060.55
2214.22, 2060.96
2214.32, 2061.38
2214.42, 2061.8
2214.52, 2062.22
2214.62, 2062.64
2214.72, 2063.06
2214.82, 2063.48
2214.91, 2063.9
2215.01, 2064.32
2215.11, 2064.73
2215.21, 2065.15
2215.31, 2065.57
2215.41, 2065.99
2215.51, 2066.41
2215.6, 2066.83
2215.7, 2067.25
2215.8, 2067.67
2215.9, 2068.09
2216, 2068.51
2216.1, 2068.93
2216.2, 2069.34
2216.3, 2069.76
2216.39, 2070.18
2216.49, 2070.6
2216.59, 2071.02
2216.69, 2071.44
2216.79, 2071.86
2216.89, 2072.28
2216.99, 2072.7
2217.08, 2073.12
2217.18, 2073.54
2217.28, 2073.96
2217.38, 2074.38
2217.48, 2074.8
2217.58, 2075.21
2217.68, 2075.63
2217.77, 2076.05
2217.87, 2076.47
2217.97, 2076.89
2218.07, 2077.31
2218.17, 2077.73
2218.27, 2078.15
2218.36, 2078.57
2218.46, 2078.99
2218.53, 2079.28
2218.66, 2079.69
2218.78, 2080.1
2218.91, 2080.51
2219.04, 2080.93

waypoints
x, y
2211.66, 2050.07
2211.76, 2050.49
2211.86, 2050.91
2211.96, 2051.33
2212.06, 2051.75
2212.16, 2052.17
2212.26, 2052.59
2212.35, 2053
2212.45, 2053.42
2212.55, 2053.84
2212.65, 2054.26
2212.75, 2054.68
2212.85, 2055.1
2212.95, 2055.52
2213.04, 2055.94
2213.14, 2056.36
2213.24, 2056.77
2213.34, 2057.19
2213.44, 2057.61
2213.54, 2058.03
2213.64, 2058.45
2213.73, 2058.87
2213.83, 2059.29
2213.93, 2059.71
2214.03, 2060.13
2214.13, 2060.55
2214.22, 2060.96
2214.32, 2061.38
2214.42, 2061.8
2214.52, 2062.22
2214.62, 2062.64
2214.72, 2063.06
2214.82, 2063.48
2214.91, 2063.9
2215.01, 2064.32
2215.11, 2064.73
2215.21, 2065.15
2215.31, 2065.57
2215.41, 2065.99
2215.51, 2066.41
2215.6, 2066.83
2215.7, 2067.25
2215.8, 2067.67
2215.9, 2068.09
2216, 2068.51
2216.1, 2068.93
2216.2, 2069.34
2216.3, 2069.76
2216.39, 2070.18
2216.49, 2070.6
2216.59, 2071.02
2216.69, 2071.44
2216.79, 2071.86
2216.89, 2072.28
2216.99, 2072.7
2217.08, 2073.12
2217.18, 2073.54
2217.28, 2073.96
2217.38, 2074.38
2217.48, 2074.8
2217.58, 2075.21
2217.68, 2075.63
2217.77, 2076.05
2217.87, 2076.47
2217.97, 2076.89
2218.07, 2077.31
2218.17, 2077.73
2218.27, 2078.15
2218.36, 2078.57
2218.46, 2078.99
2218.53, 2079.28
2218.66, 2079.69
2218.78, 2080.1
2218.91, 2080.51
2219.04, 2080.93

waypoints
x, y
2212.06, 2051.75
2212.16, 2052.17
2212.26, 2052.59
2212.35, 2053
2212.45, 2053.42
2212.55, 2053.84
2212.65, 2054.26
2212.75, 2054.68
2212.85, 2055.1
2212.95, 2055.52
2213.04, 2055.94
2213.14, 2056.36
2213.24, 2056.77
2213.34, 2057.19
2213.44, 2057.61
2213.54, 2058.03
2213.64, 2058.45
2213.73, 2058.87
2213.83, 2059.29
2213.93, 2059.71
2214.03, 2060.13
2214.13, 2060.55
2214.22, 2060.96
2214.32, 2061.38
2214.42, 2061.8
2214.52, 2062.22
2214.62, 2062.64
2214.72, 2063.06
2214.82, 2063.48
2214.91, 2063.9
2215.01, 2064.32
2215.11, 2064.73
2215.21, 2065.15
2215.31, 2065.57
2215.41, 2065.99
2215.51, 2066.41
2215.6, 2066.83
2215.7, 2067.25
2215.8, 2067.67
2215.9, 2068.09
2216, 2068.51
2216.1, 2068.93
2216.2, 2069.34
2216.3, 2069.76
2216.39, 2070.18
2216.49, 2070.6
2216.59, 2071.02
2216.69, 2071.44
2216.79, 2071.86
2216.89, 2072.28
2216.99, 2072.7
2217.08, 2073.12
2217.18, 2073.54
2217.28, 2073.96
2217.38, 2074.38
2217.48, 2074.8
2217.58, 2075.21
2217.68, 2075.63
2217.77, 2076.05
2217.87, 2076.47
2217.97, 2076.89
2218.07, 2077.31
2218.17, 2077.73
2218.27, 2078.15
2218.36, 2078.57
2218.46, 2078.99
2218.53, 2079.28
2218.66, 2079.69
2218.78, 2080.1
2218.91, 2080.51
2219.04, 2080.93

waypoints
x, y
2212.35, 2053
2212.45, 2053.42
2212.55, 2053.84
2212.65, 2054.26
2212.75, 2054.68
2212.85, 2055.1
2212.95, 2055.52
2213.04, 2055.94
2213.14, 2056.36
2213.24, 2056.77
2213.34, 2057.19
2213.44, 2057.61
2213.54, 2058.03
2213.64, 2058.45
2213.73, 2058.87
2213.83, 2059.29
2213.93, 2059.71
2214.03, 2060.13
2214.13, 2060.55
2214.22, 2060.96
2214.32, 2061.38
2214.42, 2061.8
2214.52, 2062.22
2214.62, 2062.64
2214.72, 2063.06
2214.82, 2063.48
2214.91, 2063.9
2215.01, 2064.32
2215.11, 2064.73
2215.21, 2065.15
2215.31, 2065.57
2215.41, 2065.99
2215.51, 2066.41
2215.6, 2066.83
2215.7, 2067.25
2215.8, 2067.67
2215.9, 2068.09
2216, 2068.51
2216.1, 2068.93
2216.2, 2069.34
2216.3, 2069.76
2216.39, 2070.18
2216.49, 2070.6
2216.59, 2071.02
2216.69, 2071.44
2216.79, 2071.86
2216.89, 2072.28
2216.99, 2072.7
2217.08, 2073.12
2217.18, 2073.54
2217.28, 2073.96
2217.38, 2074.38
2217.48, 2074.8
2217.58, 2075.21
2217.68, 2075.63
2217.77, 2076.05
2217.87, 2076.47
2217.97, 2076.89
2218.07, 2077.31
2218.17, 2077.73
2218.27, 2078.15
2218.36, 2078.57
2218.46, 2078.99
2218.53, 2079.28
2218.66, 2079.69
2218.78, 2080.1
2218.91, 2080.51
2219.04, 2080.93

waypoints
x, y
2212.75, 2054.68
2212.85, 2055.1
2212.95, 2055.52
2213.04, 2055.94
2213.14, 2056.36
2213.24, 2056.77
2213.34, 2057.19
2213.44, 2057.61
2213.54, 2058.03
2213.64, 2058.45
2213.73, 2058.87
2213.83, 2059.29
2213.93, 2059.71
2214.03, 2060.13
2214.13, 2060.55
2214.22, 2060.96
2214.32, 2061.38
2214.42, 2061.8
2214.52, 2062.22
2214.62, 2062.64
2214.72, 2063.06
2214.82, 2063.48
2214.91, 2063.9
2215.01, 2064.32
2215.11, 2064.73
2215.21, 2065.15
2215.31, 2065.57
2215.41, 2065.99
2215.51, 2066.41
2215.6, 2066.83
2215.7, 2067.25
2215.8, 2067.67
2215.9, 2068.09
2216, 2068.51
2216.1, 2068.93
2216.2, 2069.34
2216.3, 2069.76
2216.39, 2070.18
2216.49, 2070.6
2216.59, 2071.02
2216.69, 2071.44
2216.79, 2071.86
2216.89, 2072.28
2216.99, 2072.7
2217.08, 2073.12
2217.18, 2073.54
2217.28, 2073.96
2217.38, 2074.38
2217.48, 2074.8
2217.58, 2075.21
2217.68, 2075.63
2217.77, 2076.05
2217.87, 2076.47
2217.97, 2076.89
2218.07, 2077.31
2218.17, 2077.73
2218.27, 2078.15
2218.36, 2078.57
2218.46, 2078.99
2218.53, 2079.28
2218.66, 2079.69
2218.78, 2080.1
2218.91, 2080.51
2219.04, 2080.93

waypoints
x, y
2213.14, 2056.36
2213.24, 2056.77
2213.34, 2057.19
2213.44, 2057.61
2213.54, 2058.03
2213.64, 2058.45
2213.73, 2058.87
2213.83, 2059.29
2213.93, 2059.71
2214.03, 2060.13
2214.13, 2060.55
2214.22, 2060.96
2214.32, 2061.38
2214.42, 2061.8
2214.52, 2062.22
2214.62, 2062.64
2214.72, 2063.06
2214.82, 2063.48
2214.91, 2063.9
2215.01, 2064.32
2215.11, 2064.73
2215.21, 2065.15
2215.31, 2065.57
2215.41, 2065.99
2215.51, 2066.41
2215.6, 2066.83
2215.7, 2067.25
2215.8, 2067.67
2215.9, 2068.09
2216, 2068.51
2216.1, 2068.93
2216.2, 2069.34
2216.3, 2069.76
2216.39, 2070.18
2216.49, 2070.6
2216.59, 2071.02
2216.69, 2071.44
2216.79, 2071.86
2216.89, 2072.28
2216.99, 2072.7
2217.08, 2073.12
2217.18, 2073.54
2217.28, 2073.96
2217.38, 2074.38
2217.48, 2074.8
2217.58, 2075.21
2217.68, 2075.63
2217.77, 2076.05
2217.87, 2076.47
2217.97, 2076.89
2218.07, 2077.31
2218.17, 2077.73
2218.27, 2078.15
2218.36, 2078.57
2218.46, 2078.99
2218.53, 2079.28
2218.66, 2079.69
2218.78, 2080.1
2218.91, 2080.51
2219.04, 2080.93

waypoints
x, y
2213.44, 2057.61
2213.54, 2058.03
2213.64, 2058.45
2213.73, 2058.87
2213.83, 2059.29
2213.93, 2059.71
2214.03, 2060.13
2214.13, 2060.55
2214.22, 2060.96
2214.32, 2061.38
2214.42, 2061.8
2214.52, 2062.22
2214.62, 2062.64
2214.72, 2063.06
2214.82, 2063.48
2214.91, 2063.9
2215.01, 2064.32
2215.11, 2064.73
2215.21, 2065.15
2215.31, 2065.57
2215.41, 2065.99
2215.51, 2066.41
2215.6, 2066.83
2215.7, 2067.25
2215.8, 2067.67
2215.9, 2068.09
2216, 2068.51
2216.1, 2068.93
2216.2, 2069.34
2216.3, 2069.76
2216.39, 2070.18
2216.49, 2070.6
2216.59, 2071.02
2216.69, 2071.44
2216.79, 2071.86
2216.89, 2072.28
2216.99, 2072.7
2217.08, 2073.12
2217.18, 2073.54
2217.28, 2073.96
2217.38, 2074.38
2217.48, 2074.8
2217.58, 2075.21
2217.68, 2075.63
2217.77, 2076.05
2217.87, 2076.47
2217.97, 2076.89
2218.07, 2077.31
2218.17, 2077.73
2218.27, 2078.15
2218.36, 2078.57
2218.46, 2078.99
2218.53, 2079.28
2218.66, 2079.69
2218.78, 2080.1
2218.91, 2080.51
2219.04, 2080.93

waypoints
x, y
2213.83, 2059.29
2213.93, 2059.71
2214.03, 2060.13
2214.13, 2060.55
2214.22, 2060.96
2214.32, 2061.38
2214.42, 2061.8
2214.52, 2062.22
2214.62, 2062.64
2214.72, 2063.06
2214.82, 2063.48
2214.91, 2063.9
2215.01, 2064.32
2215.11, 2064.73
2215.21, 2065.15
2215.31, 2065.57
2215.41, 2065.99
2215.51, 2066.41
2215.6, 2066.83
2215.7, 2067.25
2215.8, 2067.67
2215.9, 2068.09
2216, 2068.51
2216.1, 2068.93
2216.2, 2069.34
2216.3, 2069.76
2216.39, 2070.18
2216.49, 2070.6
2216.59, 2071.02
2216.69, 2071.44
2216.79, 2071.86
2216.89, 2072.28
2216.99, 2072.7
2217.08, 2073.12
2217.18, 2073.54
2217.28, 2073.96
2217.38, 2074.38
2217.48, 2074.8
2217.58, 2075.21
2217.68, 2075.63
2217.77, 2076.05
2217.87, 2076.47
2217.97, 2076.89
2218.07, 2077.31
2218.17, 2077.73
2218.27, 2078.15
2218.36, 2078.57
2218.46, 2078.99
2218.53, 2079.28
2218.66, 2079.69
2218.78, 2080.1
2218.91, 2080.51
2219.04, 2080.93

waypoints
x, y
2214.22, 2060.96
2214.32, 2061.38
2214.42, 2061.8
2214.52, 2062.22
2214.62, 2062.64
2214.72, 2063.06
2214.82, 2063.48
2214.91, 2063.9
2215.01, 2064.32
2215.11, 2064.73
2215.21, 2065.15
2215.31, 2065.57
2215.41, 2065.99
2215.51, 2066.41
2215.6, 2066.83
2215.7, 2067.25
2215.8, 2067.67
2215.9, 2068.09
2216, 2068.51
2216.1, 2068.93
2216.2, 2069.34
2216.3, 2069.76
2216.39, 2070.18
2216.49, 2070.6
2216.59, 2071.02
2216.69, 2071.44
2216.79, 2071.86
2216.89, 2072.28
2216.99, 2072.7
2217.08, 2073.12
2217.18, 2073.54
2217.28, 2073.96
2217.38, 2074.38
2217.48, 2074.8
2217.58, 2075.21
2217.68, 2075.63
2217.77, 2076.05
2217.87, 2076.47
2217.97, 2076.89
2218.07, 2077.31
2218.17, 2077.73
2218.27, 2078.15
2218.36, 2078.57
2218.46, 2078.99
2218.53, 2079.28
2218.66, 2079.69
2218.78, 2080.1
2218.91, 2080.51
2219.04, 2080.93
2219.23, 2081.17
2219.36, 2081.58
2219.48, 2082
2219.61, 2082.41
2219.73, 2082.82
2219.86, 2083.23
2219.98, 2083.64
2220.11, 2084.05
2220.23, 2084.47
2220.36, 2084.88
2220.48, 2085.29
2220.61, 2085.7
2220.73, 2086.11
2220.85, 2086.53
2220.98, 2086.94
2221.1, 2087.35
2221.22, 2087.76
2221.34, 2088.18
2221.47, 2088.59
2221.59, 2089
2221.71, 2089.42
2221.83, 2089.83
2221.96, 2090.24
2222.08, 2090.66
2222.2, 2091.07
2222.32, 2091.48
2222.44, 2091.89
2222.57, 2092.31
2222.69, 2092.72
2222.81, 2093.13
2222.93, 2093.55
2223.06, 2093.96
2223.18, 2094.37
2223.3, 2094.79
2223.42, 2095.2
2223.55, 2095.61
2223.67, 2096.02
2223.79, 2096.44
2223.92, 2096.85
2224.04, 2097.26
2224.17, 2097.67
2224.29, 2098.09
2224.42, 2098.5
2224.54, 2098.91
2224.67, 2099.32
2224.79, 2099.73
2224.92, 2100.15
2225.04, 2100.56
2225.17, 2100.97

waypoints
x, y
2214.62, 2062.64
2214.72, 2063.06
2214.82, 2063.48
2214.91, 2063.9
2215.01, 2064.32
2215.11, 2064.73
2215.21, 2065.15
2215.31, 2065.57
2215.41, 2065.99
2215.51, 2066.41
2215.6, 2066.83
2215.7, 2067.25
2215.8, 2067.67
2215.9, 2068.09
2216, 2068.51
2216.1, 2068.93
2216.2, 2069.34
2216.3, 2069.76
2216.39, 2070.18
2216.49, 2070.6
2216.59, 2071.02
2216.69, 2071.44
2216.79, 2071.86
2216.89, 2072.28
2216.99, 2072.7
2217.08, 2073.12
2217.18, 2073.54
2217.28, 2073.96
2217.38, 2074.38
2217.48, 2074.8
2217.58, 2075.21
2217.68, 2075.63
2217.77, 2076.05
2217.87, 2076.47
2217.97, 2076.89
2218.07, 2077.31
2218.17, 2077.73
2218.27, 2078.15
2218.36, 2078.57
2218.46, 2078.99
2218.53, 2079.28
2218.66, 2079.69
2218.78, 2080.1
2218.91, 2080.51
2219.04, 2080.93
2219.23, 2081.17
2219.36, 2081.58
2219.48, 2082
2219.61, 2082.41
2219.73, 2082.82
2219.86, 2083.23
2219.98, 2083.64
2220.11, 2084.05
2220.23, 2084.47
2220.36, 2084.88
2220.48, 2085.29
2220.61, 2085.7
2220.73, 2086.11
2220.85, 2086.53
2220.98, 2086.94
2221.1, 2087.35
2221.22, 2087.76
2221.34, 2088.18
2221.47, 2088.59
2221.59, 2089
2221.71, 2089.42
2221.83, 2089.83
2221.96, 2090.24
2222.08, 2090.66
2222.2, 2091.07
2222.32, 2091.48
2222.44, 2091.89
2222.57, 2092.31
2222.69, 2092.72
2222.81, 2093.13
2222.93, 2093.55
2223.05, 2093.96
2223.18, 2094.37
2223.3, 2094.79
2223.42, 2095.2
2223.55, 2095.61
2223.67, 2096.02
2223.79, 2096.44
2223.92, 2096.85
2224.04, 2097.26
2224.17, 2097.67
2224.29, 2098.09
2224.42, 2098.5
2224.54, 2098.91
2224.67, 2099.32
2224.79, 2099.73
2224.92, 2100.15
2225.04, 2100.56
2225.17, 2100.97

waypoints
x, y
2215.01, 2064.32
2215.11, 2064.73
2215.21, 2065.15
2215.31, 2065.57
2215.41, 2065.99
2215.51, 2066.41
2215.6, 2066.83
2215.7, 2067.25
2215.8, 2067.67
2215.9, 2068.09
2216, 2068.51
2216.1, 2068.93
2216.2, 2069.34
2216.3, 2069.76
2216.39, 2070.18
2216.49, 2070.6
2216.59, 2071.02
2216.69, 2071.44
2216.79, 2071.86
2216.89, 2072.28
2216.99, 2072.7
2217.08, 2073.12
2217.18, 2073.54
2217.28, 2073.96
2217.38, 2074.38
2217.48, 2074.8
2217.58, 2075.21
2217.68, 2075.63
2217.77, 2076.05
2217.87, 2076.47
2217.97, 2076.89
2218.07, 2077.31
2218.17, 2077.73
2218.27, 2078.15
2218.36, 2078.57
2218.46, 2078.99
2218.53, 2079.28
2218.66, 2079.69
2218.78, 2080.1
2218.91, 2080.51
2219.04, 2080.93
2219.23, 2081.17
2219.36, 2081.58
2219.48, 2082
2219.61, 2082.41
2219.73, 2082.82
2219.86, 2083.23
2219.98, 2083.64
2220.11, 2084.05
2220.23, 2084.47
2220.36, 2084.88
2220.48, 2085.29
2220.61, 2085.7
2220.73, 2086.11
2220.85, 2086.53
2220.98, 2086.94
2221.1, 2087.35
2221.22, 2087.76
2221.34, 2088.18
2221.47, 2088.59
2221.59, 2089
2221.71, 2089.42
2221.83, 2089.83
2221.96, 2090.24
2222.08, 2090.66
2222.2, 2091.07
2222.32, 2091.48
2222.44, 2091.89
2222.57, 2092.31
2222.69, 2092.72
2222.81, 2093.13
2222.93, 2093.55
2223.05, 2093.96
2223.18, 2094.37
2223.3, 2094.79
2223.42, 2095.2
2223.55, 2095.61
2223.67, 2096.02
2223.79, 2096.44
2223.92, 2096.85
2224.04, 2097.26
2224.17, 2097.67
2224.29, 2098.09
2224.42, 2098.5
2224.54, 2098.91
2224.67, 2099.32
2224.79, 2099.73
2224.92, 2100.15
2225.04, 2100.56
2225.17, 2100.97

waypoints
x, y
2215.41, 2065.99
2215.51, 2066.41
2215.6, 2066.83
2215.7, 2067.25
2215.8, 2067.67
2215.9, 2068.09
2216, 2068.51
2216.1, 2068.93
2216.2, 2069.34
2216.3, 2069.76
2216.39, 2070.18
2216.49, 2070.6
2216.59, 2071.02
2216.69, 2071.44
2216.79, 2071.86
2216.89, 2072.28
2216.99, 2072.7
2217.08, 2073.12
2217.18, 2073.54
2217.28, 2073.96
2217.38, 2074.38
2217.48, 2074.8
2217.58, 2075.21
2217.68, 2075.63
2217.77, 2076.05
2217.87, 2076.47
2217.97, 2076.89
2218.07, 2077.31
2218.17, 2077.73
2218.27, 2078.15
2218.36, 2078.57
2218.46, 2078.99
2218.53, 2079.28
2218.66, 2079.69
2218.78, 2080.1
2218.91, 2080.51
2219.04, 2080.93
2219.23, 2081.17
2219.36, 2081.58
2219.48, 2082
2219.61, 2082.41
2219.73, 2082.82
2219.86, 2083.23
2219.98, 2083.64
2220.11, 2084.05
2220.23, 2084.47
2220.36, 2084.88
2220.48, 2085.29
2220.61, 2085.7
2220.73, 2086.11
2220.85, 2086.53
2220.98, 2086.94
2221.1, 2087.35
2221.22, 2087.76
2221.34, 2088.18
2221.47, 2088.59
2221.59, 2089
2221.71, 2089.42
2221.83, 2089.83
2221.96, 2090.24
2222.08, 2090.66
2222.2, 2091.07
2222.32, 2091.48
2222.44, 2091.89
2222.57, 2092.31
2222.69, 2092.72
2222.81, 2093.13
2222.93, 2093.55
2223.05, 2093.96
2223.18, 2094.37
2223.3, 2094.79
2223.42, 2095.2
2223.55, 2095.61
2223.67, 2096.02
2223.79, 2096.44
2223.92, 2096.85
2224.04, 2097.26
2224.17, 2097.67
2224.29, 2098.09
2224.42, 2098.5
2224.54, 2098.91
2224.67, 2099.32
2224.79, 2099.73
2224.92, 2100.15
2225.04, 2100.56
2225.17, 2100.97

waypoints
x, y
2215.8, 2067.67
2215.9, 2068.09
2216, 2068.51
2216.1, 2068.93
2216.2, 2069.34
2216.3, 2069.76
2216.39, 2070.18
2216.49, 2070.6
2216.59, 2071.02
2216.69, 2071.44
2216.79, 2071.86
2216.89, 2072.28
2216.99, 2072.7
2217.08, 2073.12
2217.18, 2073.54
2217.28, 2073.96
2217.38, 2074.38
2217.48, 2074.8
2217.58, 2075.21
2217.68, 2075.63
2217.77, 2076.05
2217.87, 2076.47
2217.97, 2076.89
2218.07, 2077.31
2218.17, 2077.73
2218.27, 2078.15
2218.36, 2078.57
2218.46, 2078.99
2218.53, 2079.28
2218.66, 2079.69
2218.78, 2080.1
2218.91, 2080.51
2219.04, 2080.93
2219.23, 2081.17
2219.36, 2081.58
2219.48, 2082
2219.61, 2082.41
2219.73, 2082.82
2219.86, 2083.23
2219.98, 2083.64
2220.11, 2084.05
2220.23, 2084.47
2220.36, 2084.88
2220.48, 2085.29
2220.61, 2085.7
2220.73, 2086.11
2220.85, 2086.53
2220.98, 2086.94
2221.1, 2087.35
2221.22, 2087.76
2221.34, 2088.18
2221.47, 2088.59
2221.59, 2089
2221.71, 2089.42
2221.83, 2089.83
2221.96, 2090.24
2222.08, 2090.66
2222.2, 2091.07
2222.32, 2091.48
2222.44, 2091.89
2222.57, 2092.31
2222.69, 2092.72
2222.81, 2093.13
2222.93, 2093.55
2223.05, 2093.96
2223.18, 2094.37
2223.3, 2094.79
2223.42, 2095.2
2223.55, 2095.61
2223.67, 2096.02
2223.79, 2096.44
2223.92, 2096.85
2224.04, 2097.26
2224.17, 2097.67
2224.29, 2098.09
2224.42, 2098.5
2224.54, 2098.91
2224.67, 2099.32
2224.79, 2099.73
2224.92, 2100.15
2225.04, 2100.56
2225.17, 2100.97

waypoints
x, y
2216.2, 2069.34
2216.3, 2069.76
2216.39, 2070.18
2216.49, 2070.6
2216.59, 2071.02
2216.69, 2071.44
2216.79, 2071.86
2216.89, 2072.28
2216.99, 2072.7
2217.08, 2073.12
2217.18, 2073.54
2217.28, 2073.96
2217.38, 2074.38
2217.48, 2074.8
2217.58, 2075.21
2217.68, 2075.63
2217.77, 2076.05
2217.87, 2076.47
2217.97, 2076.89
2218.07, 2077.31
2218.17, 2077.73
2218.27, 2078.15
2218.36, 2078.57
2218.46, 2078.99
2218.53, 2079.28
2218.66, 2079.69
2218.78, 2080.1
2218.91, 2080.51
2219.04, 2080.93
2219.23, 2081.17
2219.36, 2081.58
2219.48, 2082
2219.61, 2082.41
2219.73, 2082.82
2219.86, 2083.23
2219.98, 2083.64
2220.11, 2084.05
2220.23, 2084.47
2220.36, 2084.88
2220.48, 2085.29
2220.61, 2085.7
2220.73, 2086.11
2220.85, 2086.53
2220.98, 2086.94
2221.1, 2087.35
2221.22, 2087.76
2221.34, 2088.18
2221.47, 2088.59
2221.59, 2089
2221.71, 2089.42
2221.83, 2089.83
2221.96, 2090.24
2222.08, 2090.66
2222.2, 2091.07
2222.32, 2091.48
2222.44, 2091.89
2222.57, 2092.31
2222.69, 2092.72
2222.81, 2093.13
2222.93, 2093.55
2223.05, 2093.96
2223.18, 2094.37
2223.3, 2094.79
2223.42, 2095.2
2223.55, 2095.61
2223.67, 2096.02
2223.79, 2096.44
2223.92, 2096.85
2224.04, 2097.26
2224.17, 2097.67
2224.29, 2098.09
2224.42, 2098.5
2224.54, 2098.91
2224.67, 2099.32
2224.79, 2099.73
2224.92, 2100.15
2225.04, 2100.56
2225.17, 2100.97

waypoints
x, y
2216.59, 2071.02
2216.69, 2071.44
2216.79, 2071.86
2216.89, 2072.28
2216.99, 2072.7
2217.08, 2073.12
2217.18, 2073.54
2217.28, 2073.96
2217.38, 2074.38
2217.48, 2074.8
2217.58, 2075.21
2217.68, 2075.63
2217.77, 2076.05
2217.87, 2076.47
2217.97, 2076.89
2218.07, 2077.31
2218.17, 2077.73
2218.27, 2078.15
2218.36, 2078.57
2218.46, 2078.99
2218.53, 2079.28
2218.66, 2079.69
2218.78, 2080.1
2218.91, 2080.51
2219.04, 2080.93
2219.23, 2081.17
2219.36, 2081.58
2219.48, 2082
2219.61, 2082.41
2219.73, 2082.82
2219.86, 2083.23
2219.98, 2083.64
2220.11, 2084.05
2220.23, 2084.47
2220.36, 2084.88
2220.48, 2085.29
2220.61, 2085.7
2220.73, 2086.11
2220.85, 2086.53
2220.98, 2086.94
2221.1, 2087.35
2221.22, 2087.76
2221.34, 2088.18
2221.47, 2088.59
2221.59, 2089
2221.71, 2089.42
2221.83, 2089.83
2221.96, 2090.24
2222.08, 2090.66
2222.2, 2091.07
2222.32, 2091.48
2222.44, 2091.89
2222.57, 2092.31
2222.69, 2092.72
2222.81, 2093.13
2222.93, 2093.55
2223.05, 2093.96
2223.18, 2094.37
2223.3, 2094.79
2223.42, 2095.2
2223.55, 2095.61
2223.67, 2096.02
2223.79, 2096.44
2223.92, 2096.85
2224.04, 2097.26
2224.17, 2097.67
2224.29, 2098.09
2224.42, 2098.5
2224.54, 2098.91
2224.67, 2099.32
2224.79, 2099.73
2224.92, 2100.15
2225.04, 2100.56
2225.17, 2100.97

waypoints
x, y
2216.99, 2072.7
2217.08, 2073.12
2217.18, 2073.54
2217.28, 2073.96
2217.38, 2074.38
2217.48, 2074.8
2217.58, 2075.21
2217.68, 2075.63
2217.77, 2076.05
2217.87, 2076.47
2217.97, 2076.89
2218.07, 2077.31
2218.17, 2077.73
2218.27, 2078.15
2218.36, 2078.57
2218.46, 2078.99
2218.53, 2079.28
2218.66, 2079.69
2218.78, 2080.1
2218.91, 2080.51
2219.04, 2080.93
2219.23, 2081.17
2219.36, 2081.58
2219.48, 2082
2219.61, 2082.41
2219.73, 2082.82
2219.86, 2083.23
2219.98, 2083.64
2220.11, 2084.05
2220.23, 2084.47
2220.36, 2084.88
2220.48, 2085.29
2220.61, 2085.7
2220.73, 2086.11
2220.85, 2086.53
2220.98, 2086.94
2221.1, 2087.35
2221.22, 2087.76
2221.34, 2088.18
2221.47, 2088.59
2221.59, 2089
2221.71, 2089.42
2221.83, 2089.83
2221.96, 2090.24
2222.08, 2090.66
2222.2, 2091.07
2222.32, 2091.48
2222.44, 2091.89
2222.57, 2092.31
2222.69, 2092.72
2222.81, 2093.13
2222.93, 2093.55
2223.05, 2093.96
2223.18, 2094.37
2223.3, 2094.79
2223.42, 2095.2
2223.55, 2095.61
2223.67, 2096.02
2223.79, 2096.44
2223.92, 2096.85
2224.04, 2097.26
2224.17, 2097.67
2224.29, 2098.09
2224.42, 2098.5
2224.54, 2098.91
2224.67, 2099.32
2224.79, 2099.73
2224.92, 2100.15
2225.04, 2100.56
2225.17, 2100.97

waypoints
x, y
2217.38, 2074.38
2217.48, 2074.8
2217.58, 2075.21
2217.68, 2075.63
2217.77, 2076.05
2217.87, 2076.47
2217.97, 2076.89
2218.07, 2077.31
2218.17, 2077.73
2218.27, 2078.15
2218.36, 2078.57
2218.46, 2078.99
2218.53, 2079.28
2218.66, 2079.69
2218.78, 2080.1
2218.91, 2080.51
2219.04, 2080.93
2219.23, 2081.17
2219.36, 2081.58
2219.48, 2082
2219.61, 2082.41
2219.73, 2082.82
2219.86, 2083.23
2219.98, 2083.64
2220.11, 2084.05
2220.23, 2084.47
2220.36, 2084.88
2220.48, 2085.29
2220.61, 2085.7
2220.73, 2086.11
2220.85, 2086.53
2220.98, 2086.94
2221.1, 2087.35
2221.22, 2087.76
2221.34, 2088.18
2221.47, 2088.59
2221.59, 2089
2221.71, 2089.42
2221.83, 2089.83
2221.96, 2090.24
2222.08, 2090.66
2222.2, 2091.07
2222.32, 2091.48
2222.44, 2091.89
2222.57, 2092.31
2222.69, 2092.72
2222.81, 2093.13
2222.93, 2093.55
2223.05, 2093.96
2223.18, 2094.37
2223.3, 2094.79
2223.42, 2095.2
2223.55, 2095.61
2223.67, 2096.02
2223.79, 2096.44
2223.92, 2096.85
2224.04, 2097.26
2224.17, 2097.67
2224.29, 2098.09
2224.42, 2098.5
2224.54, 2098.91
2224.67, 2099.32
2224.79, 2099.73
2224.92, 2100.15
2225.04, 2100.56
2225.17, 2100.97

waypoints
x, y
2217.77, 2076.05
2217.87, 2076.47
2217.97, 2076.89
2218.07, 2077.31
2218.17, 2077.73
2218.27, 2078.15
2218.36, 2078.57
2218.46, 2078.99
2218.53, 2079.28
2218.66, 2079.69
2218.78, 2080.1
2218.91, 2080.51
2219.04, 2080.93
2219.23, 2081.17
2219.36, 2081.58
2219.48, 2082
2219.61, 2082.41
2219.73, 2082.82
2219.86, 2083.23
2219.98, 2083.64
2220.11, 2084.05
2220.23, 2084.47
2220.36, 2084.88
2220.48, 2085.29
2220.61, 2085.7
2220.73, 2086.11
2220.85, 2086.53
2220.98, 2086.94
2221.1, 2087.35
2221.22, 2087.76
2221.34, 2088.18
2221.47, 2088.59
2221.59, 2089
2221.71, 2089.42
2221.83, 2089.83
2221.96, 2090.24
2222.08, 2090.66
2222.2, 2091.07
2222.32, 2091.48
2222.44, 2091.89
2222.57, 2092.31
2222.69, 2092.72
2222.81, 2093.13
2222.93, 2093.55
2223.05, 2093.96
2223.18, 2094.37
2223.3, 2094.79
2223.42, 2095.2
2223.55, 2095.61
2223.67, 2096.02
2223.79, 2096.44
2223.92, 2096.85
2224.04, 2097.26
2224.17, 2097.67
2224.29, 2098.09
2224.42, 2098.5
2224.54, 2098.91
2224.67, 2099.32
2224.79, 2099.73
2224.92, 2100.15
2225.04, 2100.56
2225.17, 2100.97

waypoints
x, y
2218.17, 2077.73
2218.27, 2078.15
2218.36, 2078.57
2218.46, 2078.99
2218.53, 2079.28
2218.66, 2079.69
2218.78, 2080.1
2218.91, 2080.51
2219.04, 2080.93
2219.23, 2081.17
2219.36, 2081.58
2219.48, 2082
2219.61, 2082.41
2219.73, 2082.82
2219.86, 2083.23
2219.98, 2083.64
2220.11, 2084.05
2220.23, 2084.47
2220.36, 2084.88
2220.48, 2085.29
2220.61, 2085.7
2220.73, 2086.11
2220.85, 2086.53
2220.98, 2086.94
2221.1, 2087.35
2221.22, 2087.76
2221.34, 2088.18
2221.47, 2088.59
2221.59, 2089
2221.71, 2089.42
2221.83, 2089.83
2221.96, 2090.24
2222.08, 2090.66
2222.2, 2091.07
2222.32, 2091.48
2222.44, 2091.89
2222.57, 2092.31
2222.69, 2092.72
2222.81, 2093.13
2222.93, 2093.55
2223.05, 2093.96
2223.18, 2094.37
2223.3, 2094.79
2223.42, 2095.2
2223.55, 2095.61
2223.67, 2096.02
2223.79, 2096.44
2223.92, 2096.85
2224.04, 2097.26
2224.17, 2097.67
2224.29, 2098.09
2224.42, 2098.5
2224.54, 2098.91
2224.67, 2099.32
2224.79, 2099.73
2224.92, 2100.15
2225.04, 2100.56
2225.17, 2100.97

waypoints
x, y
2218.46, 2078.99
2218.53, 2079.28
2218.66, 2079.69
2218.78, 2080.1
2218.91, 2080.51
2219.04, 2080.93
2219.23, 2081.17
2219.36, 2081.58
2219.48, 2082
2219.61, 2082.41
2219.73, 2082.82
2219.86, 2083.23
2219.98, 2083.64
2220.11, 2084.05
2220.23, 2084.47
2220.36, 2084.88
2220.48, 2085.29
2220.61, 2085.7
2220.73, 2086.11
2220.85, 2086.53
2220.98, 2086.94
2221.1, 2087.35
2221.22, 2087.76
2221.34, 2088.18
2221.47, 2088.59
2221.59, 2089
2221.71, 2089.42
2221.83, 2089.83
2221.96, 2090.24
2222.08, 2090.66
2222.2, 2091.07
2222.32, 2091.48
2222.44, 2091.89
2222.57, 2092.31
2222.69, 2092.72
2222.81, 2093.13
2222.93, 2093.55
2223.05, 2093.96
2223.18, 2094.37
2223.3, 2094.79
2223.42, 2095.2
2223.55, 2095.61
2223.67, 2096.02
2223.79, 2096.44
2223.92, 2096.85
2224.04, 2097.26
2224.17, 2097.67
2224.29, 2098.09
2224.42, 2098.5
2224.54, 2098.91
2224.67, 2099.32
2224.79, 2099.73
2224.92, 2100.15
2225.04, 2100.56
2225.17, 2100.97

waypoints
x, y
2219.04, 2080.93
2219.23, 2081.17
2219.36, 2081.58
2219.48, 2082
2219.61, 2082.41
2219.73, 2082.82
2219.86, 2083.23
2219.98, 2083.64
2220.11, 2084.05
2220.23, 2084.47
2220.36, 2084.88
2220.48, 2085.29
2220.61, 2085.7
2220.73, 2086.11
2220.85, 2086.53
2220.98, 2086.94
2221.1, 2087.35
2221.22, 2087.76
2221.34, 2088.18
2221.47, 2088.59
2221.59, 2089
2221.71, 2089.42
2221.83, 2089.83
2221.96, 2090.24
2222.08, 2090.66
2222.2, 2091.07
2222.32, 2091.48
2222.44, 2091.89
2222.57, 2092.31
2222.69, 2092.72
2222.81, 2093.13
2222.93, 2093.55
2223.05, 2093.96
2223.18, 2094.37
2223.3, 2094.79
2223.42, 2095.2
2223.55, 2095.61
2223.67, 2096.02
2223.79, 2096.44
2223.92, 2096.85
2224.04, 2097.26
2224.17, 2097.67
2224.29, 2098.09
2224.42, 2098.5
2224.54, 2098.91
2224.67, 2099.32
2224.79, 2099.73
2224.92, 2100.15
2225.04, 2100.56
2225.17, 2100.97

waypoints
x, y
2219.61, 2082.41
2219.73, 2082.82
2219.86, 2083.23
2219.98, 2083.64
2220.11, 2084.05
2220.23, 2084.47
2220.36, 2084.88
2220.48, 2085.29
2220.61, 2085.7
2220.73, 2086.11
2220.85, 2086.53
2220.98, 2086.94
2221.1, 2087.35
2221.22, 2087.76
2221.34, 2088.18
2221.47, 2088.59
2221.59, 2089
2221.71, 2089.42
2221.83, 2089.83
2221.96, 2090.24
2222.08, 2090.66
2222.2, 2091.07
2222.32, 2091.48
2222.44, 2091.89
2222.57, 2092.31
2222.69, 2092.72
2222.81, 2093.13
2222.93, 2093.55
2223.05, 2093.96
2223.18, 2094.37
2223.3, 2094.79
2223.42, 2095.2
2223.55, 2095.61
2223.67, 2096.02
2223.79, 2096.44
2223.92, 2096.85
2224.04, 2097.26
2224.17, 2097.67
2224.29, 2098.09
2224.42, 2098.5
2224.54, 2098.91
2224.67, 2099.32
2224.79, 2099.73
2224.92, 2100.15
2225.04, 2100.56
2225.17, 2100.97
2225.3, 2101.38
2225.42, 2101.79
2225.55, 2102.21
2225.67, 2102.62
2225.8, 2103.03
2225.93, 2103.44
2226.05, 2103.85
2226.18, 2104.27
2226.3, 2104.68
2226.43, 2105.09
2226.56, 2105.5
2226.68, 2105.91
2226.81, 2106.32
2226.94, 2106.74
2227.06, 2107.15
2227.19, 2107.57
2227.31, 2107.98
2227.44, 2108.39
2227.56, 2108.8
2227.69, 2109.22
2227.81, 2109.63
2227.94, 2110.04
2228.06, 2110.45
2228.19, 2110.86
2228.31, 2111.28
2228.44, 2111.69
2228.56, 2112.1
2228.68, 2112.51
2228.81, 2112.92
2228.93, 2113.33
2229.06, 2113.75
2229.18, 2114.16
2229.31, 2114.57
2229.43, 2114.98
2229.56, 2115.39
2229.68, 2115.81
2229.81, 2116.22
2229.93, 2116.63
2230.06, 2117.04
2230.18, 2117.45
2230.3, 2117.87
2230.43, 2118.28
2230.55, 2118.69
2230.68, 2119.1
2230.8, 2119.52
2230.93, 2119.93
2231.05, 2120.34
2231.18, 2120.75
2231.3, 2121.16

waypoints
x, y
2219.98, 2083.64
2220.11, 2084.05
2220.23, 2084.47
2220.36, 2084.88
2220.48, 2085.29
2220.61, 2085.7
2220.73, 2086.11
2220.85, 2086.53
2220.98, 2086.94
2221.1, 2087.35
2221.22, 2087.76
2221.34, 2088.18
2221.47, 2088.59
2221.59, 2089
2221.71, 2089.42
2221.83, 2089.83
2221.96, 2090.24
2222.08, 2090.66
2222.2, 2091.07
2222.32, 2091.48
2222.44, 2091.89
2222.57, 2092.31
2222.69, 2092.72
2222.81, 2093.13
2222.93, 2093.55
2223.05, 2093.96
2223.18, 2094.37
2223.3, 2094.79
2223.42, 2095.2
2223.55, 2095.61
2223.67, 2096.02
2223.79, 2096.44
2223.92, 2096.85
2224.04, 2097.26
2224.17, 2097.67
2224.29, 2098.09
2224.42, 2098.5
2224.54, 2098.91
2224.67, 2099.32
2224.79, 2099.73
2224.92, 2100.15
2225.04, 2100.56
2225.17, 2100.97
2225.3, 2101.38
2225.42, 2101.79
2225.55, 2102.2
2225.67, 2102.62
2225.8, 2103.03
2225.93, 2103.44
2226.05, 2103.85
2226.18, 2104.26
2226.3, 2104.68
2226.43, 2105.09
2226.56, 2105.5
2226.68, 2105.91
2226.81, 2106.32
2226.93, 2106.74
2227.06, 2107.15
2227.19, 2107.57
2227.31, 2107.98
2227.44, 2108.39
2227.56, 2108.8
2227.69, 2109.22
2227.81, 2109.63
2227.94, 2110.04
2228.06, 2110.45
2228.19, 2110.86
2228.31, 2111.28
2228.43, 2111.69
2228.56, 2112.1
2228.68, 2112.51
2228.81, 2112.92
2228.93, 2113.34
2229.06, 2113.75
2229.18, 2114.16
2229.31, 2114.57
2229.43, 2114.98
2229.56, 2115.39
2229.68, 2115.81
2229.81, 2116.22
2229.93, 2116.63
2230.06, 2117.04
2230.18, 2117.45
2230.3, 2117.87
2230.43, 2118.28
2230.55, 2118.69
2230.68, 2119.1
2230.8, 2119.51
2230.93, 2119.93
2231.05, 2120.34
2231.18, 2120.75
2231.3, 2121.16

waypoints
x, y
2220.61, 2085.7
2220.73, 2086.11
2220.85, 2086.53
2220.98, 2086.94
2221.1, 2087.35
2221.22, 2087.76
2221.34, 2088.18
2221.47, 2088.59
2221.59, 2089
2221.71, 2089.42
2221.83, 2089.83
2221.96, 2090.24
2222.08, 2090.66
2222.2, 2091.07
2222.32, 2091.48
2222.44, 2091.89
2222.57, 2092.31
2222.69, 2092.72
2222.81, 2093.13
2222.93, 2093.55
2223.05, 2093.96
2223.18, 2094.37
2223.3, 2094.79
2223.42, 2095.2
2223.55, 2095.61
2223.67, 2096.02
2223.79, 2096.44
2223.92, 2096.85
2224.04, 2097.26
2224.17, 2097.67
2224.29, 2098.09
2224.42, 2098.5
2224.54, 2098.91
2224.67, 2099.32
2224.79, 2099.73
2224.92, 2100.15
2225.04, 2100.56
2225.17, 2100.97
2225.3, 2101.38
2225.42, 2101.79
2225.55, 2102.2
2225.67, 2102.62
2225.8, 2103.03
2225.93, 2103.44
2226.05, 2103.85
2226.18, 2104.26
2226.3, 2104.68
2226.43, 2105.09
2226.56, 2105.5
2226.68, 2105.91
2226.81, 2106.32
2226.93, 2106.74
2227.06, 2107.15
2227.19, 2107.57
2227.31, 2107.98
2227.44, 2108.39
2227.56, 2108.8
2227.69, 2109.22
2227.81, 2109.63
2227.94, 2110.04
2228.06, 2110.45
2228.19, 2110.86
2228.31, 2111.28
2228.43, 2111.69
2228.56, 2112.1
2228.68, 2112.51
2228.81, 2112.92
2228.93, 2113.34
2229.06, 2113.75
2229.18, 2114.16
2229.31, 2114.57
2229.43, 2114.98
2229.56, 2115.39
2229.68, 2115.81
2229.81, 2116.22
2229.93, 2116.63
2230.06, 2117.04
2230.18, 2117.45
2230.3, 2117.87
2230.43, 2118.28
2230.55, 2118.69
2230.68, 2119.1
2230.8, 2119.51
2230.93, 2119.93
2231.05, 2120.34
2231.18, 2120.75
2231.3, 2121.16

waypoints
x, y
2220.98, 2086.94
2221.1, 2087.35
2221.22, 2087.76
2221.34, 2088.18
2221.47, 2088.59
2221.59, 2089
2221.71, 2089.42
2221.83, 2089.83
2221.96, 2090.24
2222.08, 2090.66
2222.2, 2091.07
2222.32, 2091.48
2222.44, 2091.89
2222.57, 2092.31
2222.69, 2092.72
2222.81, 2093.13
2222.93, 2093.55
2223.05, 2093.96
2223.18, 2094.37
2223.3, 2094.79
2223.42, 2095.2
2223.55, 2095.61
2223.67, 2096.02
2223.79, 2096.44
2223.92, 2096.85
2224.04, 2097.26
2224.17, 2097.67
2224.29, 2098.09
2224.42, 2098.5
2224.54, 2098.91
2224.67, 2099.32
2224.79, 2099.73
2224.92, 2100.15
2225.04, 2100.56
2225.17, 2100.97
2225.3, 2101.38
2225.42, 2101.79
2225.55, 2102.2
2225.67, 2102.62
2225.8, 2103.03
2225.93, 2103.44
2226.05, 2103.85
2226.18, 2104.26
2226.3, 2104.68
2226.43, 2105.09
2226.56, 2105.5
2226.68, 2105.91
2226.81, 2106.32
2226.93, 2106.74
2227.06, 2107.15
2227.19, 2107.57
2227.31, 2107.98
2227.44, 2108.39
2227.56, 2108.8
2227.69, 2109.22
2227.81, 2109.63
2227.94, 2110.04
2228.06, 2110.45
2228.19, 2110.86
2228.31, 2111.28
2228.43, 2111.69
2228.56, 2112.1
2228.68, 2112.51
2228.81, 2112.92
2228.93, 2113.34
2229.06, 2113.75
2229.18, 2114.16
2229.31, 2114.57
2229.43, 2114.98
2229.56, 2115.39
2229.68, 2115.81
2229.81, 2116.22
2229.93, 2116.63
2230.06, 2117.04
2230.18, 2117.45
2230.3, 2117.87
2230.43, 2118.28
2230.55, 2118.69
2230.68, 2119.1
2230.8, 2119.51
2230.93, 2119.93
2231.05, 2120.34
2231.18, 2120.75
2231.3, 2121.16

waypoints
x, y
2221.47, 2088.59
2221.59, 2089
2221.71, 2089.42
2221.83, 2089.83
2221.96, 2090.24
2222.08, 2090.66
2222.2, 2091.07
2222.32, 2091.48
2222.44, 2091.89
2222.57, 2092.31
2222.69, 2092.72
2222.81, 2093.13
2222.93, 2093.55
2223.05, 2093.96
2223.18, 2094.37
2223.3, 2094.79
2223.42, 2095.2
2223.55, 2095.61
2223.67, 2096.02
2223.79, 2096.44
2223.92, 2096.85
2224.04, 2097.26
2224.17, 2097.67
2224.29, 2098.09
2224.42, 2098.5
2224.54, 2098.91
2224.67, 2099.32
2224.79, 2099.73
2224.92, 2100.15
2225.04, 2100.56
2225.17, 2100.97
2225.3, 2101.38
2225.42, 2101.79
2225.55, 2102.2
2225.67, 2102.62
2225.8, 2103.03
2225.93, 2103.44
2226.05, 2103.85
2226.18, 2104.26
2226.3, 2104.68
2226.43, 2105.09
2226.56, 2105.5
2226.68, 2105.91
2226.81, 2106.32
2226.93, 2106.74
2227.06, 2107.15
2227.19, 2107.57
2227.31, 2107.98
2227.44, 2108.39
2227.56, 2108.8
2227.69, 2109.22
2227.81, 2109.63
2227.94, 2110.04
2228.06, 2110.45
2228.19, 2110.86
2228.31, 2111.28
2228.43, 2111.69
2228.56, 2112.1
2228.68, 2112.51
2228.81, 2112.92
2228.93, 2113.34
2229.06, 2113.75
2229.18, 2114.16
2229.31, 2114.57
2229.43, 2114.98
2229.56, 2115.39
2229.68, 2115.81
2229.81, 2116.22
2229.93, 2116.63
2230.06, 2117.04
2230.18, 2117.45
2230.3, 2117.87
2230.43, 2118.28
2230.55, 2118.69
2230.68, 2119.1
2230.8, 2119.51
2230.93, 2119.93
2231.05, 2120.34
2231.18, 2120.75
2231.3, 2121.16

waypoints
x, y
2221.96, 2090.24
2222.08, 2090.66
2222.2, 2091.07
2222.32, 2091.48
2222.44, 2091.89
2222.57, 2092.31
2222.69, 2092.72
2222.81, 2093.13
2222.93, 2093.55
2223.05, 2093.96
2223.18, 2094.37
2223.3, 2094.79
2223.42, 2095.2
2223.55, 2095.61
2223.67, 2096.02
2223.79, 2096.44
2223.92, 2096.85
2224.04, 2097.26
2224.17, 2097.67
2224.29, 2098.09
2224.42, 2098.5
2224.54, 2098.91
2224.67, 2099.32
2224.79, 2099.73
2224.92, 2100.15
2225.04, 2100.56
2225.17, 2100.97
2225.3, 2101.38
2225.42, 2101.79
2225.55, 2102.2
2225.67, 2102.62
2225.8, 2103.03
2225.93, 2103.44
2226.05, 2103.85
2226.18, 2104.26
2226.3, 2104.68
2226.43, 2105.09
2226.56, 2105.5
2226.68, 2105.91
2226.81, 2106.32
2226.93, 2106.74
2227.06, 2107.15
2227.19, 2107.57
2227.31, 2107.98
2227.44, 2108.39
2227.56, 2108.8
2227.69, 2109.22
2227.81, 2109.63
2227.94, 2110.04
2228.06, 2110.45
2228.19, 2110.86
2228.31, 2111.28
2228.43, 2111.69
2228.56, 2112.1
2228.68, 2112.51
2228.81, 2112.92
2228.93, 2113.34
2229.06, 2113.75
2229.18, 2114.16
2229.31, 2114.57
2229.43, 2114.98
2229.56, 2115.39
2229.68, 2115.81
2229.81, 2116.22
2229.93, 2116.63
2230.06, 2117.04
2230.18, 2117.45
2230.3, 2117.87
2230.43, 2118.28
2230.55, 2118.69
2230.68, 2119.1
2230.8, 2119.51
2230.93, 2119.93
2231.05, 2120.34
2231.18, 2120.75
2231.3, 2121.16

waypoints
x, y
2222.44, 2091.89
2222.57, 2092.31
2222.69, 2092.72
2222.81, 2093.13
2222.93, 2093.55
2223.05, 2093.96
2223.18, 2094.37
2223.3, 2094.79
2223.42, 2095.2
2223.55, 2095.61
2223.67, 2096.02
2223.79, 2096.44
2223.92, 2096.85
2224.04, 2097.26
2224.17, 2097.67
2224.29, 2098.09
2224.42, 2098.5
2224.54, 2098.91
2224.67, 2099.32
2224.79, 2099.73
2224.92, 2100.15
2225.04, 2100.56
2225.17, 2100.97
2225.3, 2101.38
2225.42, 2101.79
2225.55, 2102.2
2225.67, 2102.62
2225.8, 2103.03
2225.93, 2103.44
2226.05, 2103.85
2226.18, 2104.26
2226.3, 2104.68
2226.43, 2105.09
2226.56, 2105.5
2226.68, 2105.91
2226.81, 2106.32
2226.93, 2106.74
2227.06, 2107.15
2227.19, 2107.57
2227.31, 2107.98
2227.44, 2108.39
2227.56, 2108.8
2227.69, 2109.22
2227.81, 2109.63
2227.94, 2110.04
2228.06, 2110.45
2228.19, 2110.86
2228.31, 2111.28
2228.43, 2111.69
2228.56, 2112.1
2228.68, 2112.51
2228.81, 2112.92
2228.93, 2113.34
2229.06, 2113.75
2229.18, 2114.16
2229.31, 2114.57
2229.43, 2114.98
2229.56, 2115.39
2229.68, 2115.81
2229.81, 2116.22
2229.93, 2116.63
2230.06, 2117.04
2230.18, 2117.45
2230.3, 2117.87
2230.43, 2118.28
2230.55, 2118.69
2230.68, 2119.1
2230.8, 2119.51
2230.93, 2119.93
2231.05, 2120.34
2231.18, 2120.75
2231.3, 2121.16

waypoints
x, y
2222.93, 2093.55
2223.05, 2093.96
2223.18, 2094.37
2223.3, 2094.79
2223.42, 2095.2
2223.55, 2095.61
2223.67, 2096.02
2223.79, 2096.44
2223.92, 2096.85
2224.04, 2097.26
2224.17, 2097.67
2224.29, 2098.09
2224.42, 2098.5
2224.54, 2098.91
2224.67, 2099.32
2224.79, 2099.73
2224.92, 2100.15
2225.04, 2100.56
2225.17, 2100.97
2225.3, 2101.38
2225.42, 2101.79
2225.55, 2102.2
2225.67, 2102.62
2225.8, 2103.03
2225.93, 2103.44
2226.05, 2103.85
2226.18, 2104.26
2226.3, 2104.68
2226.43, 2105.09
2226.56, 2105.5
2226.68, 2105.91
2226.81, 2106.32
2226.93, 2106.74
2227.06, 2107.15
2227.19, 2107.57
2227.31, 2107.98
2227.44, 2108.39
2227.56, 2108.8
2227.69, 2109.22
2227.81, 2109.63
2227.94, 2110.04
2228.06, 2110.45
2228.19, 2110.86
2228.31, 2111.28
2228.43, 2111.69
2228.56, 2112.1
2228.68, 2112.51
2228.81, 2112.92
2228.93, 2113.34
2229.06, 2113.75
2229.18, 2114.16
2229.31, 2114.57
2229.43, 2114.98
2229.56, 2115.39
2229.68, 2115.81
2229.81, 2116.22
2229.93, 2116.63
2230.06, 2117.04
2230.18, 2117.45
2230.3, 2117.87
2230.43, 2118.28
2230.55, 2118.69
2230.68, 2119.1
2230.8, 2119.51
2230.93, 2119.93
2231.05, 2120.34
2231.18, 2120.75
2231.3, 2121.16

waypoints
x, y
2223.42, 2095.2
2223.55, 2095.61
2223.67, 2096.02
2223.79, 2096.44
2223.92, 2096.85
2224.04, 2097.26
2224.17, 2097.67
2224.29, 2098.09
2224.42, 2098.5
2224.54, 2098.91
2224.67, 2099.32
2224.79, 2099.73
2224.92, 2100.15
2225.04, 2100.56
2225.17, 2100.97
2225.3, 2101.38
2225.42, 2101.79
2225.55, 2102.2
2225.67, 2102.62
2225.8, 2103.03
2225.93, 2103.44
2226.05, 2103.85
2226.18, 2104.26
2226.3, 2104.68
2226.43, 2105.09
2226.56, 2105.5
2226.68, 2105.91
2226.81, 2106.32
2226.93, 2106.74
2227.06, 2107.15
2227.19, 2107.57
2227.31, 2107.98
2227.44, 2108.39
2227.56, 2108.8
2227.69, 2109.22
2227.81, 2109.63
2227.94, 2110.04
2228.06, 2110.45
2228.19, 2110.86
2228.31, 2111.28
2228.43, 2111.69
2228.56, 2112.1
2228.68, 2112.51
2228.81, 2112.92
2228.93, 2113.34
2229.06, 2113.75
2229.18, 2114.16
2229.31, 2114.57
2229.43, 2114.98
2229.56, 2115.39
2229.68, 2115.81
2229.81, 2116.22
2229.93, 2116.63
2230.06, 2117.04
2230.18, 2117.45
2230.3, 2117.87
2230.43, 2118.28
2230.55, 2118.69
2230.68, 2119.1
2230.8, 2119.51
2230.93, 2119.93
2231.05, 2120.34
2231.18, 2120.75
2231.3, 2121.16

waypoints
x, y
2223.79, 2096.44
2223.92, 2096.85
2224.04, 2097.26
2224.17, 2097.67
2224.29, 2098.09
2224.42, 2098.5
2224.54, 2098.91
2224.67, 2099.32
2224.79, 2099.73
2224.92, 2100.15
2225.04, 2100.56
2225.17, 2100.97
2225.3, 2101.38
2225.42, 2101.79
2225.55, 2102.2
2225.67, 2102.62
2225.8, 2103.03
2225.93, 2103.44
2226.05, 2103.85
2226.18, 2104.26
2226.3, 2104.68
2226.43, 2105.09
2226.56, 2105.5
2226.68, 2105.91
2226.81, 2106.32
2226.93, 2106.74
2227.06, 2107.15
2227.19, 2107.57
2227.31, 2107.98
2227.44, 2108.39
2227.56, 2108.8
2227.69, 2109.22
2227.81, 2109.63
2227.94, 2110.04
2228.06, 2110.45
2228.19, 2110.86
2228.31, 2111.28
2228.43, 2111.69
2228.56, 2112.1
2228.68, 2112.51
2228.81, 2112.92
2228.93, 2113.34
2229.06, 2113.75
2229.18, 2114.16
2229.31, 2114.57
2229.43, 2114.98
2229.56, 2115.39
2229.68, 2115.81
2229.81, 2116.22
2229.93, 2116.63
2230.06, 2117.04
2230.18, 2117.45
2230.3, 2117.87
2230.43, 2118.28
2230.55, 2118.69
2230.68, 2119.1
2230.8, 2119.51
2230.93, 2119.93
2231.05, 2120.34
2231.18, 2120.75
2231.3, 2121.16

waypoints
x, y
2224.29, 2098.09
2224.42, 2098.5
2224.54, 2098.91
2224.67, 2099.32
2224.79, 2099.73
2224.92, 2100.15
2225.04, 2100.56
2225.17, 2100.97
2225.3, 2101.38
2225.42, 2101.79
2225.55, 2102.2
2225.67, 2102.62
2225.8, 2103.03
2225.93, 2103.44
2226.05, 2103.85
2226.18, 2104.26
2226.3, 2104.68
2226.43, 2105.09
2226.56, 2105.5
2226.68, 2105.91
2226.81, 2106.32
2226.93, 2106.74
2227.06, 2107.15
2227.19, 2107.57
2227.31, 2107.98
2227.44, 2108.39
2227.56, 2108.8
2227.69, 2109.22
2227.81, 2109.63
2227.94, 2110.04
2228.06, 2110.45
2228.19, 2110.86
2228.31, 2111.28
2228.43, 2111.69
2228.56, 2112.1
2228.68, 2112.51
2228.81, 2112.92
2228.93, 2113.34
2229.06, 2113.75
2229.18, 2114.16
2229.31, 2114.57
2229.43, 2114.98
2229.56, 2115.39
2229.68, 2115.81
2229.81, 2116.22
2229.93, 2116.63
2230.06, 2117.04
2230.18, 2117.45
2230.3, 2117.87
2230.43, 2118.28
2230.55, 2118.69
2230.68, 2119.1
2230.8, 2119.51
2230.93, 2119.93
2231.05, 2120.34
2231.18, 2120.75
2231.3, 2121.16

waypoints
x, y
2224.79, 2099.73
2224.92, 2100.15
2225.04, 2100.56
2225.17, 2100.97
2225.3, 2101.38
2225.42, 2101.79
2225.55, 2102.2
2225.67, 2102.62
2225.8, 2103.03
2225.93, 2103.44
2226.05, 2103.85
2226.18, 2104.26
2226.3, 2104.68
2226.43, 2105.09
2226.56, 2105.5
2226.68, 2105.91
2226.81, 2106.32
2226.93, 2106.74
2227.06, 2107.15
2227.19, 2107.57
2227.31, 2107.98
2227.44, 2108.39
2227.56, 2108.8
2227.69, 2109.22
2227.81, 2109.63
2227.94, 2110.04
2228.06, 2110.45
2228.19, 2110.86
2228.31, 2111.28
2228.43, 2111.69
2228.56, 2112.1
2228.68, 2112.51
2228.81, 2112.92
2228.93, 2113.34
2229.06, 2113.75
2229.18, 2114.16
2229.31, 2114.57
2229.43, 2114.98
2229.56, 2115.39
2229.68, 2115.81
2229.81, 2116.22
2229.93, 2116.63
2230.06, 2117.04
2230.18, 2117.45
2230.3, 2117.87
2230.43, 2118.28
2230.55, 2118.69
2230.68, 2119.1
2230.8, 2119.51
2230.93, 2119.93
2231.05, 2120.34
2231.18, 2120.75
2231.3, 2121.16

waypoints
x, y
2225.3, 2101.38
2225.42, 2101.79
2225.55, 2102.2
2225.67, 2102.62
2225.8, 2103.03
2225.93, 2103.44
2226.05, 2103.85
2226.18, 2104.26
2226.3, 2104.68
2226.43, 2105.09
2226.56, 2105.5
2226.68, 2105.91
2226.81, 2106.32
2226.93, 2106.74
2227.06, 2107.15
2227.19, 2107.57
2227.31, 2107.98
2227.44, 2108.39
2227.56, 2108.8
2227.69, 2109.22
2227.81, 2109.63
2227.94, 2110.04
2228.06, 2110.45
2228.19, 2110.86
2228.31, 2111.28
2228.43, 2111.69
2228.56, 2112.1
2228.68, 2112.51
2228.81, 2112.92
2228.93, 2113.34
2229.06, 2113.75
2229.18, 2114.16
2229.31, 2114.57
2229.43, 2114.98
2229.56, 2115.39
2229.68, 2115.81
2229.81, 2116.22
2229.93, 2116.63
2230.06, 2117.04
2230.18, 2117.45
2230.3, 2117.87
2230.43, 2118.28
2230.55, 2118.69
2230.68, 2119.1
2230.8, 2119.51
2230.93, 2119.93
2231.05, 2120.34
2231.18, 2120.75
2231.3, 2121.16
2231.43, 2121.58
2231.55, 2121.99
2231.68, 2122.4
2231.8, 2122.81
2231.92, 2123.22
2232.05, 2123.63
2232.17, 2124.04
2232.3, 2124.46
2232.42, 2124.87
2232.55, 2125.28
2232.67, 2125.69
2232.8, 2126.1
2232.92, 2126.51
2233.05, 2126.93
2233.17, 2127.34
2233.29, 2127.75
2233.42, 2128.16
2233.54, 2128.57
2233.67, 2128.99
2233.79, 2129.4
2233.92, 2129.81
2234.04, 2130.22
2234.17, 2130.64
2234.29, 2131.05
2234.42, 2131.46
2234.54, 2131.87
2234.67, 2132.29
2234.79, 2132.7
2234.92, 2133.11
2235.04, 2133.52
2235.17, 2133.94
2235.29, 2134.35
2235.42, 2134.76
2235.54, 2135.17
2235.67, 2135.59
2235.79, 2136
2235.92, 2136.41
2236.04, 2136.82
2236.17, 2137.24
2236.29, 2137.65
2236.41, 2138.06
2236.54, 2138.47
2236.68, 2138.98
2236.79, 2139.4
2236.89, 2139.82
2236.99, 2140.24
2237.1, 2140.65
2237.2, 2141.07
2237.31, 2141.49

waypoints
x, y
2225.8, 2103.03
2225.93, 2103.44
2226.05, 2103.85
2226.18, 2104.26
2226.3, 2104.68
2226.43, 2105.09
2226.56, 2105.5
2226.68, 2105.91
2226.81, 2106.32
2226.93, 2106.74
2227.06, 2107.15
2227.19, 2107.57
2227.31, 2107.98
2227.44, 2108.39
2227.56, 2108.8
2227.69, 2109.22
2227.81, 2109.63
2227.94, 2110.04
2228.06, 2110.45
2228.19, 2110.86
2228.31, 2111.28
2228.43, 2111.69
2228.56, 2112.1
2228.68, 2112.51
2228.81, 2112.92
2228.93, 2113.34
2229.06, 2113.75
2229.18, 2114.16
2229.31, 2114.57
2229.43, 2114.98
2229.56, 2115.39
2229.68, 2115.81
2229.81, 2116.22
2229.93, 2116.63
2230.06, 2117.04
2230.18, 2117.45
2230.3, 2117.87
2230.43, 2118.28
2230.55, 2118.69
2230.68, 2119.1
2230.8, 2119.51
2230.93, 2119.93
2231.05, 2120.34
2231.18, 2120.75
2231.3, 2121.16
2231.43, 2121.58
2231.55, 2121.99
2231.68, 2122.4
2231.8, 2122.81
2231.93, 2123.22
2232.05, 2123.63
2232.17, 2124.04
2232.3, 2124.46
2232.42, 2124.87
2232.55, 2125.28
2232.67, 2125.69
2232.8, 2126.1
2232.92, 2126.51
2233.05, 2126.93
2233.17, 2127.34
2233.3, 2127.75
2233.42, 2128.16
2233.54, 2128.57
2233.67, 2128.99
2233.79, 2129.4
2233.92, 2129.81
2234.04, 2130.22
2234.17, 2130.64
2234.29, 2131.05
2234.42, 2131.46
2234.54, 2131.87
2234.67, 2132.29
2234.79, 2132.7
2234.92, 2133.11
2235.04, 2133.52
2235.17, 2133.94
2235.29, 2134.35
2235.42, 2134.76
2235.54, 2135.17
2235.67, 2135.59
2235.79, 2136
2235.92, 2136.41
2236.04, 2136.82
2236.16, 2137.24
2236.29, 2137.65
2236.41, 2138.06
2236.54, 2138.47
2236.68, 2138.98
2236.79, 2139.4
2236.89, 2139.82
2236.99, 2140.24
2237.1, 2140.66
2237.2, 2141.07
2237.31, 2141.49

waypoints
x, y
2226.3, 2104.68
2226.43, 2105.09
2226.56, 2105.5
2226.68, 2105.91
2226.81, 2106.32
2226.93, 2106.74
2227.06, 2107.15
2227.19, 2107.57
2227.31, 2107.98
2227.44, 2108.39
2227.56, 2108.8
2227.69, 2109.22
2227.81, 2109.63
2227.94, 2110.04
2228.06, 2110.45
2228.19, 2110.86
2228.31, 2111.28
2228.43, 2111.69
2228.56, 2112.1
2228.68, 2112.51
2228.81, 2112.92
2228.93, 2113.34
2229.06, 2113.75
2229.18, 2114.16
2229.31, 2114.57
2229.43, 2114.98
2229.56, 2115.39
2229.68, 2115.81
2229.81, 2116.22
2229.93, 2116.63
2230.06, 2117.04
2230.18, 2117.45
2230.3, 2117.87
2230.43, 2118.28
2230.55, 2118.69
2230.68, 2119.1
2230.8, 2119.51
2230.93, 2119.93
2231.05, 2120.34
2231.18, 2120.75
2231.3, 2121.16
2231.43, 2121.58
2231.55, 2121.99
2231.68, 2122.4
2231.8, 2122.81
2231.93, 2123.22
2232.05, 2123.63
2232.17, 2124.04
2232.3, 2124.46
2232.42, 2124.87
2232.55, 2125.28
2232.67, 2125.69
2232.8, 2126.1
2232.92, 2126.51
2233.05, 2126.93
2233.17, 2127.34
2233.3, 2127.75
2233.42, 2128.16
2233.54, 2128.57
2233.67, 2128.99
2233.79, 2129.4
2233.92, 2129.81
2234.04, 2130.22
2234.17, 2130.64
2234.29, 2131.05
2234.42, 2131.46
2234.54, 2131.87
2234.67, 2132.29
2234.79, 2132.7
2234.92, 2133.11
2235.04, 2133.52
2235.17, 2133.94
2235.29, 2134.35
2235.42, 2134.76
2235.54, 2135.17
2235.67, 2135.59
2235.79, 2136
2235.92, 2136.41
2236.04, 2136.82
2236.16, 2137.24
2236.29, 2137.65
2236.41, 2138.06
2236.54, 2138.47
2236.68, 2138.98
2236.79, 2139.4
2236.89, 2139.82
2236.99, 2140.24
2237.1, 2140.66
2237.2, 2141.07
2237.31, 2141.49

waypoints
x, y
2226.81, 2106.32
2226.93, 2106.74
2227.06, 2107.15
2227.19, 2107.57
2227.31, 2107.98
2227.44, 2108.39
2227.56, 2108.8
2227.69, 2109.22
2227.81, 2109.63
2227.94, 2110.04
2228.06, 2110.45
2228.19, 2110.86
2228.31, 2111.28
2228.43, 2111.69
2228.56, 2112.1
2228.68, 2112.51
2228.81, 2112.92
2228.93, 2113.34
2229.06, 2113.75
2229.18, 2114.16
2229.31, 2114.57
2229.43, 2114.98
2229.56, 2115.39
2229.68, 2115.81
2229.81, 2116.22
2229.93, 2116.63
2230.06, 2117.04
2230.18, 2117.45
2230.3, 2117.87
2230.43, 2118.28
2230.55, 2118.69
2230.68, 2119.1
2230.8, 2119.51
2230.93, 2119.93
2231.05, 2120.34
2231.18, 2120.75
2231.3, 2121.16
2231.43, 2121.58
2231.55, 2121.99
2231.68, 2122.4
2231.8, 2122.81
2231.93, 2123.22
2232.05, 2123.63
2232.17, 2124.04
2232.3, 2124.46
2232.42, 2124.87
2232.55, 2125.28
2232.67, 2125.69
2232.8, 2126.1
2232.92, 2126.51
2233.05, 2126.93
2233.17, 2127.34
2233.3, 2127.75
2233.42, 2128.16
2233.54, 2128.57
2233.67, 2128.99
2233.79, 2129.4
2233.92, 2129.81
2234.04, 2130.22
2234.17, 2130.64
2234.29, 2131.05
2234.42, 2131.46
2234.54, 2131.87
2234.67, 2132.29
2234.79, 2132.7
2234.92, 2133.11
2235.04, 2133.52
2235.17, 2133.94
2235.29, 2134.35
2235.42, 2134.76
2235.54, 2135.17
2235.67, 2135.59
2235.79, 2136
2235.92, 2136.41
2236.04, 2136.82
2236.16, 2137.24
2236.29, 2137.65
2236.41, 2138.06
2236.54, 2138.47
2236.68, 2138.98
2236.79, 2139.4
2236.89, 2139.82
2236.99, 2140.24
2237.1, 2140.66
2237.2, 2141.07
2237.31, 2141.49

waypoints
x, y
2227.31, 2107.98
2227.44, 2108.39
2227.56, 2108.8
2227.69, 2109.22
2227.81, 2109.63
2227.94, 2110.04
2228.06, 2110.45
2228.19, 2110.86
2228.31, 2111.28
2228.43, 2111.69
2228.56, 2112.1
2228.68, 2112.51
2228.81, 2112.92
2228.93, 2113.34
2229.06, 2113.75
2229.18, 2114.16
2229.31, 2114.57
2229.43, 2114.98
2229.56, 2115.39
2229.68, 2115.81
2229.81, 2116.22
2229.93, 2116.63
2230.06, 2117.04
2230.18, 2117.45
2230.3, 2117.87
2230.43, 2118.28
2230.55, 2118.69
2230.68, 2119.1
2230.8, 2119.51
2230.93, 2119.93
2231.05, 2120.34
2231.18, 2120.75
2231.3, 2121.16
2231.43, 2121.58
2231.55, 2121.99
2231.68, 2122.4
2231.8, 2122.81
2231.93, 2123.22
2232.05, 2123.63
2232.17, 2124.04
2232.3, 2124.46
2232.42, 2124.87
2232.55, 2125.28
2232.67, 2125.69
2232.8, 2126.1
2232.92, 2126.51
2233.05, 2126.93
2233.17, 2127.34
2233.3, 2127.75
2233.42, 2128.16
2233.54, 2128.57
2233.67, 2128.99
2233.79, 2129.4
2233.92, 2129.81
2234.04, 2130.22
2234.17, 2130.64
2234.29, 2131.05
2234.42, 2131.46
2234.54, 2131.87
2234.67, 2132.29
2234.79, 2132.7
2234.92, 2133.11
2235.04, 2133.52
2235.17, 2133.94
2235.29, 2134.35
2235.42, 2134.76
2235.54, 2135.17
2235.67, 2135.59
2235.79, 2136
2235.92, 2136.41
2236.04, 2136.82
2236.16, 2137.24
2236.29, 2137.65
2236.41, 2138.06
2236.54, 2138.47
2236.68, 2138.98
2236.79, 2139.4
2236.89, 2139.82
2236.99, 2140.24
2237.1, 2140.66
2237.2, 2141.07
2237.31, 2141.49

waypoints
x, y
2227.94, 2110.04
2228.06, 2110.45
2228.19, 2110.86
2228.31, 2111.28
2228.43, 2111.69
2228.56, 2112.1
2228.68, 2112.51
2228.81, 2112.92
2228.93, 2113.34
2229.06, 2113.75
2229.18, 2114.16
2229.31, 2114.57
2229.43, 2114.98
2229.56, 2115.39
2229.68, 2115.81
2229.81, 2116.22
2229.93, 2116.63
2230.06, 2117.04
2230.18, 2117.45
2230.3, 2117.87
2230.43, 2118.28
2230.55, 2118.69
2230.68, 2119.1
2230.8, 2119.51
2230.93, 2119.93
2231.05, 2120.34
2231.18, 2120.75
2231.3, 2121.16
2231.43, 2121.58
2231.55, 2121.99
2231.68, 2122.4
2231.8, 2122.81
2231.93, 2123.22
2232.05, 2123.63
2232.17, 2124.04
2232.3, 2124.46
2232.42, 2124.87
2232.55, 2125.28
2232.67, 2125.69
2232.8, 2126.1
2232.92, 2126.51
2233.05, 2126.93
2233.17, 2127.34
2233.3, 2127.75
2233.42, 2128.16
2233.54, 2128.57
2233.67, 2128.99
2233.79, 2129.4
2233.92, 2129.81
2234.04, 2130.22
2234.17, 2130.64
2234.29, 2131.05
2234.42, 2131.46
2234.54, 2131.87
2234.67, 2132.29
2234.79, 2132.7
2234.92, 2133.11
2235.04, 2133.52
2235.17, 2133.94
2235.29, 2134.35
2235.42, 2134.76
2235.54, 2135.17
2235.67, 2135.59
2235.79, 2136
2235.92, 2136.41
2236.04, 2136.82
2236.16, 2137.24
2236.29, 2137.65
2236.41, 2138.06
2236.54, 2138.47
2236.68, 2138.98
2236.79, 2139.4
2236.89, 2139.82
2236.99, 2140.24
2237.1, 2140.66
2237.2, 2141.07
2237.31, 2141.49

waypoints
x, y
2228.43, 2111.69
2228.56, 2112.1
2228.68, 2112.51
2228.81, 2112.92
2228.93, 2113.34
2229.06, 2113.75
2229.18, 2114.16
2229.31, 2114.57
2229.43, 2114.98
2229.56, 2115.39
2229.68, 2115.81
2229.81, 2116.22
2229.93, 2116.63
2230.06, 2117.04
2230.18, 2117.45
2230.3, 2117.87
2230.43, 2118.28
2230.55, 2118.69
2230.68, 2119.1
2230.8, 2119.51
2230.93, 2119.93
2231.05, 2120.34
2231.18, 2120.75
2231.3, 2121.16
2231.43, 2121.58
2231.55, 2121.99
2231.68, 2122.4
2231.8, 2122.81
2231.93, 2123.22
2232.05, 2123.63
2232.17, 2124.04
2232.3, 2124.46
2232.42, 2124.87
2232.55, 2125.28
2232.67, 2125.69
2232.8, 2126.1
2232.92, 2126.51
2233.05, 2126.93
2233.17, 2127.34
2233.3, 2127.75
2233.42, 2128.16
2233.54, 2128.57
2233.67, 2128.99
2233.79, 2129.4
2233.92, 2129.81
2234.04, 2130.22
2234.17, 2130.64
2234.29, 2131.05
2234.42, 2131.46
2234.54, 2131.87
2234.67, 2132.29
2234.79, 2132.7
2234.92, 2133.11
2235.04, 2133.52
2235.17, 2133.94
2235.29, 2134.35
2235.42, 2134.76
2235.54, 2135.17
2235.67, 2135.59
2235.79, 2136
2235.92, 2136.41
2236.04, 2136.82
2236.16, 2137.24
2236.29, 2137.65
2236.41, 2138.06
2236.54, 2138.47
2236.68, 2138.98
2236.79, 2139.4
2236.89, 2139.82
2236.99, 2140.24
2237.1, 2140.66
2237.2, 2141.07
2237.31, 2141.49

waypoints
x, y
2228.93, 2113.34
2229.06, 2113.75
2229.18, 2114.16
2229.31, 2114.57
2229.43, 2114.98
2229.56, 2115.39
2229.68, 2115.81
2229.81, 2116.22
2229.93, 2116.63
2230.06, 2117.04
2230.18, 2117.45
2230.3, 2117.87
2230.43, 2118.28
2230.55, 2118.69
2230.68, 2119.1
2230.8, 2119.51
2230.93, 2119.93
2231.05, 2120.34
2231.18, 2120.75
2231.3, 2121.16
2231.43, 2121.58
2231.55, 2121.99
2231.68, 2122.4
2231.8, 2122.81
2231.93, 2123.22
2232.05, 2123.63
2232.17, 2124.04
2232.3, 2124.46
2232.42, 2124.87
2232.55, 2125.28
2232.67, 2125.69
2232.8, 2126.1
2232.92, 2126.51
2233.05, 2126.93
2233.17, 2127.34
2233.3, 2127.75
2233.42, 2128.16
2233.54, 2128.57
2233.67, 2128.99
2233.79, 2129.4
2233.92, 2129.81
2234.04, 2130.22
2234.17, 2130.64
2234.29, 2131.05
2234.42, 2131.46
2234.54, 2131.87
2234.67, 2132.29
2234.79, 2132.7
2234.92, 2133.11
2235.04, 2133.52
2235.17, 2133.94
2235.29, 2134.35
2235.42, 2134.76
2235.54, 2135.17
2235.67, 2135.59
2235.79, 2136
2235.92, 2136.41
2236.04, 2136.82
2236.16, 2137.24
2236.29, 2137.65
2236.41, 2138.06
2236.54, 2138.47
2236.68, 2138.98
2236.79, 2139.4
2236.89, 2139.82
2236.99, 2140.24
2237.1, 2140.66
2237.2, 2141.07
2237.31, 2141.49

waypoints
x, y
2229.43, 2114.98
2229.56, 2115.39
2229.68, 2115.81
2229.81, 2116.22
2229.93, 2116.63
2230.06, 2117.04
2230.18, 2117.45
2230.3, 2117.87
2230.43, 2118.28
2230.55, 2118.69
2230.68, 2119.1
2230.8, 2119.51
2230.93, 2119.93
2231.05, 2120.34
2231.18, 2120.75
2231.3, 2121.16
2231.43, 2121.58
2231.55, 2121.99
2231.68, 2122.4
2231.8, 2122.81
2231.93, 2123.22
2232.05, 2123.63
2232.17, 2124.04
2232.3, 2124.46
2232.42, 2124.87
2232.55, 2125.28
2232.67, 2125.69
2232.8, 2126.1
2232.92, 2126.51
2233.05, 2126.93
2233.17, 2127.34
2233.3, 2127.75
2233.42, 2128.16
2233.54, 2128.57
2233.67, 2128.99
2233.79, 2129.4
2233.92, 2129.81
2234.04, 2130.22
2234.17, 2130.64
2234.29, 2131.05
2234.42, 2131.46
2234.54, 2131.87
2234.67, 2132.29
2234.79, 2132.7
2234.92, 2133.11
2235.04, 2133.52
2235.17, 2133.94
2235.29, 2134.35
2235.42, 2134.76
2235.54, 2135.17
2235.67, 2135.59
2235.79, 2136
2235.92, 2136.41
2236.04, 2136.82
2236.16, 2137.24
2236.29, 2137.65
2236.41, 2138.06
2236.54, 2138.47
2236.68, 2138.98
2236.79, 2139.4
2236.89, 2139.82
2236.99, 2140.24
2237.1, 2140.66
2237.2, 2141.07
2237.31, 2141.49

waypoints
x, y
2229.81, 2116.22
2229.93, 2116.63
2230.06, 2117.04
2230.18, 2117.45
2230.3, 2117.87
2230.43, 2118.28
2230.55, 2118.69
2230.68, 2119.1
2230.8, 2119.51
2230.93, 2119.93
2231.05, 2120.34
2231.18, 2120.75
2231.3, 2121.16
2231.43, 2121.58
2231.55, 2121.99
2231.68, 2122.4
2231.8, 2122.81
2231.93, 2123.22
2232.05, 2123.63
2232.17, 2124.04
2232.3, 2124.46
2232.42, 2124.87
2232.55, 2125.28
2232.67, 2125.69
2232.8, 2126.1
2232.92, 2126.51
2233.05, 2126.93
2233.17, 2127.34
2233.3, 2127.75
2233.42, 2128.16
2233.54, 2128.57
2233.67, 2128.99
2233.79, 2129.4
2233.92, 2129.81
2234.04, 2130.22
2234.17, 2130.64
2234.29, 2131.05
2234.42, 2131.46
2234.54, 2131.87
2234.67, 2132.29
2234.79, 2132.7
2234.92, 2133.11
2235.04, 2133.52
2235.17, 2133.94
2235.29, 2134.35
2235.42, 2134.76
2235.54, 2135.17
2235.67, 2135.59
2235.79, 2136
2235.92, 2136.41
2236.04, 2136.82
2236.16, 2137.24
2236.29, 2137.65
2236.41, 2138.06
2236.54, 2138.47
2236.68, 2138.98
2236.79, 2139.4
2236.89, 2139.82
2236.99, 2140.24
2237.1, 2140.66
2237.2, 2141.07
2237.31, 2141.49

waypoints
x, y
2230.3, 2117.87
2230.43, 2118.28
2230.55, 2118.69
2230.68, 2119.1
2230.8, 2119.51
2230.93, 2119.93
2231.05, 2120.34
2231.18, 2120.75
2231.3, 2121.16
2231.43, 2121.58
2231.55, 2121.99
2231.68, 2122.4
2231.8, 2122.81
2231.93, 2123.22
2232.05, 2123.63
2232.17, 2124.04
2232.3, 2124.46
2232.42, 2124.87
2232.55, 2125.28
2232.67, 2125.69
2232.8, 2126.1
2232.92, 2126.51
2233.05, 2126.93
2233.17, 2127.34
2233.3, 2127.75
2233.42, 2128.16
2233.54, 2128.57
2233.67, 2128.99
2233.79, 2129.4
2233.92, 2129.81
2234.04, 2130.22
2234.17, 2130.64
2234.29, 2131.05
2234.42, 2131.46
2234.54, 2131.87
2234.67, 2132.29
2234.79, 2132.7
2234.92, 2133.11
2235.04, 2133.52
2235.17, 2133.94
2235.29, 2134.35
2235.42, 2134.76
2235.54, 2135.17
2235.67, 2135.59
2235.79, 2136
2235.92, 2136.41
2236.04, 2136.82
2236.16, 2137.24
2236.29, 2137.65
2236.41, 2138.06
2236.54, 2138.47
2236.68, 2138.98
2236.79, 2139.4
2236.89, 2139.82
2236.99, 2140.24
2237.1, 2140.66
2237.2, 2141.07
2237.31, 2141.49

waypoints
x, y
2230.8, 2119.51
2230.93, 2119.93
2231.05, 2120.34
2231.18, 2120.75
2231.3, 2121.16
2231.43, 2121.58
2231.55, 2121.99
2231.68, 2122.4
2231.8, 2122.81
2231.93, 2123.22
2232.05, 2123.63
2232.17, 2124.04
2232.3, 2124.46
2232.42, 2124.87
2232.55, 2125.28
2232.67, 2125.69
2232.8, 2126.1
2232.92, 2126.51
2233.05, 2126.93
2233.17, 2127.34
2233.3, 2127.75
2233.42, 2128.16
2233.54, 2128.57
2233.67, 2128.99
2233.79, 2129.4
2233.92, 2129.81
2234.04, 2130.22
2234.17, 2130.64
2234.29, 2131.05
2234.42, 2131.46
2234.54, 2131.87
2234.67, 2132.29
2234.79, 2132.7
2234.92, 2133.11
2235.04, 2133.52
2235.17, 2133.94
2235.29, 2134.35
2235.42, 2134.76
2235.54, 2135.17
2235.67, 2135.59
2235.79, 2136
2235.92, 2136.41
2236.04, 2136.82
2236.16, 2137.24
2236.29, 2137.65
2236.41, 2138.06
2236.54, 2138.47
2236.68, 2138.98
2236.79, 2139.4
2236.89, 2139.82
2236.99, 2140.24
2237.1, 2140.66
2237.2, 2141.07
2237.31, 2141.49

waypoints
x, y
2231.3, 2121.16
2231.43, 2121.58
2231.55, 2121.99
2231.68, 2122.4
2231.8, 2122.81
2231.93, 2123.22
2232.05, 2123.63
2232.17, 2124.04
2232.3, 2124.46
2232.42, 2124.87
2232.55, 2125.28
2232.67, 2125.69
2232.8, 2126.1
2232.92, 2126.51
2233.05, 2126.93
2233.17, 2127.34
2233.3, 2127.75
2233.42, 2128.16
2233.54, 2128.57
2233.67, 2128.99
2233.79, 2129.4
2233.92, 2129.81
2234.04, 2130.22
2234.17, 2130.64
2234.29, 2131.05
2234.42, 2131.46
2234.54, 2131.87
2234.67, 2132.29
2234.79, 2132.7
2234.92, 2133.11
2235.04, 2133.52
2235.17, 2133.94
2235.29, 2134.35
2235.42, 2134.76
2235.54, 2135.17
2235.67, 2135.59
2235.79, 2136
2235.92, 2136.41
2236.04, 2136.82
2236.16, 2137.24
2236.29, 2137.65
2236.41, 2138.06
2236.54, 2138.47
2236.68, 2138.98
2236.79, 2139.4
2236.89, 2139.82
2236.99, 2140.24
2237.1, 2140.66
2237.2, 2141.07
2237.31, 2141.49

waypoints
x, y
2231.8, 2122.81
2231.93, 2123.22
2232.05, 2123.63
2232.17, 2124.04
2232.3, 2124.46
2232.42, 2124.87
2232.55, 2125.28
2232.67, 2125.69
2232.8, 2126.1
2232.92, 2126.51
2233.05, 2126.93
2233.17, 2127.34
2233.3, 2127.75
2233.42, 2128.16
2233.54, 2128.57
2233.67, 2128.99
2233.79, 2129.4
2233.92, 2129.81
2234.04, 2130.22
2234.17, 2130.64
2234.29, 2131.05
2234.42, 2131.46
2234.54, 2131.87
2234.67, 2132.29
2234.79, 2132.7
2234.92, 2133.11
2235.04, 2133.52
2235.17, 2133.94
2235.29, 2134.35
2235.42, 2134.76
2235.54, 2135.17
2235.67, 2135.59
2235.79, 2136
2235.92, 2136.41
2236.04, 2136.82
2236.16, 2137.24
2236.29, 2137.65
2236.41, 2138.06
2236.54, 2138.47
2236.68, 2138.98
2236.79, 2139.4
2236.89, 2139.82
2236.99, 2140.24
2237.1, 2140.66
2237.2, 2141.07
2237.31, 2141.49
2237.3, 2142.03
2237.4, 2142.45
2237.51, 2142.87
2237.61, 2143.28
2237.72, 2143.7
2237.82, 2144.12
2237.93, 2144.53
2238.03, 2144.95
2238.14, 2145.37
2238.24, 2145.78
2238.35, 2146.2
2238.45, 2146.62
2238.56, 2147.03
2238.67, 2147.45
2238.78, 2147.87
2238.88, 2148.28
2238.99, 2148.7
2239.1, 2149.12
2239.21, 2149.53
2239.32, 2149.95
2239.43, 2150.37
2239.54, 2150.79
2239.64, 2151.2
2239.75, 2151.62
2239.86, 2152.04
2239.97, 2152.45
2240.08, 2152.87
2240.19, 2153.29
2240.3, 2153.7
2240.41, 2154.12
2240.52, 2154.54
2240.63, 2154.96
2240.73, 2155.37
2240.84, 2155.79
2240.95, 2156.21
2241.06, 2156.63
2241.17, 2157.04
2241.27, 2157.46
2241.38, 2157.88
2241.49, 2158.3
2241.59, 2158.71
2241.7, 2159.13
2241.8, 2159.55
2241.91, 2159.97
2242.01, 2160.38
2242.12, 2160.8
2242.22, 2161.22
2242.33, 2161.64
2242.43, 2162.06

waypoints
x, y
2232.3, 2124.46
2232.42, 2124.87
2232.55, 2125.28
2232.67, 2125.69
2232.8, 2126.1
2232.92, 2126.51
2233.05, 2126.93
2233.17, 2127.34
2233.3, 2127.75
2233.42, 2128.16
2233.54, 2128.57
2233.67, 2128.99
2233.79, 2129.4
2233.92, 2129.81
2234.04, 2130.22
2234.17, 2130.64
2234.29, 2131.05
2234.42, 2131.46
2234.54, 2131.87
2234.67, 2132.29
2234.79, 2132.7
2234.92, 2133.11
2235.04, 2133.52
2235.17, 2133.94
2235.29, 2134.35
2235.42, 2134.76
2235.54, 2135.17
2235.67, 2135.59
2235.79, 2136
2235.92, 2136.41
2236.04, 2136.82
2236.16, 2137.24
2236.29, 2137.65
2236.41, 2138.06
2236.54, 2138.47
2236.68, 2138.98
2236.79, 2139.4
2236.89, 2139.82
2236.99, 2140.24
2237.1, 2140.66
2237.2, 2141.07
2237.31, 2141.49
2237.3, 2142.03
2237.4, 2142.45
2237.51, 2142.87
2237.61, 2143.28
2237.72, 2143.7
2237.82, 2144.12
2237.93, 2144.53
2238.03, 2144.95
2238.14, 2145.37
2238.24, 2145.78
2238.35, 2146.2
2238.45, 2146.62
2238.56, 2147.03
2238.67, 2147.45
2238.78, 2147.87
2238.88, 2148.28
2238.99, 2148.7
2239.1, 2149.12
2239.21, 2149.53
2239.32, 2149.95
2239.43, 2150.37
2239.54, 2150.79
2239.64, 2151.2
2239.75, 2151.62
2239.86, 2152.04
2239.97, 2152.45
2240.08, 2152.87
2240.19, 2153.29
2240.3, 2153.7
2240.41, 2154.12
2240.52, 2154.54
2240.63, 2154.96
2240.74, 2155.37
2240.84, 2155.79
2240.95, 2156.21
2241.06, 2156.63
2241.17, 2157.04
2241.27, 2157.46
2241.38, 2157.88
2241.49, 2158.3
2241.59, 2158.71
2241.7, 2159.13
2241.8, 2159.55
2241.91, 2159.97
2242.01, 2160.38
2242.12, 2160.8
2242.22, 2161.22
2242.33, 2161.64
2242.43, 2162.05

waypoints
x, y
2232.8, 2126.1
2232.92, 2126.51
2233.05, 2126.93
2233.17, 2127.34
2233.3, 2127.75
2233.42, 2128.16
2233.54, 2128.57
2233.67, 2128.99
2233.79, 2129.4
2233.92, 2129.81
2234.04, 2130.22
2234.17, 2130.64
2234.29, 2131.05
2234.42, 2131.46
2234.54, 2131.87
2234.67, 2132.29
2234.79, 2132.7
2234.92, 2133.11
2235.04, 2133.52
2235.17, 2133.94
2235.29, 2134.35
2235.42, 2134.76
2235.54, 2135.17
2235.67, 2135.59
2235.79, 2136
2235.92, 2136.41
2236.04, 2136.82
2236.16, 2137.24
2236.29, 2137.65
2236.41, 2138.06
2236.54, 2138.47
2236.68, 2138.98
2236.79, 2139.4
2236.89, 2139.82
2236.99, 2140.24
2237.1, 2140.66
2237.2, 2141.07
2237.31, 2141.49
2237.3, 2142.03
2237.4, 2142.45
2237.51, 2142.87
2237.61, 2143.28
2237.72, 2143.7
2237.82, 2144.12
2237.93, 2144.53
2238.03, 2144.95
2238.14, 2145.37
2238.24, 2145.78
2238.35, 2146.2
2238.45, 2146.62
2238.56, 2147.03
2238.67, 2147.45
2238.78, 2147.87
2238.88, 2148.28
2238.99, 2148.7
2239.1, 2149.12
2239.21, 2149.53
2239.32, 2149.95
2239.43, 2150.37
2239.54, 2150.79
2239.64, 2151.2
2239.75, 2151.62
2239.86, 2152.04
2239.97, 2152.45
2240.08, 2152.87
2240.19, 2153.29
2240.3, 2153.7
2240.41, 2154.12
2240.52, 2154.54
2240.63, 2154.96
2240.74, 2155.37
2240.84, 2155.79
2240.95, 2156.21
2241.06, 2156.63
2241.17, 2157.04
2241.27, 2157.46
2241.38, 2157.88
2241.49, 2158.3
2241.59, 2158.71
2241.7, 2159.13
2241.8, 2159.55
2241.91, 2159.97
2242.01, 2160.38
2242.12, 2160.8
2242.22, 2161.22
2242.33, 2161.64
2242.43, 2162.05

waypoints
x, y
2233.3, 2127.75
2233.42, 2128.16
2233.54, 2128.57
2233.67, 2128.99
2233.79, 2129.4
2233.92, 2129.81
2234.04, 2130.22
2234.17, 2130.64
2234.29, 2131.05
2234.42, 2131.46
2234.54, 2131.87
2234.67, 2132.29
2234.79, 2132.7
2234.92, 2133.11
2235.04, 2133.52
2235.17, 2133.94
2235.29, 2134.35
2235.42, 2134.76
2235.54, 2135.17
2235.67, 2135.59
2235.79, 2136
2235.92, 2136.41
2236.04, 2136.82
2236.16, 2137.24
2236.29, 2137.65
2236.41, 2138.06
2236.54, 2138.47
2236.68, 2138.98
2236.79, 2139.4
2236.89, 2139.82
2236.99, 2140.24
2237.1, 2140.66
2237.2, 2141.07
2237.31, 2141.49
2237.3, 2142.03
2237.4, 2142.45
2237.51, 2142.87
2237.61, 2143.28
2237.72, 2143.7
2237.82, 2144.12
2237.93, 2144.53
2238.03, 2144.95
2238.14, 2145.37
2238.24, 2145.78
2238.35, 2146.2
2238.45, 2146.62
2238.56, 2147.03
2238.67, 2147.45
2238.78, 2147.87
2238.88, 2148.28
2238.99, 2148.7
2239.1, 2149.12
2239.21, 2149.53
2239.32, 2149.95
2239.43, 2150.37
2239.54, 2150.79
2239.64, 2151.2
2239.75, 2151.62
2239.86, 2152.04
2239.97, 2152.45
2240.08, 2152.87
2240.19, 2153.29
2240.3, 2153.7
2240.41, 2154.12
2240.52, 2154.54
2240.63, 2154.96
2240.74, 2155.37
2240.84, 2155.79
2240.95, 2156.21
2241.06, 2156.63
2241.17, 2157.04
2241.27, 2157.46
2241.38, 2157.88
2241.49, 2158.3
2241.59, 2158.71
2241.7, 2159.13
2241.8, 2159.55
2241.91, 2159.97
2242.01, 2160.38
2242.12, 2160.8
2242.22, 2161.22
2242.33, 2161.64
2242.43, 2162.05

waypoints
x, y
2233.79, 2129.4
2233.92, 2129.81
2234.04, 2130.22
2234.17, 2130.64
2234.29, 2131.05
2234.42, 2131.46
2234.54, 2131.87
2234.67, 2132.29
2234.79, 2132.7
2234.92, 2133.11
2235.04, 2133.52
2235.17, 2133.94
2235.29, 2134.35
2235.42, 2134.76
2235.54, 2135.17
2235.67, 2135.59
2235.79, 2136
2235.92, 2136.41
2236.04, 2136.82
2236.16, 2137.24
2236.29, 2137.65
2236.41, 2138.06
2236.54, 2138.47
2236.68, 2138.98
2236.79, 2139.4
2236.89, 2139.82
2236.99, 2140.24
2237.1, 2140.66
2237.2, 2141.07
2237.31, 2141.49
2237.3, 2142.03
2237.4, 2142.45
2237.51, 2142.87
2237.61, 2143.28
2237.72, 2143.7
2237.82, 2144.12
2237.93, 2144.53
2238.03, 2144.95
2238.14, 2145.37
2238.24, 2145.78
2238.35, 2146.2
2238.45, 2146.62
2238.56, 2147.03
2238.67, 2147.45
2238.78, 2147.87
2238.88, 2148.28
2238.99, 2148.7
2239.1, 2149.12
2239.21, 2149.53
2239.32, 2149.95
2239.43, 2150.37
2239.54, 2150.79
2239.64, 2151.2
2239.75, 2151.62
2239.86, 2152.04
2239.97, 2152.45
2240.08, 2152.87
2240.19, 2153.29
2240.3, 2153.7
2240.41, 2154.12
2240.52, 2154.54
2240.63, 2154.96
2240.74, 2155.37
2240.84, 2155.79
2240.95, 2156.21
2241.06, 2156.63
2241.17, 2157.04
2241.27, 2157.46
2241.38, 2157.88
2241.49, 2158.3
2241.59, 2158.71
2241.7, 2159.13
2241.8, 2159.55
2241.91, 2159.97
2242.01, 2160.38
2242.12, 2160.8
2242.22, 2161.22
2242.33, 2161.64
2242.43, 2162.05

waypoints
x, y
2234.29, 2131.05
2234.42, 2131.46
2234.54, 2131.87
2234.67, 2132.29
2234.79, 2132.7
2234.92, 2133.11
2235.04, 2133.52
2235.17, 2133.94
2235.29, 2134.35
2235.42, 2134.76
2235.54, 2135.17
2235.67, 2135.59
2235.79, 2136
2235.92, 2136.41
2236.04, 2136.82
2236.16, 2137.24
2236.29, 2137.65
2236.41, 2138.06
2236.54, 2138.47
2236.68, 2138.98
2236.79, 2139.4
2236.89, 2139.82
2236.99, 2140.24
2237.1, 2140.66
2237.2, 2141.07
2237.31, 2141.49
2237.3, 2142.03
2237.4, 2142.45
2237.51, 2142.87
2237.61, 2143.28
2237.72, 2143.7
2237.82, 2144.12
2237.93, 2144.53
2238.03, 2144.95
2238.14, 2145.37
2238.24, 2145.78
2238.35, 2146.2
2238.45, 2146.62
2238.56, 2147.03
2238.67, 2147.45
2238.78, 2147.87
2238.88, 2148.28
2238.99, 2148.7
2239.1, 2149.12
2239.21, 2149.53
2239.32, 2149.95
2239.43, 2150.37
2239.54, 2150.79
2239.64, 2151.2
2239.75, 2151.62
2239.86, 2152.04
2239.97, 2152.45
2240.08, 2152.87
2240.19, 2153.29
2240.3, 2153.7
2240.41, 2154.12
2240.52, 2154.54
2240.63, 2154.96
2240.74, 2155.37
2240.84, 2155.79
2240.95, 2156.21
2241.06, 2156.63
2241.17, 2157.04
2241.27, 2157.46
2241.38, 2157.88
2241.49, 2158.3
2241.59, 2158.71
2241.7, 2159.13
2241.8, 2159.55
2241.91, 2159.97
2242.01, 2160.38
2242.12, 2160.8
2242.22, 2161.22
2242.33, 2161.64
2242.43, 2162.05

waypoints
x, y
2234.67, 2132.29
2234.79, 2132.7
2234.92, 2133.11
2235.04, 2133.52
2235.17, 2133.94
2235.29, 2134.35
2235.42, 2134.76
2235.54, 2135.17
2235.67, 2135.59
2235.79, 2136
2235.92, 2136.41
2236.04, 2136.82
2236.16, 2137.24
2236.29, 2137.65
2236.41, 2138.06
2236.54, 2138.47
2236.68, 2138.98
2236.79, 2139.4
2236.89, 2139.82
2236.99, 2140.24
2237.1, 2140.66
2237.2, 2141.07
2237.31, 2141.49
2237.3, 2142.03
2237.4, 2142.45
2237.51, 2142.87
2237.61, 2143.28
2237.72, 2143.7
2237.82, 2144.12
2237.93, 2144.53
2238.03, 2144.95
2238.14, 2145.37
2238.24, 2145.78
2238.35, 2146.2
2238.45, 2146.62
2238.56, 2147.03
2238.67, 2147.45
2238.78, 2147.87
2238.88, 2148.28
2238.99, 2148.7
2239.1, 2149.12
2239.21, 2149.53
2239.32, 2149.95
2239.43, 2150.37
2239.54, 2150.79
2239.64, 2151.2
2239.75, 2151.62
2239.86, 2152.04
2239.97, 2152.45
2240.08, 2152.87
2240.19, 2153.29
2240.3, 2153.7
2240.41, 2154.12
2240.52, 2154.54
2240.63, 2154.96
2240.74, 2155.37
2240.84, 2155.79
2240.95, 2156.21
2241.06, 2156.63
2241.17, 2157.04
2241.27, 2157.46
2241.38, 2157.88
2241.49, 2158.3
2241.59, 2158.71
2241.7, 2159.13
2241.8, 2159.55
2241.91, 2159.97
2242.01, 2160.38
2242.12, 2160.8
2242.22, 2161.22
2242.33, 2161.64
2242.43, 2162.05

waypoints
x, y
2235.17, 2133.94
2235.29, 2134.35
2235.42, 2134.76
2235.54, 2135.17
2235.67, 2135.59
2235.79, 2136
2235.92, 2136.41
2236.04, 2136.82
2236.16, 2137.24
2236.29, 2137.65
2236.41, 2138.06
2236.54, 2138.47
2236.68, 2138.98
2236.79, 2139.4
2236.89, 2139.82
2236.99, 2140.24
2237.1, 2140.66
2237.2, 2141.07
2237.31, 2141.49
2237.3, 2142.03
2237.4, 2142.45
2237.51, 2142.87
2237.61, 2143.28
2237.72, 2143.7
2237.82, 2144.12
2237.93, 2144.53
2238.03, 2144.95
2238.14, 2145.37
2238.24, 2145.78
2238.35, 2146.2
2238.45, 2146.62
2238.56, 2147.03
2238.67, 2147.45
2238.78, 2147.87
2238.88, 2148.28
2238.99, 2148.7
2239.1, 2149.12
2239.21, 2149.53
2239.32, 2149.95
2239.43, 2150.37
2239.54, 2150.79
2239.64, 2151.2
2239.75, 2151.62
2239.86, 2152.04
2239.97, 2152.45
2240.08, 2152.87
2240.19, 2153.29
2240.3, 2153.7
2240.41, 2154.12
2240.52, 2154.54
2240.63, 2154.96
2240.74, 2155.37
2240.84, 2155.79
2240.95, 2156.21
2241.06, 2156.63
2241.17, 2157.04
2241.27, 2157.46
2241.38, 2157.88
2241.49, 2158.3
2241.59, 2158.71
2241.7, 2159.13
2241.8, 2159.55
2241.91, 2159.97
2242.01, 2160.38
2242.12, 2160.8
2242.22, 2161.22
2242.33, 2161.64
2242.43, 2162.05

waypoints
x, y
2235.67, 2135.59
2235.79, 2136
2235.92, 2136.41
2236.04, 2136.82
2236.16, 2137.24
2236.29, 2137.65
2236.41, 2138.06
2236.54, 2138.47
2236.68, 2138.98
2236.79, 2139.4
2236.89, 2139.82
2236.99, 2140.24
2237.1, 2140.66
2237.2, 2141.07
2237.31, 2141.49
2237.3, 2142.03
2237.4, 2142.45
2237.51, 2142.87
2237.61, 2143.28
2237.72, 2143.7
2237.82, 2144.12
2237.93, 2144.53
2238.03, 2144.95
2238.14, 2145.37
2238.24, 2145.78
2238.35, 2146.2
2238.45, 2146.62
2238.56, 2147.03
2238.67, 2147.45
2238.78, 2147.87
2238.88, 2148.28
2238.99, 2148.7
2239.1, 2149.12
2239.21, 2149.53
2239.32, 2149.95
2239.43, 2150.37
2239.54, 2150.79
2239.64, 2151.2
2239.75, 2151.62
2239.86, 2152.04
2239.97, 2152.45
2240.08, 2152.87
2240.19, 2153.29
2240.3, 2153.7
2240.41, 2154.12
2240.52, 2154.54
2240.63, 2154.96
2240.74, 2155.37
2240.84, 2155.79
2240.95, 2156.21
2241.06, 2156.63
2241.17, 2157.04
2241.27, 2157.46
2241.38, 2157.88
2241.49, 2158.3
2241.59, 2158.71
2241.7, 2159.13
2241.8, 2159.55
2241.91, 2159.97
2242.01, 2160.38
2242.12, 2160.8
2242.22, 2161.22
2242.33, 2161.64
2242.43, 2162.05

waypoints
x, y
2236.16, 2137.24
2236.29, 2137.65
2236.41, 2138.06
2236.54, 2138.47
2236.68, 2138.98
2236.79, 2139.4
2236.89, 2139.82
2236.99, 2140.24
2237.1, 2140.66
2237.2, 2141.07
2237.31, 2141.49
2237.3, 2142.03
2237.4, 2142.45
2237.51, 2142.87
2237.61, 2143.28
2237.72, 2143.7
2237.82, 2144.12
2237.93, 2144.53
2238.03, 2144.95
2238.14, 2145.37
2238.24, 2145.78
2238.35, 2146.2
2238.45, 2146.62
2238.56, 2147.03
2238.67, 2147.45
2238.78, 2147.87
2238.88, 2148.28
2238.99, 2148.7
2239.1, 2149.12
2239.21, 2149.53
2239.32, 2149.95
2239.43, 2150.37
2239.54, 2150.79
2239.64, 2151.2
2239.75, 2151.62
2239.86, 2152.04
2239.97, 2152.45
2240.08, 2152.87
2240.19, 2153.29
2240.3, 2153.7
2240.41, 2154.12
2240.52, 2154.54
2240.63, 2154.96
2240.74, 2155.37
2240.84, 2155.79
2240.95, 2156.21
2241.06, 2156.63
2241.17, 2157.04
2241.27, 2157.46
2241.38, 2157.88
2241.49, 2158.3
2241.59, 2158.71
2241.7, 2159.13
2241.8, 2159.55
2241.91, 2159.97
2242.01, 2160.38
2242.12, 2160.8
2242.22, 2161.22
2242.33, 2161.64
2242.43, 2162.05

waypoints
x, y
2236.68, 2138.98
2236.79, 2139.4
2236.89, 2139.82
2236.99, 2140.24
2237.1, 2140.66
2237.2, 2141.07
2237.31, 2141.49
2237.3, 2142.03
2237.4, 2142.45
2237.51, 2142.87
2237.61, 2143.28
2237.72, 2143.7
2237.82, 2144.12
2237.93, 2144.53
2238.03, 2144.95
2238.14, 2145.37
2238.24, 2145.78
2238.35, 2146.2
2238.45, 2146.62
2238.56, 2147.03
2238.67, 2147.45
2238.78, 2147.87
2238.88, 2148.28
2238.99, 2148.7
2239.1, 2149.12
2239.21, 2149.53
2239.32, 2149.95
2239.43, 2150.37
2239.54, 2150.79
2239.64, 2151.2
2239.75, 2151.62
2239.86, 2152.04
2239.97, 2152.45
2240.08, 2152.87
2240.19, 2153.29
2240.3, 2153.7
2240.41, 2154.12
2240.52, 2154.54
2240.63, 2154.96
2240.74, 2155.37
2240.84, 2155.79
2240.95, 2156.21
2241.06, 2156.63
2241.17, 2157.04
2241.27, 2157.46
2241.38, 2157.88
2241.49, 2158.3
2241.59, 2158.71
2241.7, 2159.13
2241.8, 2159.55
2241.91, 2159.97
2242.01, 2160.38
2242.12, 2160.8
2242.22, 2161.22
2242.33, 2161.64
2242.43, 2162.05

waypoints
x, y
2237.1, 2140.66
2237.2, 2141.07
2237.31, 2141.49
2237.3, 2142.03
2237.4, 2142.45
2237.51, 2142.87
2237.61, 2143.28
2237.72, 2143.7
2237.82, 2144.12
2237.93, 2144.53
2238.03, 2144.95
2238.14, 2145.37
2238.24, 2145.78
2238.35, 2146.2
2238.45, 2146.62
2238.56, 2147.03
2238.67, 2147.45
2238.78, 2147.87
2238.88, 2148.28
2238.99, 2148.7
2239.1, 2149.12
2239.21, 2149.53
2239.32, 2149.95
2239.43, 2150.37
2239.54, 2150.79
2239.64, 2151.2
2239.75, 2151.62
2239.86, 2152.04
2239.97, 2152.45
2240.08, 2152.87
2240.19, 2153.29
2240.3, 2153.7
2240.41, 2154.12
2240.52, 2154.54
2240.63, 2154.96
2240.74, 2155.37
2240.84, 2155.79
2240.95, 2156.21
2241.06, 2156.63
2241.17, 2157.04
2241.27, 2157.46
2241.38, 2157.88
2241.49, 2158.3
2241.59, 2158.71
2241.7, 2159.13
2241.8, 2159.55
2241.91, 2159.97
2242.01, 2160.38
2242.12, 2160.8
2242.22, 2161.22
2242.33, 2161.64
2242.43, 2162.05

waypoints
x, y
2237.4, 2142.45
2237.51, 2142.87
2237.61, 2143.28
2237.72, 2143.7
2237.82, 2144.12
2237.93, 2144.53
2238.03, 2144.95
2238.14, 2145.37
2238.24, 2145.78
2238.35, 2146.2
2238.45, 2146.62
2238.56, 2147.03
2238.67, 2147.45
2238.78, 2147.87
2238.88, 2148.28
2238.99, 2148.7
2239.1, 2149.12
2239.21, 2149.53
2239.32, 2149.95
2239.43, 2150.37
2239.54, 2150.79
2239.64, 2151.2
2239.75, 2151.62
2239.86, 2152.04
2239.97, 2152.45
2240.08, 2152.87
2240.19, 2153.29
2240.3, 2153.7
2240.41, 2154.12
2240.52, 2154.54
2240.63, 2154.96
2240.74, 2155.37
2240.84, 2155.79
2240.95, 2156.21
2241.06, 2156.63
2241.17, 2157.04
2241.27, 2157.46
2241.38, 2157.88
2241.49, 2158.3
2241.59, 2158.71
2241.7, 2159.13
2241.8, 2159.55
2241.91, 2159.97
2242.01, 2160.38
2242.12, 2160.8
2242.22, 2161.22
2242.33, 2161.64
2242.43, 2162.05
2242.56, 2162.58
2242.69, 2163.11
2242.82, 2163.63
2242.95, 2164.15
2243.08, 2164.66
2243.21, 2165.17
2243.33, 2165.67
2243.45, 2166.16
2243.58, 2166.65
2243.69, 2167.13
2243.81, 2167.6
2243.93, 2168.06
2244.04, 2168.51
2244.15, 2168.95
2244.27, 2169.46
2244.36, 2169.89
2244.45, 2170.31
2244.54, 2170.73
2244.63, 2171.14
2244.71, 2171.54
2244.79, 2171.93
2244.87, 2172.32
2244.96, 2172.7
2245.03, 2173.08
2245.11, 2173.46
2245.19, 2173.83
2245.27, 2174.2
2245.35, 2174.57
2245.42, 2174.93
2245.5, 2175.3
2245.58, 2175.66
2245.65, 2176.03
2245.73, 2176.39
2245.81, 2176.76
2245.89, 2177.13
2245.97, 2177.51
2246.05, 2177.89
2246.13, 2178.27
2246.21, 2178.65
2246.29, 2179.04
2246.37, 2179.43
2246.46, 2179.83
2246.54, 2180.23
2246.62, 2180.63
2246.71, 2181.04
2246.8, 2181.46
2246.89, 2181.87
2246.97, 2182.29
2247.06, 2182.71

waypoints
x, y
2237.82, 2144.12
2237.93, 2144.53
2238.03, 2144.95
2238.14, 2145.37
2238.24, 2145.78
2238.35, 2146.2
2238.45, 2146.62
2238.56, 2147.03
2238.67, 2147.45
2238.78, 2147.87
2238.88, 2148.28
2238.99, 2148.7
2239.1, 2149.12
2239.21, 2149.53
2239.32, 2149.95
2239.43, 2150.37
2239.54, 2150.79
2239.64, 2151.2
2239.75, 2151.62
2239.86, 2152.04
2239.97, 2152.45
2240.08, 2152.87
2240.19, 2153.29
2240.3, 2153.7
2240.41, 2154.12
2240.52, 2154.54
2240.63, 2154.96
2240.74, 2155.37
2240.84, 2155.79
2240.95, 2156.21
2241.06, 2156.63
2241.17, 2157.04
2241.27, 2157.46
2241.38, 2157.88
2241.49, 2158.3
2241.59, 2158.71
2241.7, 2159.13
2241.8, 2159.55
2241.91, 2159.97
2242.01, 2160.38
2242.12, 2160.8
2242.22, 2161.22
2242.33, 2161.64
2242.43, 2162.05
2242.56, 2162.58
2242.69, 2163.11
2242.82, 2163.63
2242.95, 2164.15
2243.08, 2164.66
2243.21, 2165.17
2243.33, 2165.67
2243.45, 2166.16
2243.58, 2166.65
2243.7, 2167.13
2243.81, 2167.6
2243.93, 2168.06
2244.04, 2168.51
2244.15, 2168.95
2244.27, 2169.46
2244.36, 2169.89
2244.45, 2170.31
2244.54, 2170.73
2244.62, 2171.14
2244.71, 2171.54
2244.79, 2171.93
2244.87, 2172.32
2244.95, 2172.7
2245.03, 2173.08
2245.11, 2173.46
2245.19, 2173.83
2245.27, 2174.2
2245.35, 2174.57
2245.42, 2174.93
2245.5, 2175.3
2245.58, 2175.66
2245.66, 2176.03
2245.73, 2176.39
2245.81, 2176.76
2245.89, 2177.13
2245.97, 2177.51
2246.05, 2177.89
2246.13, 2178.27
2246.21, 2178.65
2246.29, 2179.04
2246.37, 2179.43
2246.45, 2179.83
2246.54, 2180.23
2246.62, 2180.64
2246.71, 2181.04
2246.8, 2181.46
2246.89, 2181.87
2246.97, 2182.29
2247.06, 2182.71

waypoints
x, y
2238.14, 2145.37
2238.24, 2145.78
2238.35, 2146.2
2238.45, 2146.62
2238.56, 2147.03
2238.67, 2147.45
2238.78, 2147.87
2238.88, 2148.28
2238.99, 2148.7
2239.1, 2149.12
2239.21, 2149.53
2239.32, 2149.95
2239.43, 2150.37
2239.54, 2150.79
2239.64, 2151.2
2239.75, 2151.62
2239.86, 2152.04
2239.97, 2152.45
2240.08, 2152.87
2240.19, 2153.29
2240.3, 2153.7
2240.41, 2154.12
2240.52, 2154.54
2240.63, 2154.96
2240.74, 2155.37
2240.84, 2155.79
2240.95, 2156.21
2241.06, 2156.63
2241.17, 2157.04
2241.27, 2157.46
2241.38, 2157.88
2241.49, 2158.3
2241.59, 2158.71
2241.7, 2159.13
2241.8, 2159.55
2241.91, 2159.97
2242.01, 2160.38
2242.12, 2160.8
2242.22, 2161.22
2242.33, 2161.64
2242.43, 2162.05
2242.56, 2162.58
2242.69, 2163.11
2242.82, 2163.63
2242.95, 2164.15
2243.08, 2164.66
2243.21, 2165.17
2243.33, 2165.67
2243.45, 2166.16
2243.58, 2166.65
2243.7, 2167.13
2243.81, 2167.6
2243.93, 2168.06
2244.04, 2168.51
2244.15, 2168.95
2244.27, 2169.46
2244.36, 2169.89
2244.45, 2170.31
2244.54, 2170.73
2244.62, 2171.14
2244.71, 2171.54
2244.79, 2171.93
2244.87, 2172.32
2244.95, 2172.7
2245.03, 2173.08
2245.11, 2173.46
2245.19, 2173.83
2245.27, 2174.2
2245.35, 2174.57
2245.42, 2174.93
2245.5, 2175.3
2245.58, 2175.66
2245.66, 2176.03
2245.73, 2176.39
2245.81, 2176.76
2245.89, 2177.13
2245.97, 2177.51
2246.05, 2177.89
2246.13, 2178.27
2246.21, 2178.65
2246.29, 2179.04
2246.37, 2179.43
2246.45, 2179.83
2246.54, 2180.23
2246.62, 2180.64
2246.71, 2181.04
2246.8, 2181.46
2246.89, 2181.87
2246.97, 2182.29
2247.06, 2182.71

waypoints
x, y
2238.56, 2147.03
2238.67, 2147.45
2238.78, 2147.87
2238.88, 2148.28
2238.99, 2148.7
2239.1, 2149.12
2239.21, 2149.53
2239.32, 2149.95
2239.43, 2150.37
2239.54, 2150.79
2239.64, 2151.2
2239.75, 2151.62
2239.86, 2152.04
2239.97, 2152.45
2240.08, 2152.87
2240.19, 2153.29
2240.3, 2153.7
2240.41, 2154.12
2240.52, 2154.54
2240.63, 2154.96
2240.74, 2155.37
2240.84, 2155.79
2240.95, 2156.21
2241.06, 2156.63
2241.17, 2157.04
2241.27, 2157.46
2241.38, 2157.88
2241.49, 2158.3
2241.59, 2158.71
2241.7, 2159.13
2241.8, 2159.55
2241.91, 2159.97
2242.01, 2160.38
2242.12, 2160.8
2242.22, 2161.22
2242.33, 2161.64
2242.43, 2162.05
2242.56, 2162.58
2242.69, 2163.11
2242.82, 2163.63
2242.95, 2164.15
2243.08, 2164.66
2243.21, 2165.17
2243.33, 2165.67
2243.45, 2166.16
2243.58, 2166.65
2243.7, 2167.13
2243.81, 2167.6
2243.93, 2168.06
2244.04, 2168.51
2244.15, 2168.95
2244.27, 2169.46
2244.36, 2169.89
2244.45, 2170.31
2244.54, 2170.73
2244.62, 2171.14
2244.71, 2171.54
2244.79, 2171.93
2244.87, 2172.32
2244.95, 2172.7
2245.03, 2173.08
2245.11, 2173.46
2245.19, 2173.83
2245.27, 2174.2
2245.35, 2174.57
2245.42, 2174.93
2245.5, 2175.3
2245.58, 2175.66
2245.66, 2176.03
2245.73, 2176.39
2245.81, 2176.76
2245.89, 2177.13
2245.97, 2177.51
2246.05, 2177.89
2246.13, 2178.27
2246.21, 2178.65
2246.29, 2179.04
2246.37, 2179.43
2246.45, 2179.83
2246.54, 2180.23
2246.62, 2180.64
2246.71, 2181.04
2246.8, 2181.46
2246.89, 2181.87
2246.97, 2182.29
2247.06, 2182.71

waypoints
x, y
2238.99, 2148.7
2239.1, 2149.12
2239.21, 2149.53
2239.32, 2149.95
2239.43, 2150.37
2239.54, 2150.79
2239.64, 2151.2
2239.75, 2151.62
2239.86, 2152.04
2239.97, 2152.45
2240.08, 2152.87
2240.19, 2153.29
2240.3, 2153.7
2240.41, 2154.12
2240.52, 2154.54
2240.63, 2154.96
2240.74, 2155.37
2240.84, 2155.79
2240.95, 2156.21
2241.06, 2156.63
2241.17, 2157.04
2241.27, 2157.46
2241.38, 2157.88
2241.49, 2158.3
2241.59, 2158.71
2241.7, 2159.13
2241.8, 2159.55
2241.91, 2159.97
2242.01, 2160.38
2242.12, 2160.8
2242.22, 2161.22
2242.33, 2161.64
2242.43, 2162.05
2242.56, 2162.58
2242.69, 2163.11
2242.82, 2163.63
2242.95, 2164.15
2243.08, 2164.66
2243.21, 2165.17
2243.33, 2165.67
2243.45, 2166.16
2243.58, 2166.65
2243.7, 2167.13
2243.81, 2167.6
2243.93, 2168.06
2244.04, 2168.51
2244.15, 2168.95
2244.27, 2169.46
2244.36, 2169.89
2244.45, 2170.31
2244.54, 2170.73
2244.62, 2171.14
2244.71, 2171.54
2244.79, 2171.93
2244.87, 2172.32
2244.95, 2172.7
2245.03, 2173.08
2245.11, 2173.46
2245.19, 2173.83
2245.27, 2174.2
2245.35, 2174.57
2245.42, 2174.93
2245.5, 2175.3
2245.58, 2175.66
2245.66, 2176.03
2245.73, 2176.39
2245.81, 2176.76
2245.89, 2177.13
2245.97, 2177.51
2246.05, 2177.89
2246.13, 2178.27
2246.21, 2178.65
2246.29, 2179.04
2246.37, 2179.43
2246.45, 2179.83
2246.54, 2180.23
2246.62, 2180.64
2246.71, 2181.04
2246.8, 2181.46
2246.89, 2181.87
2246.97, 2182.29
2247.06, 2182.71

waypoints
x, y
2239.43, 2150.37
2239.54, 2150.79
2239.64, 2151.2
2239.75, 2151.62
2239.86, 2152.04
2239.97, 2152.45
2240.08, 2152.87
2240.19, 2153.29
2240.3, 2153.7
2240.41, 2154.12
2240.52, 2154.54
2240.63, 2154.96
2240.74, 2155.37
2240.84, 2155.79
2240.95, 2156.21
2241.06, 2156.63
2241.17, 2157.04
2241.27, 2157.46
2241.38, 2157.88
2241.49, 2158.3
2241.59, 2158.71
2241.7, 2159.13
2241.8, 2159.55
2241.91, 2159.97
2242.01, 2160.38
2242.12, 2160.8
2242.22, 2161.22
2242.33, 2161.64
2242.43, 2162.05
2242.56, 2162.58
2242.69, 2163.11
2242.82, 2163.63
2242.95, 2164.15
2243.08, 2164.66
2243.21, 2165.17
2243.33, 2165.67
2243.45, 2166.16
2243.58, 2166.65
2243.7, 2167.13
2243.81, 2167.6
2243.93, 2168.06
2244.04, 2168.51
2244.15, 2168.95
2244.27, 2169.46
2244.36, 2169.89
2244.45, 2170.31
2244.54, 2170.73
2244.62, 2171.14
2244.71, 2171.54
2244.79, 2171.93
2244.87, 2172.32
2244.95, 2172.7
2245.03, 2173.08
2245.11, 2173.46
2245.19, 2173.83
2245.27, 2174.2
2245.35, 2174.57
2245.42, 2174.93
2245.5, 2175.3
2245.58, 2175.66
2245.66, 2176.03
2245.73, 2176.39
2245.81, 2176.76
2245.89, 2177.13
2245.97, 2177.51
2246.05, 2177.89
2246.13, 2178.27
2246.21, 2178.65
2246.29, 2179.04
2246.37, 2179.43
2246.45, 2179.83
2246.54, 2180.23
2246.62, 2180.64
2246.71, 2181.04
2246.8, 2181.46
2246.89, 2181.87
2246.97, 2182.29
2247.06, 2182.71

waypoints
x, y
2239.86, 2152.04
2239.97, 2152.45
2240.08, 2152.87
2240.19, 2153.29
2240.3, 2153.7
2240.41, 2154.12
2240.52, 2154.54
2240.63, 2154.96
2240.74, 2155.37
2240.84, 2155.79
2240.95, 2156.21
2241.06, 2156.63
2241.17, 2157.04
2241.27, 2157.46
2241.38, 2157.88
2241.49, 2158.3
2241.59, 2158.71
2241.7, 2159.13
2241.8, 2159.55
2241.91, 2159.97
2242.01, 2160.38
2242.12, 2160.8
2242.22, 2161.22
2242.33, 2161.64
2242.43, 2162.05
2242.56, 2162.58
2242.69, 2163.11
2242.82, 2163.63
2242.95, 2164.15
2243.08, 2164.66
2243.21, 2165.17
2243.33, 2165.67
2243.45, 2166.16
2243.58, 2166.65
2243.7, 2167.13
2243.81, 2167.6
2243.93, 2168.06
2244.04, 2168.51
2244.15, 2168.95
2244.27, 2169.46
2244.36, 2169.89
2244.45, 2170.31
2244.54, 2170.73
2244.62, 2171.14
2244.71, 2171.54
2244.79, 2171.93
2244.87, 2172.32
2244.95, 2172.7
2245.03, 2173.08
2245.11, 2173.46
2245.19, 2173.83
2245.27, 2174.2
2245.35, 2174.57
2245.42, 2174.93
2245.5, 2175.3
2245.58, 2175.66
2245.66, 2176.03
2245.73, 2176.39
2245.81, 2176.76
2245.89, 2177.13
2245.97, 2177.51
2246.05, 2177.89
2246.13, 2178.27
2246.21, 2178.65
2246.29, 2179.04
2246.37, 2179.43
2246.45, 2179.83
2246.54, 2180.23
2246.62, 2180.64
2246.71, 2181.04
2246.8, 2181.46
2246.89, 2181.87
2246.97, 2182.29
2247.06, 2182.71

waypoints
x, y
2240.3, 2153.7
2240.41, 2154.12
2240.52, 2154.54
2240.63, 2154.96
2240.74, 2155.37
2240.84, 2155.79
2240.95, 2156.21
2241.06, 2156.63
2241.17, 2157.04
2241.27, 2157.46
2241.38, 2157.88
2241.49, 2158.3
2241.59, 2158.71
2241.7, 2159.13
2241.8, 2159.55
2241.91, 2159.97
2242.01, 2160.38
2242.12, 2160.8
2242.22, 2161.22
2242.33, 2161.64
2242.43, 2162.05
2242.56, 2162.58
2242.69, 2163.11
2242.82, 2163.63
2242.95, 2164.15
2243.08, 2164.66
2243.21, 2165.17
2243.33, 2165.67
2243.45, 2166.16
2243.58, 2166.65
2243.7, 2167.13
2243.81, 2167.6
2243.93, 2168.06
2244.04, 2168.51
2244.15, 2168.95
2244.27, 2169.46
2244.36, 2169.89
2244.45, 2170.31
2244.54, 2170.73
2244.62, 2171.14
2244.71, 2171.54
2244.79, 2171.93
2244.87, 2172.32
2244.95, 2172.7
2245.03, 2173.08
2245.11, 2173.46
2245.19, 2173.83
2245.27, 2174.2
2245.35, 2174.57
2245.42, 2174.93
2245.5, 2175.3
2245.58, 2175.66
2245.66, 2176.03
2245.73, 2176.39
2245.81, 2176.76
2245.89, 2177.13
2245.97, 2177.51
2246.05, 2177.89
2246.13, 2178.27
2246.21, 2178.65
2246.29, 2179.04
2246.37, 2179.43
2246.45, 2179.83
2246.54, 2180.23
2246.62, 2180.64
2246.71, 2181.04
2246.8, 2181.46
2246.89, 2181.87
2246.97, 2182.29
2247.06, 2182.71

waypoints
x, y
2240.74, 2155.37
2240.84, 2155.79
2240.95, 2156.21
2241.06, 2156.63
2241.17, 2157.04
2241.27, 2157.46
2241.38, 2157.88
2241.49, 2158.3
2241.59, 2158.71
2241.7, 2159.13
2241.8, 2159.55
2241.91, 2159.97
2242.01, 2160.38
2242.12, 2160.8
2242.22, 2161.22
2242.33, 2161.64
2242.43, 2162.05
2242.56, 2162.58
2242.69, 2163.11
2242.82, 2163.63
2242.95, 2164.15
2243.08, 2164.66
2243.21, 2165.17
2243.33, 2165.67
2243.45, 2166.16
2243.58, 2166.65
2243.7, 2167.13
2243.81, 2167.6
2243.93, 2168.06
2244.04, 2168.51
2244.15, 2168.95
2244.27, 2169.46
2244.36, 2169.89
2244.45, 2170.31
2244.54, 2170.73
2244.62, 2171.14
2244.71, 2171.54
2244.79, 2171.93
2244.87, 2172.32
2244.95, 2172.7
2245.03, 2173.08
2245.11, 2173.46
2245.19, 2173.83
2245.27, 2174.2
2245.35, 2174.57
2245.42, 2174.93
2245.5, 2175.3
2245.58, 2175.66
2245.66, 2176.03
2245.73, 2176.39
2245.81, 2176.76
2245.89, 2177.13
2245.97, 2177.51
2246.05, 2177.89
2246.13, 2178.27
2246.21, 2178.65
2246.29, 2179.04
2246.37, 2179.43
2246.45, 2179.83
2246.54, 2180.23
2246.62, 2180.64
2246.71, 2181.04
2246.8, 2181.46
2246.89, 2181.87
2246.97, 2182.29
2247.06, 2182.71

waypoints
x, y
2241.17, 2157.04
2241.27, 2157.46
2241.38, 2157.88
2241.49, 2158.3
2241.59, 2158.71
2241.7, 2159.13
2241.8, 2159.55
2241.91, 2159.97
2242.01, 2160.38
2242.12, 2160.8
2242.22, 2161.22
2242.33, 2161.64
2242.43, 2162.05
2242.56, 2162.58
2242.69, 2163.11
2242.82, 2163.63
2242.95, 2164.15
2243.08, 2164.66
2243.21, 2165.17
2243.33, 2165.67
2243.45, 2166.16
2243.58, 2166.65
2243.7, 2167.13
2243.81, 2167.6
2243.93, 2168.06
2244.04, 2168.51
2244.15, 2168.95
2244.27, 2169.46
2244.36, 2169.89
2244.45, 2170.31
2244.54, 2170.73
2244.62, 2171.14
2244.71, 2171.54
2244.79, 2171.93
2244.87, 2172.32
2244.95, 2172.7
2245.03, 2173.08
2245.11, 2173.46
2245.19, 2173.83
2245.27, 2174.2
2245.35, 2174.57
2245.42, 2174.93
2245.5, 2175.3
2245.58, 2175.66
2245.66, 2176.03
2245.73, 2176.39
2245.81, 2176.76
2245.89, 2177.13
2245.97, 2177.51
2246.05, 2177.89
2246.13, 2178.27
2246.21, 2178.65
2246.29, 2179.04
2246.37, 2179.43
2246.45, 2179.83
2246.54, 2180.23
2246.62, 2180.64
2246.71, 2181.04
2246.8, 2181.46
2246.89, 2181.87
2246.97, 2182.29
2247.06, 2182.71

waypoints
x, y
2241.49, 2158.3
2241.59, 2158.71
2241.7, 2159.13
2241.8, 2159.55
2241.91, 2159.97
2242.01, 2160.38
2242.12, 2160.8
2242.22, 2161.22
2242.33, 2161.64
2242.43, 2162.05
2242.56, 2162.58
2242.69, 2163.11
2242.82, 2163.63
2242.95, 2164.15
2243.08, 2164.66
2243.21, 2165.17
2243.33, 2165.67
2243.45, 2166.16
2243.58, 2166.65
2243.7, 2167.13
2243.81, 2167.6
2243.93, 2168.06
2244.04, 2168.51
2244.15, 2168.95
2244.27, 2169.46
2244.36, 2169.89
2244.45, 2170.31
2244.54, 2170.73
2244.62, 2171.14
2244.71, 2171.54
2244.79, 2171.93
2244.87, 2172.32
2244.95, 2172.7
2245.03, 2173.08
2245.11, 2173.46
2245.19, 2173.83
2245.27, 2174.2
2245.35, 2174.57
2245.42, 2174.93
2245.5, 2175.3
2245.58, 2175.66
2245.66, 2176.03
2245.73, 2176.39
2245.81, 2176.76
2245.89, 2177.13
2245.97, 2177.51
2246.05, 2177.89
2246.13, 2178.27
2246.21, 2178.65
2246.29, 2179.04
2246.37, 2179.43
2246.45, 2179.83
2246.54, 2180.23
2246.62, 2180.64
2246.71, 2181.04
2246.8, 2181.46
2246.89, 2181.87
2246.97, 2182.29
2247.06, 2182.71

waypoints
x, y
2242.01, 2160.38
2242.12, 2160.8
2242.22, 2161.22
2242.33, 2161.64
2242.43, 2162.05
2242.56, 2162.58
2242.69, 2163.11
2242.82, 2163.63
2242.95, 2164.15
2243.08, 2164.66
2243.21, 2165.17
2243.33, 2165.67
2243.45, 2166.16
2243.58, 2166.65
2243.7, 2167.13
2243.81, 2167.6
2243.93, 2168.06
2244.04, 2168.51
2244.15, 2168.95
2244.27, 2169.46
2244.36, 2169.89
2244.45, 2170.31
2244.54, 2170.73
2244.62, 2171.14
2244.71, 2171.54
2244.79, 2171.93
2244.87, 2172.32
2244.95, 2172.7
2245.03, 2173.08
2245.11, 2173.46
2245.19, 2173.83
2245.27, 2174.2
2245.35, 2174.57
2245.42, 2174.93
2245.5, 2175.3
2245.58, 2175.66
2245.66, 2176.03
2245.73, 2176.39
2245.81, 2176.76
2245.89, 2177.13
2245.97, 2177.51
2246.05, 2177.89
2246.13, 2178.27
2246.21, 2178.65
2246.29, 2179.04
2246.37, 2179.43
2246.45, 2179.83
2246.54, 2180.23
2246.62, 2180.64
2246.71, 2181.04
2246.8, 2181.46
2246.89, 2181.87
2246.97, 2182.29
2247.06, 2182.71

waypoints
x, y
2242.33, 2161.64
2242.43, 2162.05
2242.56, 2162.58
2242.69, 2163.11
2242.82, 2163.63
2242.95, 2164.15
2243.08, 2164.66
2243.21, 2165.17
2243.33, 2165.67
2243.45, 2166.16
2243.58, 2166.65
2243.7, 2167.13
2243.81, 2167.6
2243.93, 2168.06
2244.04, 2168.51
2244.15, 2168.95
2244.27, 2169.46
2244.36, 2169.89
2244.45, 2170.31
2244.54, 2170.73
2244.62, 2171.14
2244.71, 2171.54
2244.79, 2171.93
2244.87, 2172.32
2244.95, 2172.7
2245.03, 2173.08
2245.11, 2173.46
2245.19, 2173.83
2245.27, 2174.2
2245.35, 2174.57
2245.42, 2174.93
2245.5, 2175.3
2245.58, 2175.66
2245.66, 2176.03
2245.73, 2176.39
2245.81, 2176.76
2245.89, 2177.13
2245.97, 2177.51
2246.05, 2177.89
2246.13, 2178.27
2246.21, 2178.65
2246.29, 2179.04
2246.37, 2179.43
2246.45, 2179.83
2246.54, 2180.23
2246.62, 2180.64
2246.71, 2181.04
2246.8, 2181.46
2246.89, 2181.87
2246.97, 2182.29
2247.06, 2182.71

waypoints
x, y
2242.82, 2163.63
2242.95, 2164.15
2243.08, 2164.66
2243.21, 2165.17
2243.33, 2165.67
2243.45, 2166.16
2243.58, 2166.65
2243.7, 2167.13
2243.81, 2167.6
2243.93, 2168.06
2244.04, 2168.51
2244.15, 2168.95
2244.27, 2169.46
2244.36, 2169.89
2244.45, 2170.31
2244.54, 2170.73
2244.62, 2171.14
2244.71, 2171.54
2244.79, 2171.93
2244.87, 2172.32
2244.95, 2172.7
2245.03, 2173.08
2245.11, 2173.46
2245.19, 2173.83
2245.27, 2174.2
2245.35, 2174.57
2245.42, 2174.93
2245.5, 2175.3
2245.58, 2175.66
2245.66, 2176.03
2245.73, 2176.39
2245.81, 2176.76
2245.89, 2177.13
2245.97, 2177.51
2246.05, 2177.89
2246.13, 2178.27
2246.21, 2178.65
2246.29, 2179.04
2246.37, 2179.43
2246.45, 2179.83
2246.54, 2180.23
2246.62, 2180.64
2246.71, 2181.04
2246.8, 2181.46
2246.89, 2181.87
2246.97, 2182.29
2247.06, 2182.71
2247.17, 2183.24
2247.28, 2183.77
2247.39, 2184.29
2247.5, 2184.81
2247.61, 2185.33
2247.72, 2185.84
2247.83, 2186.34
2247.93, 2186.84
2248.03, 2187.33
2248.14, 2187.81
2248.23, 2188.28
2248.33, 2188.75
2248.43, 2189.2
2248.52, 2189.65
2248.61, 2190.09
2248.71, 2190.52
2248.79, 2190.94
2248.88, 2191.36
2248.97, 2191.76
2249.05, 2192.16
2249.14, 2192.56
2249.22, 2192.95
2249.3, 2193.34
2249.38, 2193.72
2249.45, 2194.09
2249.53, 2194.47
2249.61, 2194.84
2249.69, 2195.2
2249.76, 2195.57
2249.84, 2195.94
2249.92, 2196.3
2249.99, 2196.67
2250.07, 2197.04
2250.15, 2197.41
2250.22, 2197.78
2250.3, 2198.16
2250.38, 2198.53
2250.46, 2198.91
2250.54, 2199.3
2250.62, 2199.69
2250.7, 2200.08
2250.79, 2200.48
2250.87, 2200.88
2250.95, 2201.29
2251.04, 2201.7
2251.13, 2202.11
2251.21, 2202.53
2251.3, 2202.94
2251.39, 2203.36

waypoints
x, y
2243.33, 2165.67
2243.45, 2166.16
2243.58, 2166.65
2243.7, 2167.13
2243.81, 2167.6
2243.93, 2168.06
2244.04, 2168.51
2244.15, 2168.95
2244.27, 2169.46
2244.36, 2169.89
2244.45, 2170.31
2244.54, 2170.73
2244.62, 2171.14
2244.71, 2171.54
2244.79, 2171.93
2244.87, 2172.32
2244.95, 2172.7
2245.03, 2173.08
2245.11, 2173.46
2245.19, 2173.83
2245.27, 2174.2
2245.35, 2174.57
2245.42, 2174.93
2245.5, 2175.3
2245.58, 2175.66
2245.66, 2176.03
2245.73, 2176.39
2245.81, 2176.76
2245.89, 2177.13
2245.97, 2177.51
2246.05, 2177.89
2246.13, 2178.27
2246.21, 2178.65
2246.29, 2179.04
2246.37, 2179.43
2246.45, 2179.83
2246.54, 2180.23
2246.62, 2180.64
2246.71, 2181.04
2246.8, 2181.46
2246.89, 2181.87
2246.97, 2182.29
2247.06, 2182.71
2247.17, 2183.24
2247.28, 2183.77
2247.39, 2184.29
2247.51, 2184.81
2247.61, 2185.33
2247.72, 2185.84
2247.83, 2186.34
2247.93, 2186.84
2248.03, 2187.33
2248.14, 2187.81
2248.24, 2188.28
2248.33, 2188.75
2248.43, 2189.2
2248.52, 2189.65
2248.61, 2190.09
2248.71, 2190.52
2248.79, 2190.94
2248.88, 2191.36
2248.97, 2191.76
2249.05, 2192.16
2249.14, 2192.56
2249.22, 2192.95
2249.3, 2193.34
2249.38, 2193.72
2249.45, 2194.09
2249.53, 2194.47
2249.61, 2194.84
2249.69, 2195.2
2249.76, 2195.57
2249.84, 2195.94
2249.91, 2196.3
2249.99, 2196.67
2250.07, 2197.04
2250.14, 2197.41
2250.22, 2197.78
2250.3, 2198.16
2250.38, 2198.53
2250.46, 2198.91
2250.54, 2199.3
2250.62, 2199.69
2250.7, 2200.08
2250.79, 2200.48
2250.87, 2200.88
2250.95, 2201.29
2251.04, 2201.7
2251.12, 2202.11
2251.21, 2202.53
2251.3, 2202.95
2251.39, 2203.36

waypoints
x, y
2243.81, 2167.6
2243.93, 2168.06
2244.04, 2168.51
2244.15, 2168.95
2244.27, 2169.46
2244.36, 2169.89
2244.45, 2170.31
2244.54, 2170.73
2244.62, 2171.14
2244.71, 2171.54
2244.79, 2171.93
2244.87, 2172.32
2244.95, 2172.7
2245.03, 2173.08
2245.11, 2173.46
2245.19, 2173.83
2245.27, 2174.2
2245.35, 2174.57
2245.42, 2174.93
2245.5, 2175.3
2245.58, 2175.66
2245.66, 2176.03
2245.73, 2176.39
2245.81, 2176.76
2245.89, 2177.13
2245.97, 2177.51
2246.05, 2177.89
2246.13, 2178.27
2246.21, 2178.65
2246.29, 2179.04
2246.37, 2179.43
2246.45, 2179.83
2246.54, 2180.23
2246.62, 2180.64
2246.71, 2181.04
2246.8, 2181.46
2246.89, 2181.87
2246.97, 2182.29
2247.06, 2182.71
2247.17, 2183.24
2247.28, 2183.77
2247.39, 2184.29
2247.51, 2184.81
2247.61, 2185.33
2247.72, 2185.84
2247.83, 2186.34
2247.93, 2186.84
2248.03, 2187.33
2248.14, 2187.81
2248.24, 2188.28
2248.33, 2188.75
2248.43, 2189.2
2248.52, 2189.65
2248.61, 2190.09
2248.71, 2190.52
2248.79, 2190.94
2248.88, 2191.36
2248.97, 2191.76
2249.05, 2192.16
2249.14, 2192.56
2249.22, 2192.95
2249.3, 2193.34
2249.38, 2193.72
2249.45, 2194.09
2249.53, 2194.47
2249.61, 2194.84
2249.69, 2195.2
2249.76, 2195.57
2249.84, 2195.94
2249.91, 2196.3
2249.99, 2196.67
2250.07, 2197.04
2250.14, 2197.41
2250.22, 2197.78
2250.3, 2198.16
2250.38, 2198.53
2250.46, 2198.91
2250.54, 2199.3
2250.62, 2199.69
2250.7, 2200.08
2250.79, 2200.48
2250.87, 2200.88
2250.95, 2201.29
2251.04, 2201.7
2251.12, 2202.11
2251.21, 2202.53
2251.3, 2202.95
2251.39, 2203.36

waypoints
x, y
2244.15, 2168.95
2244.27, 2169.46
2244.36, 2169.89
2244.45, 2170.31
2244.54, 2170.73
2244.62, 2171.14
2244.71, 2171.54
2244.79, 2171.93
2244.87, 2172.32
2244.95, 2172.7
2245.03, 2173.08
2245.11, 2173.46
2245.19, 2173.83
2245.27, 2174.2
2245.35, 2174.57
2245.42, 2174.93
2245.5, 2175.3
2245.58, 2175.66
2245.66, 2176.03
2245.73, 2176.39
2245.81, 2176.76
2245.89, 2177.13
2245.97, 2177.51
2246.05, 2177.89
2246.13, 2178.27
2246.21, 2178.65
2246.29, 2179.04
2246.37, 2179.43
2246.45, 2179.83
2246.54, 2180.23
2246.62, 2180.64
2246.71, 2181.04
2246.8, 2181.46
2246.89, 2181.87
2246.97, 2182.29
2247.06, 2182.71
2247.17, 2183.24
2247.28, 2183.77
2247.39, 2184.29
2247.51, 2184.81
2247.61, 2185.33
2247.72, 2185.84
2247.83, 2186.34
2247.93, 2186.84
2248.03, 2187.33
2248.14, 2187.81
2248.24, 2188.28
2248.33, 2188.75
2248.43, 2189.2
2248.52, 2189.65
2248.61, 2190.09
2248.71, 2190.52
2248.79, 2190.94
2248.88, 2191.36
2248.97, 2191.76
2249.05, 2192.16
2249.14, 2192.56
2249.22, 2192.95
2249.3, 2193.34
2249.38, 2193.72
2249.45, 2194.09
2249.53, 2194.47
2249.61, 2194.84
2249.69, 2195.2
2249.76, 2195.57
2249.84, 2195.94
2249.91, 2196.3
2249.99, 2196.67
2250.07, 2197.04
2250.14, 2197.41
2250.22, 2197.78
2250.3, 2198.16
2250.38, 2198.53
2250.46, 2198.91
2250.54, 2199.3
2250.62, 2199.69
2250.7, 2200.08
2250.79, 2200.48
2250.87, 2200.88
2250.95, 2201.29
2251.04, 2201.7
2251.12, 2202.11
2251.21, 2202.53
2251.3, 2202.95
2251.39, 2203.36

waypoints
x, y
2244.54, 2170.73
2244.62, 2171.14
2244.71, 2171.54
2244.79, 2171.93
2244.87, 2172.32
2244.95, 2172.7
2245.03, 2173.08
2245.11, 2173.46
2245.19, 2173.83
2245.27, 2174.2
2245.35, 2174.57
2245.42, 2174.93
2245.5, 2175.3
2245.58, 2175.66
2245.66, 2176.03
2245.73, 2176.39
2245.81, 2176.76
2245.89, 2177.13
2245.97, 2177.51
2246.05, 2177.89
2246.13, 2178.27
2246.21, 2178.65
2246.29, 2179.04
2246.37, 2179.43
2246.45, 2179.83
2246.54, 2180.23
2246.62, 2180.64
2246.71, 2181.04
2246.8, 2181.46
2246.89, 2181.87
2246.97, 2182.29
2247.06, 2182.71
2247.17, 2183.24
2247.28, 2183.77
2247.39, 2184.29
2247.51, 2184.81
2247.61, 2185.33
2247.72, 2185.84
2247.83, 2186.34
2247.93, 2186.84
2248.03, 2187.33
2248.14, 2187.81
2248.24, 2188.28
2248.33, 2188.75
2248.43, 2189.2
2248.52, 2189.65
2248.61, 2190.09
2248.71, 2190.52
2248.79, 2190.94
2248.88, 2191.36
2248.97, 2191.76
2249.05, 2192.16
2249.14, 2192.56
2249.22, 2192.95
2249.3, 2193.34
2249.38, 2193.72
2249.45, 2194.09
2249.53, 2194.47
2249.61, 2194.84
2249.69, 2195.2
2249.76, 2195.57
2249.84, 2195.94
2249.91, 2196.3
2249.99, 2196.67
2250.07, 2197.04
2250.14, 2197.41
2250.22, 2197.78
2250.3, 2198.16
2250.38, 2198.53
2250.46, 2198.91
2250.54, 2199.3
2250.62, 2199.69
2250.7, 2200.08
2250.79, 2200.48
2250.87, 2200.88
2250.95, 2201.29
2251.04, 2201.7
2251.12, 2202.11
2251.21, 2202.53
2251.3, 2202.95
2251.39, 2203.36

waypoints
x, y
2244.87, 2172.32
2244.95, 2172.7
2245.03, 2173.08
2245.11, 2173.46
2245.19, 2173.83
2245.27, 2174.2
2245.35, 2174.57
2245.42, 2174.93
2245.5, 2175.3
2245.58, 2175.66
2245.66, 2176.03
2245.73, 2176.39
2245.81, 2176.76
2245.89, 2177.13
2245.97, 2177.51
2246.05, 2177.89
2246.13, 2178.27
2246.21, 2178.65
2246.29, 2179.04
2246.37, 2179.43
2246.45, 2179.83
2246.54, 2180.23
2246.62, 2180.64
2246.71, 2181.04
2246.8, 2181.46
2246.89, 2181.87
2246.97, 2182.29
2247.06, 2182.71
2247.17, 2183.24
2247.28, 2183.77
2247.39, 2184.29
2247.51, 2184.81
2247.61, 2185.33
2247.72, 2185.84
2247.83, 2186.34
2247.93, 2186.84
2248.03, 2187.33
2248.14, 2187.81
2248.24, 2188.28
2248.33, 2188.75
2248.43, 2189.2
2248.52, 2189.65
2248.61, 2190.09
2248.71, 2190.52
2248.79, 2190.94
2248.88, 2191.36
2248.97, 2191.76
2249.05, 2192.16
2249.14, 2192.56
2249.22, 2192.95
2249.3, 2193.34
2249.38, 2193.72
2249.45, 2194.09
2249.53, 2194.47
2249.61, 2194.84
2249.69, 2195.2
2249.76, 2195.57
2249.84, 2195.94
2249.91, 2196.3
2249.99, 2196.67
2250.07, 2197.04
2250.14, 2197.41
2250.22, 2197.78
2250.3, 2198.16
2250.38, 2198.53
2250.46, 2198.91
2250.54, 2199.3
2250.62, 2199.69
2250.7, 2200.08
2250.79, 2200.48
2250.87, 2200.88
2250.95, 2201.29
2251.04, 2201.7
2251.12, 2202.11
2251.21, 2202.53
2251.3, 2202.95
2251.39, 2203.36

waypoints
x, y
2245.19, 2173.83
2245.27, 2174.2
2245.35, 2174.57
2245.42, 2174.93
2245.5, 2175.3
2245.58, 2175.66
2245.66, 2176.03
2245.73, 2176.39
2245.81, 2176.76
2245.89, 2177.13
2245.97, 2177.51
2246.05, 2177.89
2246.13, 2178.27
2246.21, 2178.65
2246.29, 2179.04
2246.37, 2179.43
2246.45, 2179.83
2246.54, 2180.23
2246.62, 2180.64
2246.71, 2181.04
2246.8, 2181.46
2246.89, 2181.87
2246.97, 2182.29
2247.06, 2182.71
2247.17, 2183.24
2247.28, 2183.77
2247.39, 2184.29
2247.51, 2184.81
2247.61, 2185.33
2247.72, 2185.84
2247.83, 2186.34
2247.93, 2186.84
2248.03, 2187.33
2248.14, 2187.81
2248.24, 2188.28
2248.33, 2188.75
2248.43, 2189.2
2248.52, 2189.65
2248.61, 2190.09
2248.71, 2190.52
2248.79, 2190.94
2248.88, 2191.36
2248.97, 2191.76
2249.05, 2192.16
2249.14, 2192.56
2249.22, 2192.95
2249.3, 2193.34
2249.38, 2193.72
2249.45, 2194.09
2249.53, 2194.47
2249.61, 2194.84
2249.69, 2195.2
2249.76, 2195.57
2249.84, 2195.94
2249.91, 2196.3
2249.99, 2196.67
2250.07, 2197.04
2250.14, 2197.41
2250.22, 2197.78
2250.3, 2198.16
2250.38, 2198.53
2250.46, 2198.91
2250.54, 2199.3
2250.62, 2199.69
2250.7, 2200.08
2250.79, 2200.48
2250.87, 2200.88
2250.95, 2201.29
2251.04, 2201.7
2251.12, 2202.11
2251.21, 2202.53
2251.3, 2202.95
2251.39, 2203.36

waypoints
x, y
2245.5, 2175.3
2245.58, 2175.66
2245.66, 2176.03
2245.73, 2176.39
2245.81, 2176.76
2245.89, 2177.13
2245.97, 2177.51
2246.05, 2177.89
2246.13, 2178.27
2246.21, 2178.65
2246.29, 2179.04
2246.37, 2179.43
2246.45, 2179.83
2246.54, 2180.23
2246.62, 2180.64
2246.71, 2181.04
2246.8, 2181.46
2246.89, 2181.87
2246.97, 2182.29
2247.06, 2182.71
2247.17, 2183.24
2247.28, 2183.77
2247.39, 2184.29
2247.51, 2184.81
2247.61, 2185.33
2247.72, 2185.84
2247.83, 2186.34
2247.93, 2186.84
2248.03, 2187.33
2248.14, 2187.81
2248.24, 2188.28
2248.33, 2188.75
2248.43, 2189.2
2248.52, 2189.65
2248.61, 2190.09
2248.71, 2190.52
2248.79, 2190.94
2248.88, 2191.36
2248.97, 2191.76
2249.05, 2192.16
2249.14, 2192.56
2249.22, 2192.95
2249.3, 2193.34
2249.38, 2193.72
2249.45, 2194.09
2249.53, 2194.47
2249.61, 2194.84
2249.69, 2195.2
2249.76, 2195.57
2249.84, 2195.94
2249.91, 2196.3
2249.99, 2196.67
2250.07, 2197.04
2250.14, 2197.41
2250.22, 2197.78
2250.3, 2198.16
2250.38, 2198.53
2250.46, 2198.91
2250.54, 2199.3
2250.62, 2199.69
2250.7, 2200.08
2250.79, 2200.48
2250.87, 2200.88
2250.95, 2201.29
2251.04, 2201.7
2251.12, 2202.11
2251.21, 2202.53
2251.3, 2202.95
2251.39, 2203.36

waypoints
x, y
2245.81, 2176.76
2245.89, 2177.13
2245.97, 2177.51
2246.05, 2177.89
2246.13, 2178.27
2246.21, 2178.65
2246.29, 2179.04
2246.37, 2179.43
2246.45, 2179.83
2246.54, 2180.23
2246.62, 2180.64
2246.71, 2181.04
2246.8, 2181.46
2246.89, 2181.87
2246.97, 2182.29
2247.06, 2182.71
2247.17, 2183.24
2247.28, 2183.77
2247.39, 2184.29
2247.51, 2184.81
2247.61, 2185.33
2247.72, 2185.84
2247.83, 2186.34
2247.93, 2186.84
2248.03, 2187.33
2248.14, 2187.81
2248.24, 2188.28
2248.33, 2188.75
2248.43, 2189.2
2248.52, 2189.65
2248.61, 2190.09
2248.71, 2190.52
2248.79, 2190.94
2248.88, 2191.36
2248.97, 2191.76
2249.05, 2192.16
2249.14, 2192.56
2249.22, 2192.95
2249.3, 2193.34
2249.38, 2193.72
2249.45, 2194.09
2249.53, 2194.47
2249.61, 2194.84
2249.69, 2195.2
2249.76, 2195.57
2249.84, 2195.94
2249.91, 2196.3
2249.99, 2196.67
2250.07, 2197.04
2250.14, 2197.41
2250.22, 2197.78
2250.3, 2198.16
2250.38, 2198.53
2250.46, 2198.91
2250.54, 2199.3
2250.62, 2199.69
2250.7, 2200.08
2250.79, 2200.48
2250.87, 2200.88
2250.95, 2201.29
2251.04, 2201.7
2251.12, 2202.11
2251.21, 2202.53
2251.3, 2202.95
2251.39, 2203.36

waypoints
x, y
2246.13, 2178.27
2246.21, 2178.65
2246.29, 2179.04
2246.37, 2179.43
2246.45, 2179.83
2246.54, 2180.23
2246.62, 2180.64
2246.71, 2181.04
2246.8, 2181.46
2246.89, 2181.87
2246.97, 2182.29
2247.06, 2182.71
2247.17, 2183.24
2247.28, 2183.77
2247.39, 2184.29
2247.51, 2184.81
2247.61, 2185.33
2247.72, 2185.84
2247.83, 2186.34
2247.93, 2186.84
2248.03, 2187.33
2248.14, 2187.81
2248.24, 2188.28
2248.33, 2188.75
2248.43, 2189.2
2248.52, 2189.65
2248.61, 2190.09
2248.71, 2190.52
2248.79, 2190.94
2248.88, 2191.36
2248.97, 2191.76
2249.05, 2192.16
2249.14, 2192.56
2249.22, 2192.95
2249.3, 2193.34
2249.38, 2193.72
2249.45, 2194.09
2249.53, 2194.47
2249.61, 2194.84
2249.69, 2195.2
2249.76, 2195.57
2249.84, 2195.94
2249.91, 2196.3
2249.99, 2196.67
2250.07, 2197.04
2250.14, 2197.41
2250.22, 2197.78
2250.3, 2198.16
2250.38, 2198.53
2250.46, 2198.91
2250.54, 2199.3
2250.62, 2199.69
2250.7, 2200.08
2250.79, 2200.48
2250.87, 2200.88
2250.95, 2201.29
2251.04, 2201.7
2251.12, 2202.11
2251.21, 2202.53
2251.3, 2202.95
2251.39, 2203.36

waypoints
x, y
2246.37, 2179.43
2246.45, 2179.83
2246.54, 2180.23
2246.62, 2180.64
2246.71, 2181.04
2246.8, 2181.46
2246.89, 2181.87
2246.97, 2182.29
2247.06, 2182.71
2247.17, 2183.24
2247.28, 2183.77
2247.39, 2184.29
2247.51, 2184.81
2247.61, 2185.33
2247.72, 2185.84
2247.83, 2186.34
2247.93, 2186.84
2248.03, 2187.33
2248.14, 2187.81
2248.24, 2188.28
2248.33, 2188.75
2248.43, 2189.2
2248.52, 2189.65
2248.61, 2190.09
2248.71, 2190.52
2248.79, 2190.94
2248.88, 2191.36
2248.97, 2191.76
2249.05, 2192.16
2249.14, 2192.56
2249.22, 2192.95
2249.3, 2193.34
2249.38, 2193.72
2249.45, 2194.09
2249.53, 2194.47
2249.61, 2194.84
2249.69, 2195.2
2249.76, 2195.57
2249.84, 2195.94
2249.91, 2196.3
2249.99, 2196.67
2250.07, 2197.04
2250.14, 2197.41
2250.22, 2197.78
2250.3, 2198.16
2250.38, 2198.53
2250.46, 2198.91
2250.54, 2199.3
2250.62, 2199.69
2250.7, 2200.08
2250.79, 2200.48
2250.87, 2200.88
2250.95, 2201.29
2251.04, 2201.7
2251.12, 2202.11
2251.21, 2202.53
2251.3, 2202.95
2251.39, 2203.36

waypoints
x, y
2246.71, 2181.04
2246.8, 2181.46
2246.89, 2181.87
2246.97, 2182.29
2247.06, 2182.71
2247.17, 2183.24
2247.28, 2183.77
2247.39, 2184.29
2247.51, 2184.81
2247.61, 2185.33
2247.72, 2185.84
2247.83, 2186.34
2247.93, 2186.84
2248.03, 2187.33
2248.14, 2187.81
2248.24, 2188.28
2248.33, 2188.75
2248.43, 2189.2
2248.52, 2189.65
2248.61, 2190.09
2248.71, 2190.52
2248.79, 2190.94
2248.88, 2191.36
2248.97, 2191.76
2249.05, 2192.16
2249.14, 2192.56
2249.22, 2192.95
2249.3, 2193.34
2249.38, 2193.72
2249.45, 2194.09
2249.53, 2194.47
2249.61, 2194.84
2249.69, 2195.2
2249.76, 2195.57
2249.84, 2195.94
2249.91, 2196.3
2249.99, 2196.67
2250.07, 2197.04
2250.14, 2197.41
2250.22, 2197.78
2250.3, 2198.16
2250.38, 2198.53
2250.46, 2198.91
2250.54, 2199.3
2250.62, 2199.69
2250.7, 2200.08
2250.79, 2200.48
2250.87, 2200.88
2250.95, 2201.29
2251.04, 2201.7
2251.12, 2202.11
2251.21, 2202.53
2251.3, 2202.95
2251.39, 2203.36

waypoints
x, y
2247.06, 2182.71
2247.17, 2183.24
2247.28, 2183.77
2247.39, 2184.29
2247.51, 2184.81
2247.61, 2185.33
2247.72, 2185.84
2247.83, 2186.34
2247.93, 2186.84
2248.03, 2187.33
2248.14, 2187.81
2248.24, 2188.28
2248.33, 2188.75
2248.43, 2189.2
2248.52, 2189.65
2248.61, 2190.09
2248.71, 2190.52
2248.79, 2190.94
2248.88, 2191.36
2248.97, 2191.76
2249.05, 2192.16
2249.14, 2192.56
2249.22, 2192.95
2249.3, 2193.34
2249.38, 2193.72
2249.45, 2194.09
2249.53, 2194.47
2249.61, 2194.84
2249.69, 2195.2
2249.76, 2195.57
2249.84, 2195.94
2249.91, 2196.3
2249.99, 2196.67
2250.07, 2197.04
2250.14, 2197.41
2250.22, 2197.78
2250.3, 2198.16
2250.38, 2198.53
2250.46, 2198.91
2250.54, 2199.3
2250.62, 2199.69
2250.7, 2200.08
2250.79, 2200.48
2250.87, 2200.88
2250.95, 2201.29
2251.04, 2201.7
2251.12, 2202.11
2251.21, 2202.53
2251.3, 2202.95
2251.39, 2203.36

waypoints
x, y
2247.51, 2184.81
2247.61, 2185.33
2247.72, 2185.84
2247.83, 2186.34
2247.93, 2186.84
2248.03, 2187.33
2248.14, 2187.81
2248.24, 2188.28
2248.33, 2188.75
2248.43, 2189.2
2248.52, 2189.65
2248.61, 2190.09
2248.71, 2190.52
2248.79, 2190.94
2248.88, 2191.36
2248.97, 2191.76
2249.05, 2192.16
2249.14, 2192.56
2249.22, 2192.95
2249.3, 2193.34
2249.38, 2193.72
2249.45, 2194.09
2249.53, 2194.47
2249.61, 2194.84
2249.69, 2195.2
2249.76, 2195.57
2249.84, 2195.94
2249.91, 2196.3
2249.99, 2196.67
2250.07, 2197.04
2250.14, 2197.41
2250.22, 2197.78
2250.3, 2198.16
2250.38, 2198.53
2250.46, 2198.91
2250.54, 2199.3
2250.62, 2199.69
2250.7, 2200.08
2250.79, 2200.48
2250.87, 2200.88
2250.95, 2201.29
2251.04, 2201.7
2251.12, 2202.11
2251.21, 2202.53
2251.3, 2202.95
2251.39, 2203.36
2251.5, 2203.89
2251.61, 2204.41
2251.71, 2204.93
2251.82, 2205.45
2251.93, 2205.96
2252.03, 2206.47
2252.14, 2206.97
2252.24, 2207.47
2252.34, 2207.95
2252.44, 2208.43
2252.54, 2208.9
2252.64, 2209.36
2252.73, 2209.82
2252.83, 2210.26
2252.92, 2210.7
2253.01, 2211.13
2253.09, 2211.56
2253.18, 2211.97
2253.27, 2212.38
2253.35, 2212.78
2253.43, 2213.18
2253.51, 2213.57
2253.59, 2213.95
2253.67, 2214.34
2253.75, 2214.71
2253.83, 2215.09
2253.91, 2215.46
2253.99, 2215.83
2254.06, 2216.2
2254.14, 2216.57
2254.22, 2216.94
2254.29, 2217.31
2254.37, 2217.68
2254.45, 2218.05
2254.53, 2218.42
2254.6, 2218.8
2254.68, 2219.18
2254.76, 2219.56
2254.84, 2219.95
2254.93, 2220.34
2255.01, 2220.73
2255.09, 2221.13
2255.17, 2221.53
2255.26, 2221.94
2255.35, 2222.35
2255.43, 2222.76
2255.52, 2223.27
2255.59, 2223.69
2255.66, 2224.12

waypoints
x, y
2247.93, 2186.84
2248.03, 2187.33
2248.14, 2187.81
2248.24, 2188.28
2248.33, 2188.75
2248.43, 2189.2
2248.52, 2189.65
2248.61, 2190.09
2248.71, 2190.52
2248.79, 2190.94
2248.88, 2191.36
2248.97, 2191.76
2249.05, 2192.16
2249.14, 2192.56
2249.22, 2192.95
2249.3, 2193.34
2249.38, 2193.72
2249.45, 2194.09
2249.53, 2194.47
2249.61, 2194.84
2249.69, 2195.2
2249.76, 2195.57
2249.84, 2195.94
2249.91, 2196.3
2249.99, 2196.67
2250.07, 2197.04
2250.14, 2197.41
2250.22, 2197.78
2250.3, 2198.16
2250.38, 2198.53
2250.46, 2198.91
2250.54, 2199.3
2250.62, 2199.69
2250.7, 2200.08
2250.79, 2200.48
2250.87, 2200.88
2250.95, 2201.29
2251.04, 2201.7
2251.12, 2202.11
2251.21, 2202.53
2251.3, 2202.95
2251.39, 2203.36
2251.5, 2203.89
2251.61, 2204.41
2251.71, 2204.93
2251.82, 2205.45
2251.93, 2205.97
2252.03, 2206.47
2252.14, 2206.97
2252.24, 2207.47
2252.34, 2207.95
2252.44, 2208.43
2252.54, 2208.9
2252.64, 2209.36
2252.73, 2209.82
2252.82, 2210.26
2252.92, 2210.7
2253.01, 2211.13
2253.09, 2211.55
2253.18, 2211.97
2253.27, 2212.38
2253.35, 2212.78
2253.43, 2213.18
2253.51, 2213.57
2253.59, 2213.95
2253.67, 2214.34
2253.75, 2214.71
2253.83, 2215.09
2253.91, 2215.46
2253.99, 2215.83
2254.06, 2216.2
2254.14, 2216.57
2254.22, 2216.94
2254.29, 2217.31
2254.37, 2217.68
2254.45, 2218.05
2254.53, 2218.42
2254.61, 2218.8
2254.68, 2219.18
2254.76, 2219.56
2254.84, 2219.95
2254.93, 2220.34
2255.01, 2220.73
2255.09, 2221.13
2255.18, 2221.53
2255.26, 2221.94
2255.34, 2222.35
2255.43, 2222.76
2255.52, 2223.27
2255.59, 2223.7
2255.66, 2224.12

waypoints
x, y
2248.24, 2188.28
2248.33, 2188.75
2248.43, 2189.2
2248.52, 2189.65
2248.61, 2190.09
2248.71, 2190.52
2248.79, 2190.94
2248.88, 2191.36
2248.97, 2191.76
2249.05, 2192.16
2249.14, 2192.56
2249.22, 2192.95
2249.3, 2193.34
2249.38, 2193.72
2249.45, 2194.09
2249.53, 2194.47
2249.61, 2194.84
2249.69, 2195.2
2249.76, 2195.57
2249.84, 2195.94
2249.91, 2196.3
2249.99, 2196.67
2250.07, 2197.04
2250.14, 2197.41
2250.22, 2197.78
2250.3, 2198.16
2250.38, 2198.53
2250.46, 2198.91
2250.54, 2199.3
2250.62, 2199.69
2250.7, 2200.08
2250.79, 2200.48
2250.87, 2200.88
2250.95, 2201.29
2251.04, 2201.7
2251.12, 2202.11
2251.21, 2202.53
2251.3, 2202.95
2251.39, 2203.36
2251.5, 2203.89
2251.61, 2204.41
2251.71, 2204.93
2251.82, 2205.45
2251.93, 2205.97
2252.03, 2206.47
2252.14, 2206.97
2252.24, 2207.47
2252.34, 2207.95
2252.44, 2208.43
2252.54, 2208.9
2252.64, 2209.36
2252.73, 2209.82
2252.82, 2210.26
2252.92, 2210.7
2253.01, 2211.13
2253.09, 2211.55
2253.18, 2211.97
2253.27, 2212.38
2253.35, 2212.78
2253.43, 2213.18
2253.51, 2213.57
2253.59, 2213.95
2253.67, 2214.34
2253.75, 2214.71
2253.83, 2215.09
2253.91, 2215.46
2253.99, 2215.83
2254.06, 2216.2
2254.14, 2216.57
2254.22, 2216.94
2254.29, 2217.31
2254.37, 2217.68
2254.45, 2218.05
2254.53, 2218.42
2254.61, 2218.8
2254.68, 2219.18
2254.76, 2219.56
2254.84, 2219.95
2254.93, 2220.34
2255.01, 2220.73
2255.09, 2221.13
2255.18, 2221.53
2255.26, 2221.94
2255.34, 2222.35
2255.43, 2222.76
2255.52, 2223.27
2255.59, 2223.7
2255.66, 2224.12

waypoints
x, y
2248.61, 2190.09
2248.71, 2190.52
2248.79, 2190.94
2248.88, 2191.36
2248.97, 2191.76
2249.05, 2192.16
2249.14, 2192.56
2249.22, 2192.95
2249.3, 2193.34
2249.38, 2193.72
2249.45, 2194.09
2249.53, 2194.47
2249.61, 2194.84
2249.69, 2195.2
2249.76, 2195.57
2249.84, 2195.94
2249.91, 2196.3
2249.99, 2196.67
2250.07, 2197.04
2250.14, 2197.41
2250.22, 2197.78
2250.3, 2198.16
2250.38, 2198.53
2250.46, 2198.91
2250.54, 2199.3
2250.62, 2199.69
2250.7, 2200.08
2250.79, 2200.48
2250.87, 2200.88
2250.95, 2201.29
2251.04, 2201.7
2251.12, 2202.11
2251.21, 2202.53
2251.3, 2202.95
2251.39, 2203.36
2251.5, 2203.89
2251.61, 2204.41
2251.71, 2204.93
2251.82, 2205.45
2251.93, 2205.97
2252.03, 2206.47
2252.14, 2206.97
2252.24, 2207.47
2252.34, 2207.95
2252.44, 2208.43
2252.54, 2208.9
2252.64, 2209.36
2252.73, 2209.82
2252.82, 2210.26
2252.92, 2210.7
2253.01, 2211.13
2253.09, 2211.55
2253.18, 2211.97
2253.27, 2212.38
2253.35, 2212.78
2253.43, 2213.18
2253.51, 2213.57
2253.59, 2213.95
2253.67, 2214.34
2253.75, 2214.71
2253.83, 2215.09
2253.91, 2215.46
2253.99, 2215.83
2254.06, 2216.2
2254.14, 2216.57
2254.22, 2216.94
2254.29, 2217.31
2254.37, 2217.68
2254.45, 2218.05
2254.53, 2218.42
2254.61, 2218.8
2254.68, 2219.18
2254.76, 2219.56
2254.84, 2219.95
2254.93, 2220.34
2255.01, 2220.73
2255.09, 2221.13
2255.18, 2221.53
2255.26, 2221.94
2255.34, 2222.35
2255.43, 2222.76
2255.52, 2223.27
2255.59, 2223.7
2255.66, 2224.12

waypoints
x, y
2248.88, 2191.36
2248.97, 2191.76
2249.05, 2192.16
2249.14, 2192.56
2249.22, 2192.95
2249.3, 2193.34
2249.38, 2193.72
2249.45, 2194.09
2249.53, 2194.47
2249.61, 2194.84
2249.69, 2195.2
2249.76, 2195.57
2249.84, 2195.94
2249.91, 2196.3
2249.99, 2196.67
2250.07, 2197.04
2250.14, 2197.41
2250.22, 2197.78
2250.3, 2198.16
2250.38, 2198.53
2250.46, 2198.91
2250.54, 2199.3
2250.62, 2199.69
2250.7, 2200.08
2250.79, 2200.48
2250.87, 2200.88
2250.95, 2201.29
2251.04, 2201.7
2251.12, 2202.11
2251.21, 2202.53
2251.3, 2202.95
2251.39, 2203.36
2251.5, 2203.89
2251.61, 2204.41
2251.71, 2204.93
2251.82, 2205.45
2251.93, 2205.97
2252.03, 2206.47
2252.14, 2206.97
2252.24, 2207.47
2252.34, 2207.95
2252.44, 2208.43
2252.54, 2208.9
2252.64, 2209.36
2252.73, 2209.82
2252.82, 2210.26
2252.92, 2210.7
2253.01, 2211.13
2253.09, 2211.55
2253.18, 2211.97
2253.27, 2212.38
2253.35, 2212.78
2253.43, 2213.18
2253.51, 2213.57
2253.59, 2213.95
2253.67, 2214.34
2253.75, 2214.71
2253.83, 2215.09
2253.91, 2215.46
2253.99, 2215.83
2254.06, 2216.2
2254.14, 2216.57
2254.22, 2216.94
2254.29, 2217.31
2254.37, 2217.68
2254.45, 2218.05
2254.53, 2218.42
2254.61, 2218.8
2254.68, 2219.18
2254.76, 2219.56
2254.84, 2219.95
2254.93, 2220.34
2255.01, 2220.73
2255.09, 2221.13
2255.18, 2221.53
2255.26, 2221.94
2255.34, 2222.35
2255.43, 2222.76
2255.52, 2223.27
2255.59, 2223.7
2255.66, 2224.12

waypoints
x, y
2249.3, 2193.34
2249.38, 2193.72
2249.45, 2194.09
2249.53, 2194.47
2249.61, 2194.84
2249.69, 2195.2
2249.76, 2195.57
2249.84, 2195.94
2249.91, 2196.3
2249.99, 2196.67
2250.07, 2197.04
2250.14, 2197.41
2250.22, 2197.78
2250.3, 2198.16
2250.38, 2198.53
2250.46, 2198.91
2250.54, 2199.3
2250.62, 2199.69
2250.7, 2200.08
2250.79, 2200.48
2250.87, 2200.88
2250.95, 2201.29
2251.04, 2201.7
2251.12, 2202.11
2251.21, 2202.53
2251.3, 2202.95
2251.39, 2203.36
2251.5, 2203.89
2251.61, 2204.41
2251.71, 2204.93
2251.82, 2205.45
2251.93, 2205.97
2252.03, 2206.47
2252.14, 2206.97
2252.24, 2207.47
2252.34, 2207.95
2252.44, 2208.43
2252.54, 2208.9
2252.64, 2209.36
2252.73, 2209.82
2252.82, 2210.26
2252.92, 2210.7
2253.01, 2211.13
2253.09, 2211.55
2253.18, 2211.97
2253.27, 2212.38
2253.35, 2212.78
2253.43, 2213.18
2253.51, 2213.57
2253.59, 2213.95
2253.67, 2214.34
2253.75, 2214.71
2253.83, 2215.09
2253.91, 2215.46
2253.99, 2215.83
2254.06, 2216.2
2254.14, 2216.57
2254.22, 2216.94
2254.29, 2217.31
2254.37, 2217.68
2254.45, 2218.05
2254.53, 2218.42
2254.61, 2218.8
2254.68, 2219.18
2254.76, 2219.56
2254.84, 2219.95
2254.93, 2220.34
2255.01, 2220.73
2255.09, 2221.13
2255.18, 2221.53
2255.26, 2221.94
2255.34, 2222.35
2255.43, 2222.76
2255.52, 2223.27
2255.59, 2223.7
2255.66, 2224.12

waypoints
x, y
2249.53, 2194.47
2249.61, 2194.84
2249.69, 2195.2
2249.76, 2195.57
2249.84, 2195.94
2249.91, 2196.3
2249.99, 2196.67
2250.07, 2197.04
2250.14, 2197.41
2250.22, 2197.78
2250.3, 2198.16
2250.38, 2198.53
2250.46, 2198.91
2250.54, 2199.3
2250.62, 2199.69
2250.7, 2200.08
2250.79, 2200.48
2250.87, 2200.88
2250.95, 2201.29
2251.04, 2201.7
2251.12, 2202.11
2251.21, 2202.53
2251.3, 2202.95
2251.39, 2203.36
2251.5, 2203.89
2251.61, 2204.41
2251.71, 2204.93
2251.82, 2205.45
2251.93, 2205.97
2252.03, 2206.47
2252.14, 2206.97
2252.24, 2207.47
2252.34, 2207.95
2252.44, 2208.43
2252.54, 2208.9
2252.64, 2209.36
2252.73, 2209.82
2252.82, 2210.26
2252.92, 2210.7
2253.01, 2211.13
2253.09, 2211.55
2253.18, 2211.97
2253.27, 2212.38
2253.35, 2212.78
2253.43, 2213.18
2253.51, 2213.57
2253.59, 2213.95
2253.67, 2214.34
2253.75, 2214.71
2253.83, 2215.09
2253.91, 2215.46
2253.99, 2215.83
2254.06, 2216.2
2254.14, 2216.57
2254.22, 2216.94
2254.29, 2217.31
2254.37, 2217.68
2254.45, 2218.05
2254.53, 2218.42
2254.61, 2218.8
2254.68, 2219.18
2254.76, 2219.56
2254.84, 2219.95
2254.93, 2220.34
2255.01, 2220.73
2255.09, 2221.13
2255.18, 2221.53
2255.26, 2221.94
2255.34, 2222.35
2255.43, 2222.76
2255.52, 2223.27
2255.59, 2223.7
2255.66, 2224.12

waypoints
x, y
2249.84, 2195.94
2249.91, 2196.3
2249.99, 2196.67
2250.07, 2197.04
2250.14, 2197.41
2250.22, 2197.78
2250.3, 2198.16
2250.38, 2198.53
2250.46, 2198.91
2250.54, 2199.3
2250.62, 2199.69
2250.7, 2200.08
2250.79, 2200.48
2250.87, 2200.88
2250.95, 2201.29
2251.04, 2201.7
2251.12, 2202.11
2251.21, 2202.53
2251.3, 2202.95
2251.39, 2203.36
2251.5, 2203.89
2251.61, 2204.41
2251.71, 2204.93
2251.82, 2205.45
2251.93, 2205.97
2252.03, 2206.47
2252.14, 2206.97
2252.24, 2207.47
2252.34, 2207.95
2252.44, 2208.43
2252.54, 2208.9
2252.64, 2209.36
2252.73, 2209.82
2252.82, 2210.26
2252.92, 2210.7
2253.01, 2211.13
2253.09, 2211.55
2253.18, 2211.97
2253.27, 2212.38
2253.35, 2212.78
2253.43, 2213.18
2253.51, 2213.57
2253.59, 2213.95
2253.67, 2214.34
2253.75, 2214.71
2253.83, 2215.09
2253.91, 2215.46
2253.99, 2215.83
2254.06, 2216.2
2254.14, 2216.57
2254.22, 2216.94
2254.29, 2217.31
2254.37, 2217.68
2254.45, 2218.05
2254.53, 2218.42
2254.61, 2218.8
2254.68, 2219.18
2254.76, 2219.56
2254.84, 2219.95
2254.93, 2220.34
2255.01, 2220.73
2255.09, 2221.13
2255.18, 2221.53
2255.26, 2221.94
2255.34, 2222.35
2255.43, 2222.76
2255.52, 2223.27
2255.59, 2223.7
2255.66, 2224.12

waypoints
x, y
2250.14, 2197.41
2250.22, 2197.78
2250.3, 2198.16
2250.38, 2198.53
2250.46, 2198.91
2250.54, 2199.3
2250.62, 2199.69
2250.7, 2200.08
2250.79, 2200.48
2250.87, 2200.88
2250.95, 2201.29
2251.04, 2201.7
2251.12, 2202.11
2251.21, 2202.53
2251.3, 2202.95
2251.39, 2203.36
2251.5, 2203.89
2251.61, 2204.41
2251.71, 2204.93
2251.82, 2205.45
2251.93, 2205.97
2252.03, 2206.47
2252.14, 2206.97
2252.24, 2207.47
2252.34, 2207.95
2252.44, 2208.43
2252.54, 2208.9
2252.64, 2209.36
2252.73, 2209.82
2252.82, 2210.26
2252.92, 2210.7
2253.01, 2211.13
2253.09, 2211.55
2253.18, 2211.97
2253.27, 2212.38
2253.35, 2212.78
2253.43, 2213.18
2253.51, 2213.57
2253.59, 2213.95
2253.67, 2214.34
2253.75, 2214.71
2253.83, 2215.09
2253.91, 2215.46
2253.99, 2215.83
2254.06, 2216.2
2254.14, 2216.57
2254.22, 2216.94
2254.29, 2217.31
2254.37, 2217.68
2254.45, 2218.05
2254.53, 2218.42
2254.61, 2218.8
2254.68, 2219.18
2254.76, 2219.56
2254.84, 2219.95
2254.93, 2220.34
2255.01, 2220.73
2255.09, 2221.13
2255.18, 2221.53
2255.26, 2221.94
2255.34, 2222.35
2255.43, 2222.76
2255.52, 2223.27
2255.59, 2223.7
2255.66, 2224.12

waypoints
x, y
2250.46, 2198.91
2250.54, 2199.3
2250.62, 2199.69
2250.7, 2200.08
2250.79, 2200.48
2250.87, 2200.88
2250.95, 2201.29
2251.04, 2201.7
2251.12, 2202.11
2251.21, 2202.53
2251.3, 2202.95
2251.39, 2203.36
2251.5, 2203.89
2251.61, 2204.41
2251.71, 2204.93
2251.82, 2205.45
2251.93, 2205.97
2252.03, 2206.47
2252.14, 2206.97
2252.24, 2207.47
2252.34, 2207.95
2252.44, 2208.43
2252.54, 2208.9
2252.64, 2209.36
2252.73, 2209.82
2252.82, 2210.26
2252.92, 2210.7
2253.01, 2211.13
2253.09, 2211.55
2253.18, 2211.97
2253.27, 2212.38
2253.35, 2212.78
2253.43, 2213.18
2253.51, 2213.57
2253.59, 2213.95
2253.67, 2214.34
2253.75, 2214.71
2253.83, 2215.09
2253.91, 2215.46
2253.99, 2215.83
2254.06, 2216.2
2254.14, 2216.57
2254.22, 2216.94
2254.29, 2217.31
2254.37, 2217.68
2254.45, 2218.05
2254.53, 2218.42
2254.61, 2218.8
2254.68, 2219.18
2254.76, 2219.56
2254.84, 2219.95
2254.93, 2220.34
2255.01, 2220.73
2255.09, 2221.13
2255.18, 2221.53
2255.26, 2221.94
2255.34, 2222.35
2255.43, 2222.76
2255.52, 2223.27
2255.59, 2223.7
2255.66, 2224.12

waypoints
x, y
2250.79, 2200.48
2250.87, 2200.88
2250.95, 2201.29
2251.04, 2201.7
2251.12, 2202.11
2251.21, 2202.53
2251.3, 2202.95
2251.39, 2203.36
2251.5, 2203.89
2251.61, 2204.41
2251.71, 2204.93
2251.82, 2205.45
2251.93, 2205.97
2252.03, 2206.47
2252.14, 2206.97
2252.24, 2207.47
2252.34, 2207.95
2252.44, 2208.43
2252.54, 2208.9
2252.64, 2209.36
2252.73, 2209.82
2252.82, 2210.26
2252.92, 2210.7
2253.01, 2211.13
2253.09, 2211.55
2253.18, 2211.97
2253.27, 2212.38
2253.35, 2212.78
2253.43, 2213.18
2253.51, 2213.57
2253.59, 2213.95
2253.67, 2214.34
2253.75, 2214.71
2253.83, 2215.09
2253.91, 2215.46
2253.99, 2215.83
2254.06, 2216.2
2254.14, 2216.57
2254.22, 2216.94
2254.29, 2217.31
2254.37, 2217.68
2254.45, 2218.05
2254.53, 2218.42
2254.61, 2218.8
2254.68, 2219.18
2254.76, 2219.56
2254.84, 2219.95
2254.93, 2220.34
2255.01, 2220.73
2255.09, 2221.13
2255.18, 2221.53
2255.26, 2221.94
2255.34, 2222.35
2255.43, 2222.76
2255.52, 2223.27
2255.59, 2223.7
2255.66, 2224.12

waypoints
x, y
2251.12, 2202.11
2251.21, 2202.53
2251.3, 2202.95
2251.39, 2203.36
2251.5, 2203.89
2251.61, 2204.41
2251.71, 2204.93
2251.82, 2205.45
2251.93, 2205.97
2252.03, 2206.47
2252.14, 2206.97
2252.24, 2207.47
2252.34, 2207.95
2252.44, 2208.43
2252.54, 2208.9
2252.64, 2209.36
2252.73, 2209.82
2252.82, 2210.26
2252.92, 2210.7
2253.01, 2211.13
2253.09, 2211.55
2253.18, 2211.97
2253.27, 2212.38
2253.35, 2212.78
2253.43, 2213.18
2253.51, 2213.57
2253.59, 2213.95
2253.67, 2214.34
2253.75, 2214.71
2253.83, 2215.09
2253.91, 2215.46
2253.99, 2215.83
2254.06, 2216.2
2254.14, 2216.57
2254.22, 2216.94
2254.29, 2217.31
2254.37, 2217.68
2254.45, 2218.05
2254.53, 2218.42
2254.61, 2218.8
2254.68, 2219.18
2254.76, 2219.56
2254.84, 2219.95
2254.93, 2220.34
2255.01, 2220.73
2255.09, 2221.13
2255.18, 2221.53
2255.26, 2221.94
2255.34, 2222.35
2255.43, 2222.76
2255.52, 2223.27
2255.59, 2223.7
2255.66, 2224.12

waypoints
x, y
2251.5, 2203.89
2251.61, 2204.41
2251.71, 2204.93
2251.82, 2205.45
2251.93, 2205.97
2252.03, 2206.47
2252.14, 2206.97
2252.24, 2207.47
2252.34, 2207.95
2252.44, 2208.43
2252.54, 2208.9
2252.64, 2209.36
2252.73, 2209.82
2252.82, 2210.26
2252.92, 2210.7
2253.01, 2211.13
2253.09, 2211.55
2253.18, 2211.97
2253.27, 2212.38
2253.35, 2212.78
2253.43, 2213.18
2253.51, 2213.57
2253.59, 2213.95
2253.67, 2214.34
2253.75, 2214.71
2253.83, 2215.09
2253.91, 2215.46
2253.99, 2215.83
2254.06, 2216.2
2254.14, 2216.57
2254.22, 2216.94
2254.29, 2217.31
2254.37, 2217.68
2254.45, 2218.05
2254.53, 2218.42
2254.61, 2218.8
2254.68, 2219.18
2254.76, 2219.56
2254.84, 2219.95
2254.93, 2220.34
2255.01, 2220.73
2255.09, 2221.13
2255.18, 2221.53
2255.26, 2221.94
2255.34, 2222.35
2255.43, 2222.76
2255.52, 2223.27
2255.59, 2223.7
2255.66, 2224.12
2255.69, 2224.64
2255.76, 2225.06
2255.82, 2225.49
2255.89, 2225.91
2255.96, 2226.33
2256.03, 2226.76
2256.1, 2227.18
2256.17, 2227.6
2256.24, 2228.03
2256.31, 2228.45
2256.38, 2228.88
2256.45, 2229.3
2256.52, 2229.72
2256.59, 2230.15
2256.66, 2230.57
2256.73, 2231
2256.8, 2231.42
2256.87, 2231.85
2256.94, 2232.27
2257.01, 2232.7
2257.08, 2233.12
2257.15, 2233.55
2257.22, 2233.97
2257.29, 2234.4
2257.36, 2234.82
2257.43, 2235.25
2257.5, 2235.68
2257.57, 2236.1
2257.64, 2236.53
2257.71, 2236.95
2257.79, 2237.38
2257.86, 2237.8
2257.93, 2238.23
2258, 2238.65
2258.07, 2239.08
2258.14, 2239.51
2258.21, 2239.93
2258.28, 2240.36
2258.35, 2240.78
2258.42, 2241.21
2258.49, 2241.63
2258.56, 2242.06
2258.63, 2242.48
2258.69, 2242.91
2258.76, 2243.33
2258.83, 2243.76
2258.9, 2244.18
2258.97, 2244.61
2259.04, 2245.03

waypoints
x, y
2251.93, 2205.97
2252.03, 2206.47
2252.14, 2206.97
2252.24, 2207.47
2252.34, 2207.95
2252.44, 2208.43
2252.54, 2208.9
2252.64, 2209.36
2252.73, 2209.82
2252.82, 2210.26
2252.92, 2210.7
2253.01, 2211.13
2253.09, 2211.55
2253.18, 2211.97
2253.27, 2212.38
2253.35, 2212.78
2253.43, 2213.18
2253.51, 2213.57
2253.59, 2213.95
2253.67, 2214.34
2253.75, 2214.71
2253.83, 2215.09
2253.91, 2215.46
2253.99, 2215.83
2254.06, 2216.2
2254.14, 2216.57
2254.22, 2216.94
2254.29, 2217.31
2254.37, 2217.68
2254.45, 2218.05
2254.53, 2218.42
2254.61, 2218.8
2254.68, 2219.18
2254.76, 2219.56
2254.84, 2219.95
2254.93, 2220.34
2255.01, 2220.73
2255.09, 2221.13
2255.18, 2221.53
2255.26, 2221.94
2255.34, 2222.35
2255.43, 2222.76
2255.52, 2223.27
2255.59, 2223.7
2255.66, 2224.12
2255.69, 2224.64
2255.76, 2225.06
2255.82, 2225.49
2255.89, 2225.91
2255.96, 2226.33
2256.03, 2226.76
2256.1, 2227.18
2256.17, 2227.6
2256.24, 2228.03
2256.31, 2228.45
2256.38, 2228.88
2256.45, 2229.3
2256.51, 2229.72
2256.59, 2230.15
2256.66, 2230.57
2256.72, 2231
2256.8, 2231.42
2256.87, 2231.85
2256.94, 2232.27
2257.01, 2232.7
2257.08, 2233.12
2257.15, 2233.55
2257.22, 2233.97
2257.29, 2234.4
2257.36, 2234.82
2257.43, 2235.25
2257.5, 2235.68
2257.57, 2236.1
2257.64, 2236.53
2257.72, 2236.95
2257.78, 2237.38
2257.86, 2237.8
2257.93, 2238.23
2258, 2238.66
2258.07, 2239.08
2258.14, 2239.51
2258.21, 2239.93
2258.28, 2240.36
2258.35, 2240.78
2258.42, 2241.21
2258.49, 2241.63
2258.56, 2242.06
2258.62, 2242.48
2258.69, 2242.91
2258.76, 2243.33
2258.83, 2243.76
2258.9, 2244.18
2258.97, 2244.61
2259.04, 2245.03

waypoints
x, y
2252.34, 2207.95
2252.44, 2208.43
2252.54, 2208.9
2252.64, 2209.36
2252.73, 2209.82
2252.82, 2210.26
2252.92, 2210.7
2253.01, 2211.13
2253.09, 2211.55
2253.18, 2211.97
2253.27, 2212.38
2253.35, 2212.78
2253.43, 2213.18
2253.51, 2213.57
2253.59, 2213.95
2253.67, 2214.34
2253.75, 2214.71
2253.83, 2215.09
2253.91, 2215.46
2253.99, 2215.83
2254.06, 2216.2
2254.14, 2216.57
2254.22, 2216.94
2254.29, 2217.31
2254.37, 2217.68
2254.45, 2218.05
2254.53, 2218.42
2254.61, 2218.8
2254.68, 2219.18
2254.76, 2219.56
2254.84, 2219.95
2254.93, 2220.34
2255.01, 2220.73
2255.09, 2221.13
2255.18, 2221.53
2255.26, 2221.94
2255.34, 2222.35
2255.43, 2222.76
2255.52, 2223.27
2255.59, 2223.7
2255.66, 2224.12
2255.69, 2224.64
2255.76, 2225.06
2255.82, 2225.49
2255.89, 2225.91
2255.96, 2226.33
2256.03, 2226.76
2256.1, 2227.18
2256.17, 2227.6
2256.24, 2228.03
2256.31, 2228.45
2256.38, 2228.88
2256.45, 2229.3
2256.51, 2229.72
2256.59, 2230.15
2256.66, 2230.57
2256.72, 2231
2256.8, 2231.42
2256.87, 2231.85
2256.94, 2232.27
2257.01, 2232.7
2257.08, 2233.12
2257.15, 2233.55
2257.22, 2233.97
2257.29, 2234.4
2257.36, 2234.82
2257.43, 2235.25
2257.5, 2235.68
2257.57, 2236.1
2257.64, 2236.53
2257.72, 2236.95
2257.78, 2237.38
2257.86, 2237.8
2257.93, 2238.23
2258, 2238.66
2258.07, 2239.08
2258.14, 2239.51
2258.21, 2239.93
2258.28, 2240.36
2258.35, 2240.78
2258.42, 2241.21
2258.49, 2241.63
2258.56, 2242.06
2258.62, 2242.48
2258.69, 2242.91
2258.76, 2243.33
2258.83, 2243.76
2258.9, 2244.18
2258.97, 2244.61
2259.04, 2245.03

waypoints
x, y
2252.73, 2209.82
2252.82, 2210.26
2252.92, 2210.7
2253.01, 2211.13
2253.09, 2211.55
2253.18, 2211.97
2253.27, 2212.38
2253.35, 2212.78
2253.43, 2213.18
2253.51, 2213.57
2253.59, 2213.95
2253.67, 2214.34
2253.75, 2214.71
2253.83, 2215.09
2253.91, 2215.46
2253.99, 2215.83
2254.06, 2216.2
2254.14, 2216.57
2254.22, 2216.94
2254.29, 2217.31
2254.37, 2217.68
2254.45, 2218.05
2254.53, 2218.42
2254.61, 2218.8
2254.68, 2219.18
2254.76, 2219.56
2254.84, 2219.95
2254.93, 2220.34
2255.01, 2220.73
2255.09, 2221.13
2255.18, 2221.53
2255.26, 2221.94
2255.34, 2222.35
2255.43, 2222.76
2255.52, 2223.27
2255.59, 2223.7
2255.66, 2224.12
2255.69, 2224.64
2255.76, 2225.06
2255.82, 2225.49
2255.89, 2225.91
2255.96, 2226.33
2256.03, 2226.76
2256.1, 2227.18
2256.17, 2227.6
2256.24, 2228.03
2256.31, 2228.45
2256.38, 2228.88
2256.45, 2229.3
2256.51, 2229.72
2256.59, 2230.15
2256.66, 2230.57
2256.72, 2231
2256.8, 2231.42
2256.87, 2231.85
2256.94, 2232.27
2257.01, 2232.7
2257.08, 2233.12
2257.15, 2233.55
2257.22, 2233.97
2257.29, 2234.4
2257.36, 2234.82
2257.43, 2235.25
2257.5, 2235.68
2257.57, 2236.1
2257.64, 2236.53
2257.72, 2236.95
2257.78, 2237.38
2257.86, 2237.8
2257.93, 2238.23
2258, 2238.66
2258.07, 2239.08
2258.14, 2239.51
2258.21, 2239.93
2258.28, 2240.36
2258.35, 2240.78
2258.42, 2241.21
2258.49, 2241.63
2258.56, 2242.06
2258.62, 2242.48
2258.69, 2242.91
2258.76, 2243.33
2258.83, 2243.76
2258.9, 2244.18
2258.97, 2244.61
2259.04, 2245.03

waypoints
x, y
2253.09, 2211.55
2253.18, 2211.97
2253.27, 2212.38
2253.35, 2212.78
2253.43, 2213.18
2253.51, 2213.57
2253.59, 2213.95
2253.67, 2214.34
2253.75, 2214.71
2253.83, 2215.09
2253.91, 2215.46
2253.99, 2215.83
2254.06, 2216.2
2254.14, 2216.57
2254.22, 2216.94
2254.29, 2217.31
2254.37, 2217.68
2254.45, 2218.05
2254.53, 2218.42
2254.61, 2218.8
2254.68, 2219.18
2254.76, 2219.56
2254.84, 2219.95
2254.93, 2220.34
2255.01, 2220.73
2255.09, 2221.13
2255.18, 2221.53
2255.26, 2221.94
2255.34, 2222.35
2255.43, 2222.76
2255.52, 2223.27
2255.59, 2223.7
2255.66, 2224.12
2255.69, 2224.64
2255.76, 2225.06
2255.82, 2225.49
2255.89, 2225.91
2255.96, 2226.33
2256.03, 2226.76
2256.1, 2227.18
2256.17, 2227.6
2256.24, 2228.03
2256.31, 2228.45
2256.38, 2228.88
2256.45, 2229.3
2256.51, 2229.72
2256.59, 2230.15
2256.66, 2230.57
2256.72, 2231
2256.8, 2231.42
2256.87, 2231.85
2256.94, 2232.27
2257.01, 2232.7
2257.08, 2233.12
2257.15, 2233.55
2257.22, 2233.97
2257.29, 2234.4
2257.36, 2234.82
2257.43, 2235.25
2257.5, 2235.68
2257.57, 2236.1
2257.64, 2236.53
2257.72, 2236.95
2257.78, 2237.38
2257.86, 2237.8
2257.93, 2238.23
2258, 2238.66
2258.07, 2239.08
2258.14, 2239.51
2258.21, 2239.93
2258.28, 2240.36
2258.35, 2240.78
2258.42, 2241.21
2258.49, 2241.63
2258.56, 2242.06
2258.62, 2242.48
2258.69, 2242.91
2258.76, 2243.33
2258.83, 2243.76
2258.9, 2244.18
2258.97, 2244.61
2259.04, 2245.03

waypoints
x, y
2253.43, 2213.18
2253.51, 2213.57
2253.59, 2213.95
2253.67, 2214.34
2253.75, 2214.71
2253.83, 2215.09
2253.91, 2215.46
2253.99, 2215.83
2254.06, 2216.2
2254.14, 2216.57
2254.22, 2216.94
2254.29, 2217.31
2254.37, 2217.68
2254.45, 2218.05
2254.53, 2218.42
2254.61, 2218.8
2254.68, 2219.18
2254.76, 2219.56
2254.84, 2219.95
2254.93, 2220.34
2255.01, 2220.73
2255.09, 2221.13
2255.18, 2221.53
2255.26, 2221.94
2255.34, 2222.35
2255.43, 2222.76
2255.52, 2223.27
2255.59, 2223.7
2255.66, 2224.12
2255.69, 2224.64
2255.76, 2225.06
2255.82, 2225.49
2255.89, 2225.91
2255.96, 2226.33
2256.03, 2226.76
2256.1, 2227.18
2256.17, 2227.6
2256.24, 2228.03
2256.31, 2228.45
2256.38, 2228.88
2256.45, 2229.3
2256.51, 2229.72
2256.59, 2230.15
2256.66, 2230.57
2256.72, 2231
2256.8, 2231.42
2256.87, 2231.85
2256.94, 2232.27
2257.01, 2232.7
2257.08, 2233.12
2257.15, 2233.55
2257.22, 2233.97
2257.29, 2234.4
2257.36, 2234.82
2257.43, 2235.25
2257.5, 2235.68
2257.57, 2236.1
2257.64, 2236.53
2257.72, 2236.95
2257.78, 2237.38
2257.86, 2237.8
2257.93, 2238.23
2258, 2238.66
2258.07, 2239.08
2258.14, 2239.51
2258.21, 2239.93
2258.28, 2240.36
2258.35, 2240.78
2258.42, 2241.21
2258.49, 2241.63
2258.56, 2242.06
2258.62, 2242.48
2258.69, 2242.91
2258.76, 2243.33
2258.83, 2243.76
2258.9, 2244.18
2258.97, 2244.61
2259.04, 2245.03

waypoints
x, y
2253.75, 2214.71
2253.83, 2215.09
2253.91, 2215.46
2253.99, 2215.83
2254.06, 2216.2
2254.14, 2216.57
2254.22, 2216.94
2254.29, 2217.31
2254.37, 2217.68
2254.45, 2218.05
2254.53, 2218.42
2254.61, 2218.8
2254.68, 2219.18
2254.76, 2219.56
2254.84, 2219.95
2254.93, 2220.34
2255.01, 2220.73
2255.09, 2221.13
2255.18, 2221.53
2255.26, 2221.94
2255.34, 2222.35
2255.43, 2222.76
2255.52, 2223.27
2255.59, 2223.7
2255.66, 2224.12
2255.69, 2224.64
2255.76, 2225.06
2255.82, 2225.49
2255.89, 2225.91
2255.96, 2226.33
2256.03, 2226.76
2256.1, 2227.18
2256.17, 2227.6
2256.24, 2228.03
2256.31, 2228.45
2256.38, 2228.88
2256.45, 2229.3
2256.51, 2229.72
2256.59, 2230.15
2256.66, 2230.57
2256.72, 2231
2256.8, 2231.42
2256.87, 2231.85
2256.94, 2232.27
2257.01, 2232.7
2257.08, 2233.12
2257.15, 2233.55
2257.22, 2233.97
2257.29, 2234.4
2257.36, 2234.82
2257.43, 2235.25
2257.5, 2235.68
2257.57, 2236.1
2257.64, 2236.53
2257.72, 2236.95
2257.78, 2237.38
2257.86, 2237.8
2257.93, 2238.23
2258, 2238.66
2258.07, 2239.08
2258.14, 2239.51
2258.21, 2239.93
2258.28, 2240.36
2258.35, 2240.78
2258.42, 2241.21
2258.49, 2241.63
2258.56, 2242.06
2258.62, 2242.48
2258.69, 2242.91
2258.76, 2243.33
2258.83, 2243.76
2258.9, 2244.18
2258.97, 2244.61
2259.04, 2245.03

waypoints
x, y
2254.06, 2216.2
2254.14, 2216.57
2254.22, 2216.94
2254.29, 2217.31
2254.37, 2217.68
2254.45, 2218.05
2254.53, 2218.42
2254.61, 2218.8
2254.68, 2219.18
2254.76, 2219.56
2254.84, 2219.95
2254.93, 2220.34
2255.01, 2220.73
2255.09, 2221.13
2255.18, 2221.53
2255.26, 2221.94
2255.34, 2222.35
2255.43, 2222.76
2255.52, 2223.27
2255.59, 2223.7
2255.66, 2224.12
2255.69, 2224.64
2255.76, 2225.06
2255.82, 2225.49
2255.89, 2225.91
2255.96, 2226.33
2256.03, 2226.76
2256.1, 2227.18
2256.17, 2227.6
2256.24, 2228.03
2256.31, 2228.45
2256.38, 2228.88
2256.45, 2229.3
2256.51, 2229.72
2256.59, 2230.15
2256.66, 2230.57
2256.72, 2231
2256.8, 2231.42
2256.87, 2231.85
2256.94, 2232.27
2257.01, 2232.7
2257.08, 2233.12
2257.15, 2233.55
2257.22, 2233.97
2257.29, 2234.4
2257.36, 2234.82
2257.43, 2235.25
2257.5, 2235.68
2257.57, 2236.1
2257.64, 2236.53
2257.72, 2236.95
2257.78, 2237.38
2257.86, 2237.8
2257.93, 2238.23
2258, 2238.66
2258.07, 2239.08
2258.14, 2239.51
2258.21, 2239.93
2258.28, 2240.36
2258.35, 2240.78
2258.42, 2241.21
2258.49, 2241.63
2258.56, 2242.06
2258.62, 2242.48
2258.69, 2242.91
2258.76, 2243.33
2258.83, 2243.76
2258.9, 2244.18
2258.97, 2244.61
2259.04, 2245.03

waypoints
x, y
2254.29, 2217.31
2254.37, 2217.68
2254.45, 2218.05
2254.53, 2218.42
2254.61, 2218.8
2254.68, 2219.18
2254.76, 2219.56
2254.84, 2219.95
2254.93, 2220.34
2255.01, 2220.73
2255.09, 2221.13
2255.18, 2221.53
2255.26, 2221.94
2255.34, 2222.35
2255.43, 2222.76
2255.52, 2223.27
2255.59, 2223.7
2255.66, 2224.12
2255.69, 2224.64
2255.76, 2225.06
2255.82, 2225.49
2255.89, 2225.91
2255.96, 2226.33
2256.03, 2226.76
2256.1, 2227.18
2256.17, 2227.6
2256.24, 2228.03
2256.31, 2228.45
2256.38, 2228.88
2256.45, 2229.3
2256.51, 2229.72
2256.59, 2230.15
2256.66, 2230.57
2256.72, 2231
2256.8, 2231.42
2256.87, 2231.85
2256.94, 2232.27
2257.01, 2232.7
2257.08, 2233.12
2257.15, 2233.55
2257.22, 2233.97
2257.29, 2234.4
2257.36, 2234.82
2257.43, 2235.25
2257.5, 2235.68
2257.57, 2236.1
2257.64, 2236.53
2257.72, 2236.95
2257.78, 2237.38
2257.86, 2237.8
2257.93, 2238.23
2258, 2238.66
2258.07, 2239.08
2258.14, 2239.51
2258.21, 2239.93
2258.28, 2240.36
2258.35, 2240.78
2258.42, 2241.21
2258.49, 2241.63
2258.56, 2242.06
2258.62, 2242.48
2258.69, 2242.91
2258.76, 2243.33
2258.83, 2243.76
2258.9, 2244.18
2258.97, 2244.61
2259.04, 2245.03

waypoints
x, y
2254.61, 2218.8
2254.68, 2219.18
2254.76, 2219.56
2254.84, 2219.95
2254.93, 2220.34
2255.01, 2220.73
2255.09, 2221.13
2255.18, 2221.53
2255.26, 2221.94
2255.34, 2222.35
2255.43, 2222.76
2255.52, 2223.27
2255.59, 2223.7
2255.66, 2224.12
2255.69, 2224.64
2255.76, 2225.06
2255.82, 2225.49
2255.89, 2225.91
2255.96, 2226.33
2256.03, 2226.76
2256.1, 2227.18
2256.17, 2227.6
2256.24, 2228.03
2256.31, 2228.45
2256.38, 2228.88
2256.45, 2229.3
2256.51, 2229.72
2256.59, 2230.15
2256.66, 2230.57
2256.72, 2231
2256.8, 2231.42
2256.87, 2231.85
2256.94, 2232.27
2257.01, 2232.7
2257.08, 2233.12
2257.15, 2233.55
2257.22, 2233.97
2257.29, 2234.4
2257.36, 2234.82
2257.43, 2235.25
2257.5, 2235.68
2257.57, 2236.1
2257.64, 2236.53
2257.72, 2236.95
2257.78, 2237.38
2257.86, 2237.8
2257.93, 2238.23
2258, 2238.66
2258.07, 2239.08
2258.14, 2239.51
2258.21, 2239.93
2258.28, 2240.36
2258.35, 2240.78
2258.42, 2241.21
2258.49, 2241.63
2258.56, 2242.06
2258.62, 2242.48
2258.69, 2242.91
2258.76, 2243.33
2258.83, 2243.76
2258.9, 2244.18
2258.97, 2244.61
2259.04, 2245.03

waypoints
x, y
2254.84, 2219.95
2254.93, 2220.34
2255.01, 2220.73
2255.09, 2221.13
2255.18, 2221.53
2255.26, 2221.94
2255.34, 2222.35
2255.43, 2222.76
2255.52, 2223.27
2255.59, 2223.7
2255.66, 2224.12
2255.69, 2224.64
2255.76, 2225.06
2255.82, 2225.49
2255.89, 2225.91
2255.96, 2226.33
2256.03, 2226.76
2256.1, 2227.18
2256.17, 2227.6
2256.24, 2228.03
2256.31, 2228.45
2256.38, 2228.88
2256.45, 2229.3
2256.51, 2229.72
2256.59, 2230.15
2256.66, 2230.57
2256.72, 2231
2256.8, 2231.42
2256.87, 2231.85
2256.94, 2232.27
2257.01, 2232.7
2257.08, 2233.12
2257.15, 2233.55
2257.22, 2233.97
2257.29, 2234.4
2257.36, 2234.82
2257.43, 2235.25
2257.5, 2235.68
2257.57, 2236.1
2257.64, 2236.53
2257.72, 2236.95
2257.78, 2237.38
2257.86, 2237.8
2257.93, 2238.23
2258, 2238.66
2258.07, 2239.08
2258.14, 2239.51
2258.21, 2239.93
2258.28, 2240.36
2258.35, 2240.78
2258.42, 2241.21
2258.49, 2241.63
2258.56, 2242.06
2258.62, 2242.48
2258.69, 2242.91
2258.76, 2243.33
2258.83, 2243.76
2258.9, 2244.18
2258.97, 2244.61
2259.04, 2245.03

waypoints
x, y
2255.18, 2221.53
2255.26, 2221.94
2255.34, 2222.35
2255.43, 2222.76
2255.52, 2223.27
2255.59, 2223.7
2255.66, 2224.12
2255.69, 2224.64
2255.76, 2225.06
2255.82, 2225.49
2255.89, 2225.91
2255.96, 2226.33
2256.03, 2226.76
2256.1, 2227.18
2256.17, 2227.6
2256.24, 2228.03
2256.31, 2228.45
2256.38, 2228.88
2256.45, 2229.3
2256.51, 2229.72
2256.59, 2230.15
2256.66, 2230.57
2256.72, 2231
2256.8, 2231.42
2256.87, 2231.85
2256.94, 2232.27
2257.01, 2232.7
2257.08, 2233.12
2257.15, 2233.55
2257.22, 2233.97
2257.29, 2234.4
2257.36, 2234.82
2257.43, 2235.25
2257.5, 2235.68
2257.57, 2236.1
2257.64, 2236.53
2257.72, 2236.95
2257.78, 2237.38
2257.86, 2237.8
2257.93, 2238.23
2258, 2238.66
2258.07, 2239.08
2258.14, 2239.51
2258.21, 2239.93
2258.28, 2240.36
2258.35, 2240.78
2258.42, 2241.21
2258.49, 2241.63
2258.56, 2242.06
2258.62, 2242.48
2258.69, 2242.91
2258.76, 2243.33
2258.83, 2243.76
2258.9, 2244.18
2258.97, 2244.61
2259.04, 2245.03

waypoints
x, y
2255.52, 2223.27
2255.59, 2223.7
2255.66, 2224.12
2255.69, 2224.64
2255.76, 2225.06
2255.82, 2225.49
2255.89, 2225.91
2255.96, 2226.33
2256.03, 2226.76
2256.1, 2227.18
2256.17, 2227.6
2256.24, 2228.03
2256.31, 2228.45
2256.38, 2228.88
2256.45, 2229.3
2256.51, 2229.72
2256.59, 2230.15
2256.66, 2230.57
2256.72, 2231
2256.8, 2231.42
2256.87, 2231.85
2256.94, 2232.27
2257.01, 2232.7
2257.08, 2233.12
2257.15, 2233.55
2257.22, 2233.97
2257.29, 2234.4
2257.36, 2234.82
2257.43, 2235.25
2257.5, 2235.68
2257.57, 2236.1
2257.64, 2236.53
2257.72, 2236.95
2257.78, 2237.38
2257.86, 2237.8
2257.93, 2238.23
2258, 2238.66
2258.07, 2239.08
2258.14, 2239.51
2258.21, 2239.93
2258.28, 2240.36
2258.35, 2240.78
2258.42, 2241.21
2258.49, 2241.63
2258.56, 2242.06
2258.62, 2242.48
2258.69, 2242.91
2258.76, 2243.33
2258.83, 2243.76
2258.9, 2244.18
2258.97, 2244.61
2259.04, 2245.03

waypoints
x, y
2255.76, 2225.06
2255.82, 2225.49
2255.89, 2225.91
2255.96, 2226.33
2256.03, 2226.76
2256.1, 2227.18
2256.17, 2227.6
2256.24, 2228.03
2256.31, 2228.45
2256.38, 2228.88
2256.45, 2229.3
2256.51, 2229.72
2256.59, 2230.15
2256.66, 2230.57
2256.72, 2231
2256.8, 2231.42
2256.87, 2231.85
2256.94, 2232.27
2257.01, 2232.7
2257.08, 2233.12
2257.15, 2233.55
2257.22, 2233.97
2257.29, 2234.4
2257.36, 2234.82
2257.43, 2235.25
2257.5, 2235.68
2257.57, 2236.1
2257.64, 2236.53
2257.72, 2236.95
2257.78, 2237.38
2257.86, 2237.8
2257.93, 2238.23
2258, 2238.66
2258.07, 2239.08
2258.14, 2239.51
2258.21, 2239.93
2258.28, 2240.36
2258.35, 2240.78
2258.42, 2241.21
2258.49, 2241.63
2258.56, 2242.06
2258.62, 2242.48
2258.69, 2242.91
2258.76, 2243.33
2258.83, 2243.76
2258.9, 2244.18
2258.97, 2244.61
2259.04, 2245.03
2259.12, 2245.55
2259.21, 2246.06
2259.3, 2246.57
2259.39, 2247.08
2259.48, 2247.58
2259.59, 2248.07
2259.7, 2248.56
2259.81, 2249.04
2259.94, 2249.51
2260.07, 2249.98
2260.21, 2250.43
2260.36, 2250.88
2260.52, 2251.32
2260.68, 2251.75
2260.85, 2252.18
2261.02, 2252.49
2261.21, 2252.89
2261.42, 2253.28
2261.63, 2253.67
2261.84, 2254.05
2262.06, 2254.42
2262.28, 2254.79
2262.51, 2255.15
2262.73, 2255.51
2262.95, 2255.87
2263.18, 2256.22
2263.4, 2256.57
2263.62, 2256.92
2263.83, 2257.27
2264.05, 2257.62
2264.26, 2257.97
2264.46, 2258.32
2264.66, 2258.68
2264.85, 2259.03
2265.03, 2259.39
2265.21, 2259.76
2265.38, 2260.13
2265.54, 2260.5
2265.69, 2260.88
2265.83, 2261.26
2265.97, 2261.65
2266.1, 2262.04
2266.22, 2262.44
2266.33, 2262.84
2266.43, 2263.25
2266.53, 2263.66
2266.63, 2264.08
2266.72, 2264.5
2266.8, 2264.92

waypoints
x, y
2256.03, 2226.76
2256.1, 2227.18
2256.17, 2227.6
2256.24, 2228.03
2256.31, 2228.45
2256.38, 2228.88
2256.45, 2229.3
2256.51, 2229.72
2256.59, 2230.15
2256.66, 2230.57
2256.72, 2231
2256.8, 2231.42
2256.87, 2231.85
2256.94, 2232.27
2257.01, 2232.7
2257.08, 2233.12
2257.15, 2233.55
2257.22, 2233.97
2257.29, 2234.4
2257.36, 2234.82
2257.43, 2235.25
2257.5, 2235.68
2257.57, 2236.1
2257.64, 2236.53
2257.72, 2236.95
2257.78, 2237.38
2257.86, 2237.8
2257.93, 2238.23
2258, 2238.66
2258.07, 2239.08
2258.14, 2239.51
2258.21, 2239.93
2258.28, 2240.36
2258.35, 2240.78
2258.42, 2241.21
2258.49, 2241.63
2258.56, 2242.06
2258.62, 2242.48
2258.69, 2242.91
2258.76, 2243.33
2258.83, 2243.76
2258.9, 2244.18
2258.97, 2244.61
2259.04, 2245.03
2259.12, 2245.55
2259.21, 2246.06
2259.3, 2246.57
2259.39, 2247.08
2259.48, 2247.58
2259.59, 2248.07
2259.7, 2248.56
2259.82, 2249.04
2259.94, 2249.51
2260.07, 2249.98
2260.21, 2250.43
2260.36, 2250.88
2260.52, 2251.32
2260.68, 2251.75
2260.85, 2252.18
2261.01, 2252.49
2261.22, 2252.89
2261.42, 2253.28
2261.63, 2253.67
2261.84, 2254.05
2262.06, 2254.42
2262.28, 2254.79
2262.51, 2255.15
2262.73, 2255.51
2262.95, 2255.87
2263.18, 2256.22
2263.4, 2256.57
2263.62, 2256.92
2263.84, 2257.27
2264.05, 2257.62
2264.26, 2257.97
2264.46, 2258.32
2264.66, 2258.68
2264.85, 2259.03
2265.03, 2259.39
2265.21, 2259.76
2265.38, 2260.12
2265.54, 2260.5
2265.69, 2260.88
2265.83, 2261.26
2265.97, 2261.65
2266.1, 2262.04
2266.22, 2262.44
2266.33, 2262.84
2266.43, 2263.25
2266.53, 2263.66
2266.63, 2264.08
2266.72, 2264.5
2266.8, 2264.92

waypoints
x, y
2256.31, 2228.45
2256.38, 2228.88
2256.45, 2229.3
2256.51, 2229.72
2256.59, 2230.15
2256.66, 2230.57
2256.72, 2231
2256.8, 2231.42
2256.87, 2231.85
2256.94, 2232.27
2257.01, 2232.7
2257.08, 2233.12
2257.15, 2233.55
2257.22, 2233.97
2257.29, 2234.4
2257.36, 2234.82
2257.43, 2235.25
2257.5, 2235.68
2257.57, 2236.1
2257.64, 2236.53
2257.72, 2236.95
2257.78, 2237.38
2257.86, 2237.8
2257.93, 2238.23
2258, 2238.66
2258.07, 2239.08
2258.14, 2239.51
2258.21, 2239.93
2258.28, 2240.36
2258.35, 2240.78
2258.42, 2241.21
2258.49, 2241.63
2258.56, 2242.06
2258.62, 2242.48
2258.69, 2242.91
2258.76, 2243.33
2258.83, 2243.76
2258.9, 2244.18
2258.97, 2244.61
2259.04, 2245.03
2259.12, 2245.55
2259.21, 2246.06
2259.3, 2246.57
2259.39, 2247.08
2259.48, 2247.58
2259.59, 2248.07
2259.7, 2248.56
2259.82, 2249.04
2259.94, 2249.51
2260.07, 2249.98
2260.21, 2250.43
2260.36, 2250.88
2260.52, 2251.32
2260.68, 2251.75
2260.85, 2252.18
2261.01, 2252.49
2261.22, 2252.89
2261.42, 2253.28
2261.63, 2253.67
2261.84, 2254.05
2262.06, 2254.42
2262.28, 2254.79
2262.51, 2255.15
2262.73, 2255.51
2262.95, 2255.87
2263.18, 2256.22
2263.4, 2256.57
2263.62, 2256.92
2263.84, 2257.27
2264.05, 2257.62
2264.26, 2257.97
2264.46, 2258.32
2264.66, 2258.68
2264.85, 2259.03
2265.03, 2259.39
2265.21, 2259.76
2265.38, 2260.12
2265.54, 2260.5
2265.69, 2260.88
2265.83, 2261.26
2265.97, 2261.65
2266.1, 2262.04
2266.22, 2262.44
2266.33, 2262.84
2266.43, 2263.25
2266.53, 2263.66
2266.63, 2264.08
2266.72, 2264.5
2266.8, 2264.92

waypoints
x, y
2256.59, 2230.15
2256.66, 2230.57
2256.72, 2231
2256.8, 2231.42
2256.87, 2231.85
2256.94, 2232.27
2257.01, 2232.7
2257.08, 2233.12
2257.15, 2233.55
2257.22, 2233.97
2257.29, 2234.4
2257.36, 2234.82
2257.43, 2235.25
2257.5, 2235.68
2257.57, 2236.1
2257.64, 2236.53
2257.72, 2236.95
2257.78, 2237.38
2257.86, 2237.8
2257.93, 2238.23
2258, 2238.66
2258.07, 2239.08
2258.14, 2239.51
2258.21, 2239.93
2258.28, 2240.36
2258.35, 2240.78
2258.42, 2241.21
2258.49, 2241.63
2258.56, 2242.06
2258.62, 2242.48
2258.69, 2242.91
2258.76, 2243.33
2258.83, 2243.76
2258.9, 2244.18
2258.97, 2244.61
2259.04, 2245.03
2259.12, 2245.55
2259.21, 2246.06
2259.3, 2246.57
2259.39, 2247.08
2259.48, 2247.58
2259.59, 2248.07
2259.7, 2248.56
2259.82, 2249.04
2259.94, 2249.51
2260.07, 2249.98
2260.21, 2250.43
2260.36, 2250.88
2260.52, 2251.32
2260.68, 2251.75
2260.85, 2252.18
2261.01, 2252.49
2261.22, 2252.89
2261.42, 2253.28
2261.63, 2253.67
2261.84, 2254.05
2262.06, 2254.42
2262.28, 2254.79
2262.51, 2255.15
2262.73, 2255.51
2262.95, 2255.87
2263.18, 2256.22
2263.4, 2256.57
2263.62, 2256.92
2263.84, 2257.27
2264.05, 2257.62
2264.26, 2257.97
2264.46, 2258.32
2264.66, 2258.68
2264.85, 2259.03
2265.03, 2259.39
2265.21, 2259.76
2265.38, 2260.12
2265.54, 2260.5
2265.69, 2260.88
2265.83, 2261.26
2265.97, 2261.65
2266.1, 2262.04
2266.22, 2262.44
2266.33, 2262.84
2266.43, 2263.25
2266.53, 2263.66
2266.63, 2264.08
2266.72, 2264.5
2266.8, 2264.92

waypoints
x, y
2256.8, 2231.42
2256.87, 2231.85
2256.94, 2232.27
2257.01, 2232.7
2257.08, 2233.12
2257.15, 2233.55
2257.22, 2233.97
2257.29, 2234.4
2257.36, 2234.82
2257.43, 2235.25
2257.5, 2235.68
2257.57, 2236.1
2257.64, 2236.53
2257.72, 2236.95
2257.78, 2237.38
2257.86, 2237.8
2257.93, 2238.23
2258, 2238.66
2258.07, 2239.08
2258.14, 2239.51
2258.21, 2239.93
2258.28, 2240.36
2258.35, 2240.78
2258.42, 2241.21
2258.49, 2241.63
2258.56, 2242.06
2258.62, 2242.48
2258.69, 2242.91
2258.76, 2243.33
2258.83, 2243.76
2258.9, 2244.18
2258.97, 2244.61
2259.04, 2245.03
2259.12, 2245.55
2259.21, 2246.06
2259.3, 2246.57
2259.39, 2247.08
2259.48, 2247.58
2259.59, 2248.07
2259.7, 2248.56
2259.82, 2249.04
2259.94, 2249.51
2260.07, 2249.98
2260.21, 2250.43
2260.36, 2250.88
2260.52, 2251.32
2260.68, 2251.75
2260.85, 2252.18
2261.01, 2252.49
2261.22, 2252.89
2261.42, 2253.28
2261.63, 2253.67
2261.84, 2254.05
2262.06, 2254.42
2262.28, 2254.79
2262.51, 2255.15
2262.73, 2255.51
2262.95, 2255.87
2263.18, 2256.22
2263.4, 2256.57
2263.62, 2256.92
2263.84, 2257.27
2264.05, 2257.62
2264.26, 2257.97
2264.46, 2258.32
2264.66, 2258.68
2264.85, 2259.03
2265.03, 2259.39
2265.21, 2259.76
2265.38, 2260.12
2265.54, 2260.5
2265.69, 2260.88
2265.83, 2261.26
2265.97, 2261.65
2266.1, 2262.04
2266.22, 2262.44
2266.33, 2262.84
2266.43, 2263.25
2266.53, 2263.66
2266.63, 2264.08
2266.72, 2264.5
2266.8, 2264.92

waypoints
x, y
2257.08, 2233.12
2257.15, 2233.55
2257.22, 2233.97
2257.29, 2234.4
2257.36, 2234.82
2257.43, 2235.25
2257.5, 2235.68
2257.57, 2236.1
2257.64, 2236.53
2257.72, 2236.95
2257.78, 2237.38
2257.86, 2237.8
2257.93, 2238.23
2258, 2238.66
2258.07, 2239.08
2258.14, 2239.51
2258.21, 2239.93
2258.28, 2240.36
2258.35, 2240.78
2258.42, 2241.21
2258.49, 2241.63
2258.56, 2242.06
2258.62, 2242.48
2258.69, 2242.91
2258.76, 2243.33
2258.83, 2243.76
2258.9, 2244.18
2258.97, 2244.61
2259.04, 2245.03
2259.12, 2245.55
2259.21, 2246.06
2259.3, 2246.57
2259.39, 2247.08
2259.48, 2247.58
2259.59, 2248.07
2259.7, 2248.56
2259.82, 2249.04
2259.94, 2249.51
2260.07, 2249.98
2260.21, 2250.43
2260.36, 2250.88
2260.52, 2251.32
2260.68, 2251.75
2260.85, 2252.18
2261.01, 2252.49
2261.22, 2252.89
2261.42, 2253.28
2261.63, 2253.67
2261.84, 2254.05
2262.06, 2254.42
2262.28, 2254.79
2262.51, 2255.15
2262.73, 2255.51
2262.95, 2255.87
2263.18, 2256.22
2263.4, 2256.57
2263.62, 2256.92
2263.84, 2257.27
2264.05, 2257.62
2264.26, 2257.97
2264.46, 2258.32
2264.66, 2258.68
2264.85, 2259.03
2265.03, 2259.39
2265.21, 2259.76
2265.38, 2260.12
2265.54, 2260.5
2265.69, 2260.88
2265.83, 2261.26
2265.97, 2261.65
2266.1, 2262.04
2266.22, 2262.44
2266.33, 2262.84
2266.43, 2263.25
2266.53, 2263.66
2266.63, 2264.08
2266.72, 2264.5
2266.8, 2264.92

waypoints
x, y
2257.36, 2234.82
2257.43, 2235.25
2257.5, 2235.68
2257.57, 2236.1
2257.64, 2236.53
2257.72, 2236.95
2257.78, 2237.38
2257.86, 2237.8
2257.93, 2238.23
2258, 2238.66
2258.07, 2239.08
2258.14, 2239.51
2258.21, 2239.93
2258.28, 2240.36
2258.35, 2240.78
2258.42, 2241.21
2258.49, 2241.63
2258.56, 2242.06
2258.62, 2242.48
2258.69, 2242.91
2258.76, 2243.33
2258.83, 2243.76
2258.9, 2244.18
2258.97, 2244.61
2259.04, 2245.03
2259.12, 2245.55
2259.21, 2246.06
2259.3, 2246.57
2259.39, 2247.08
2259.48, 2247.58
2259.59, 2248.07
2259.7, 2248.56
2259.82, 2249.04
2259.94, 2249.51
2260.07, 2249.98
2260.21, 2250.43
2260.36, 2250.88
2260.52, 2251.32
2260.68, 2251.75
2260.85, 2252.18
2261.01, 2252.49
2261.22, 2252.89
2261.42, 2253.28
2261.63, 2253.67
2261.84, 2254.05
2262.06, 2254.42
2262.28, 2254.79
2262.51, 2255.15
2262.73, 2255.51
2262.95, 2255.87
2263.18, 2256.22
2263.4, 2256.57
2263.62, 2256.92
2263.84, 2257.27
2264.05, 2257.62
2264.26, 2257.97
2264.46, 2258.32
2264.66, 2258.68
2264.85, 2259.03
2265.03, 2259.39
2265.21, 2259.76
2265.38, 2260.12
2265.54, 2260.5
2265.69, 2260.88
2265.83, 2261.26
2265.97, 2261.65
2266.1, 2262.04
2266.22, 2262.44
2266.33, 2262.84
2266.43, 2263.25
2266.53, 2263.66
2266.63, 2264.08
2266.72, 2264.5
2266.8, 2264.92

waypoints
x, y
2257.57, 2236.1
2257.64, 2236.53
2257.72, 2236.95
2257.78, 2237.38
2257.86, 2237.8
2257.93, 2238.23
2258, 2238.66
2258.07, 2239.08
2258.14, 2239.51
2258.21, 2239.93
2258.28, 2240.36
2258.35, 2240.78
2258.42, 2241.21
2258.49, 2241.63
2258.56, 2242.06
2258.62, 2242.48
2258.69, 2242.91
2258.76, 2243.33
2258.83, 2243.76
2258.9, 2244.18
2258.97, 2244.61
2259.04, 2245.03
2259.12, 2245.55
2259.21, 2246.06
2259.3, 2246.57
2259.39, 2247.08
2259.48, 2247.58
2259.59, 2248.07
2259.7, 2248.56
2259.82, 2249.04
2259.94, 2249.51
2260.07, 2249.98
2260.21, 2250.43
2260.36, 2250.88
2260.52, 2251.32
2260.68, 2251.75
2260.85, 2252.18
2261.01, 2252.49
2261.22, 2252.89
2261.42, 2253.28
2261.63, 2253.67
2261.84, 2254.05
2262.06, 2254.42
2262.28, 2254.79
2262.51, 2255.15
2262.73, 2255.51
2262.95, 2255.87
2263.18, 2256.22
2263.4, 2256.57
2263.62, 2256.92
2263.84, 2257.27
2264.05, 2257.62
2264.26, 2257.97
2264.46, 2258.32
2264.66, 2258.68
2264.85, 2259.03
2265.03, 2259.39
2265.21, 2259.76
2265.38, 2260.12
2265.54, 2260.5
2265.69, 2260.88
2265.83, 2261.26
2265.97, 2261.65
2266.1, 2262.04
2266.22, 2262.44
2266.33, 2262.84
2266.43, 2263.25
2266.53, 2263.66
2266.63, 2264.08
2266.72, 2264.5
2266.8, 2264.92

waypoints
x, y
2257.86, 2237.8
2257.93, 2238.23
2258, 2238.66
2258.07, 2239.08
2258.14, 2239.51
2258.21, 2239.93
2258.28, 2240.36
2258.35, 2240.78
2258.42, 2241.21
2258.49, 2241.63
2258.56, 2242.06
2258.62, 2242.48
2258.69, 2242.91
2258.76, 2243.33
2258.83, 2243.76
2258.9, 2244.18
2258.97, 2244.61
2259.04, 2245.03
2259.12, 2245.55
2259.21, 2246.06
2259.3, 2246.57
2259.39, 2247.08
2259.48, 2247.58
2259.59, 2248.07
2259.7, 2248.56
2259.82, 2249.04
2259.94, 2249.51
2260.07, 2249.98
2260.21, 2250.43
2260.36, 2250.88
2260.52, 2251.32
2260.68, 2251.75
2260.85, 2252.18
2261.01, 2252.49
2261.22, 2252.89
2261.42, 2253.28
2261.63, 2253.67
2261.84, 2254.05
2262.06, 2254.42
2262.28, 2254.79
2262.51, 2255.15
2262.73, 2255.51
2262.95, 2255.87
2263.18, 2256.22
2263.4, 2256.57
2263.62, 2256.92
2263.84, 2257.27
2264.05, 2257.62
2264.26, 2257.97
2264.46, 2258.32
2264.66, 2258.68
2264.85, 2259.03
2265.03, 2259.39
2265.21, 2259.76
2265.38, 2260.12
2265.54, 2260.5
2265.69, 2260.88
2265.83, 2261.26
2265.97, 2261.65
2266.1, 2262.04
2266.22, 2262.44
2266.33, 2262.84
2266.43, 2263.25
2266.53, 2263.66
2266.63, 2264.08
2266.72, 2264.5
2266.8, 2264.92

waypoints
x, y
2258.14, 2239.51
2258.21, 2239.93
2258.28, 2240.36
2258.35, 2240.78
2258.42, 2241.21
2258.49, 2241.63
2258.56, 2242.06
2258.62, 2242.48
2258.69, 2242.91
2258.76, 2243.33
2258.83, 2243.76
2258.9, 2244.18
2258.97, 2244.61
2259.04, 2245.03
2259.12, 2245.55
2259.21, 2246.06
2259.3, 2246.57
2259.39, 2247.08
2259.48, 2247.58
2259.59, 2248.07
2259.7, 2248.56
2259.82, 2249.04
2259.94, 2249.51
2260.07, 2249.98
2260.21, 2250.43
2260.36, 2250.88
2260.52, 2251.32
2260.68, 2251.75
2260.85, 2252.18
2261.01, 2252.49
2261.22, 2252.89
2261.42, 2253.28
2261.63, 2253.67
2261.84, 2254.05
2262.06, 2254.42
2262.28, 2254.79
2262.51, 2255.15
2262.73, 2255.51
2262.95, 2255.87
2263.18, 2256.22
2263.4, 2256.57
2263.62, 2256.92
2263.84, 2257.27
2264.05, 2257.62
2264.26, 2257.97
2264.46, 2258.32
2264.66, 2258.68
2264.85, 2259.03
2265.03, 2259.39
2265.21, 2259.76
2265.38, 2260.12
2265.54, 2260.5
2265.69, 2260.88
2265.83, 2261.26
2265.97, 2261.65
2266.1, 2262.04
2266.22, 2262.44
2266.33, 2262.84
2266.43, 2263.25
2266.53, 2263.66
2266.63, 2264.08
2266.72, 2264.5
2266.8, 2264.92

waypoints
x, y
2258.42, 2241.21
2258.49, 2241.63
2258.56, 2242.06
2258.62, 2242.48
2258.69, 2242.91
2258.76, 2243.33
2258.83, 2243.76
2258.9, 2244.18
2258.97, 2244.61
2259.04, 2245.03
2259.12, 2245.55
2259.21, 2246.06
2259.3, 2246.57
2259.39, 2247.08
2259.48, 2247.58
2259.59, 2248.07
2259.7, 2248.56
2259.82, 2249.04
2259.94, 2249.51
2260.07, 2249.98
2260.21, 2250.43
2260.36, 2250.88
2260.52, 2251.32
2260.68, 2251.75
2260.85, 2252.18
2261.01, 2252.49
2261.22, 2252.89
2261.42, 2253.28
2261.63, 2253.67
2261.84, 2254.05
2262.06, 2254.42
2262.28, 2254.79
2262.51, 2255.15
2262.73, 2255.51
2262.95, 2255.87
2263.18, 2256.22
2263.4, 2256.57
2263.62, 2256.92
2263.84, 2257.27
2264.05, 2257.62
2264.26, 2257.97
2264.46, 2258.32
2264.66, 2258.68
2264.85, 2259.03
2265.03, 2259.39
2265.21, 2259.76
2265.38, 2260.12
2265.54, 2260.5
2265.69, 2260.88
2265.83, 2261.26
2265.97, 2261.65
2266.1, 2262.04
2266.22, 2262.44
2266.33, 2262.84
2266.43, 2263.25
2266.53, 2263.66
2266.63, 2264.08
2266.72, 2264.5
2266.8, 2264.92

waypoints
x, y
2258.69, 2242.91
2258.76, 2243.33
2258.83, 2243.76
2258.9, 2244.18
2258.97, 2244.61
2259.04, 2245.03
2259.12, 2245.55
2259.21, 2246.06
2259.3, 2246.57
2259.39, 2247.08
2259.48, 2247.58
2259.59, 2248.07
2259.7, 2248.56
2259.82, 2249.04
2259.94, 2249.51
2260.07, 2249.98
2260.21, 2250.43
2260.36, 2250.88
2260.52, 2251.32
2260.68, 2251.75
2260.85, 2252.18
2261.01, 2252.49
2261.22, 2252.89
2261.42, 2253.28
2261.63, 2253.67
2261.84, 2254.05
2262.06, 2254.42
2262.28, 2254.79
2262.51, 2255.15
2262.73, 2255.51
2262.95, 2255.87
2263.18, 2256.22
2263.4, 2256.57
2263.62, 2256.92
2263.84, 2257.27
2264.05, 2257.62
2264.26, 2257.97
2264.46, 2258.32
2264.66, 2258.68
2264.85, 2259.03
2265.03, 2259.39
2265.21, 2259.76
2265.38, 2260.12
2265.54, 2260.5
2265.69, 2260.88
2265.83, 2261.26
2265.97, 2261.65
2266.1, 2262.04
2266.22, 2262.44
2266.33, 2262.84
2266.43, 2263.25
2266.53, 2263.66
2266.63, 2264.08
2266.72, 2264.5
2266.8, 2264.92

waypoints
x, y
2258.9, 2244.18
2258.97, 2244.61
2259.04, 2245.03
2259.12, 2245.55
2259.21, 2246.06
2259.3, 2246.57
2259.39, 2247.08
2259.48, 2247.58
2259.59, 2248.07
2259.7, 2248.56
2259.82, 2249.04
2259.94, 2249.51
2260.07, 2249.98
2260.21, 2250.43
2260.36, 2250.88
2260.52, 2251.32
2260.68, 2251.75
2260.85, 2252.18
2261.01, 2252.49
2261.22, 2252.89
2261.42, 2253.28
2261.63, 2253.67
2261.84, 2254.05
2262.06, 2254.42
2262.28, 2254.79
2262.51, 2255.15
2262.73, 2255.51
2262.95, 2255.87
2263.18, 2256.22
2263.4, 2256.57
2263.62, 2256.92
2263.84, 2257.27
2264.05, 2257.62
2264.26, 2257.97
2264.46, 2258.32
2264.66, 2258.68
2264.85, 2259.03
2265.03, 2259.39
2265.21, 2259.76
2265.38, 2260.12
2265.54, 2260.5
2265.69, 2260.88
2265.83, 2261.26
2265.97, 2261.65
2266.1, 2262.04
2266.22, 2262.44
2266.33, 2262.84
2266.43, 2263.25
2266.53, 2263.66
2266.63, 2264.08
2266.72, 2264.5
2266.8, 2264.92

waypoints
x, y
2259.21, 2246.06
2259.3, 2246.57
2259.39, 2247.08
2259.48, 2247.58
2259.59, 2248.07
2259.7, 2248.56
2259.82, 2249.04
2259.94, 2249.51
2260.07, 2249.98
2260.21, 2250.43
2260.36, 2250.88
2260.52, 2251.32
2260.68, 2251.75
2260.85, 2252.18
2261.01, 2252.49
2261.22, 2252.89
2261.42, 2253.28
2261.63, 2253.67
2261.84, 2254.05
2262.06, 2254.42
2262.28, 2254.79
2262.51, 2255.15
2262.73, 2255.51
2262.95, 2255.87
2263.18, 2256.22
2263.4, 2256.57
2263.62, 2256.92
2263.84, 2257.27
2264.05, 2257.62
2264.26, 2257.97
2264.46, 2258.32
2264.66, 2258.68
2264.85, 2259.03
2265.03, 2259.39
2265.21, 2259.76
2265.38, 2260.12
2265.54, 2260.5
2265.69, 2260.88
2265.83, 2261.26
2265.97, 2261.65
2266.1, 2262.04
2266.22, 2262.44
2266.33, 2262.84
2266.43, 2263.25
2266.53, 2263.66
2266.63, 2264.08
2266.72, 2264.5
2266.8, 2264.92
2266.9, 2265.43
2267.01, 2265.94
2267.11, 2266.44
2267.21, 2266.95
2267.31, 2267.45
2267.41, 2267.94
2267.51, 2268.43
2267.6, 2268.92
2267.7, 2269.39
2267.79, 2269.86
2267.88, 2270.33
2267.98, 2270.79
2268.07, 2271.24
2268.15, 2271.68
2268.24, 2272.12
2268.33, 2272.55
2268.41, 2272.97
2268.5, 2273.39
2268.58, 2273.8
2268.66, 2274.2
2268.74, 2274.6
2268.82, 2275
2268.9, 2275.39
2268.97, 2275.78
2269.05, 2276.16
2269.13, 2276.55
2269.2, 2276.93
2269.28, 2277.31
2269.36, 2277.68
2269.43, 2278.06
2269.51, 2278.44
2269.58, 2278.81
2269.66, 2279.19
2269.73, 2279.57
2269.81, 2279.95
2269.89, 2280.34
2269.96, 2280.72
2270.04, 2281.11
2270.12, 2281.51
2270.2, 2281.9
2270.28, 2282.3
2270.36, 2282.7
2270.44, 2283.11
2270.51, 2283.46
2270.6, 2283.87
2270.69, 2284.28
2270.77, 2284.7
2270.86, 2285.12
2270.95, 2285.54

waypoints
x, y
2259.59, 2248.07
2259.7, 2248.56
2259.82, 2249.04
2259.94, 2249.51
2260.07, 2249.98
2260.21, 2250.43
2260.36, 2250.88
2260.52, 2251.32
2260.68, 2251.75
2260.85, 2252.18
2261.01, 2252.49
2261.22, 2252.89
2261.42, 2253.28
2261.63, 2253.67
2261.84, 2254.05
2262.06, 2254.42
2262.28, 2254.79
2262.51, 2255.15
2262.73, 2255.51
2262.95, 2255.87
2263.18, 2256.22
2263.4, 2256.57
2263.62, 2256.92
2263.84, 2257.27
2264.05, 2257.62
2264.26, 2257.97
2264.46, 2258.32
2264.66, 2258.68
2264.85, 2259.03
2265.03, 2259.39
2265.21, 2259.76
2265.38, 2260.12
2265.54, 2260.5
2265.69, 2260.88
2265.83, 2261.26
2265.97, 2261.65
2266.1, 2262.04
2266.22, 2262.44
2266.33, 2262.84
2266.43, 2263.25
2266.53, 2263.66
2266.63, 2264.08
2266.72, 2264.5
2266.8, 2264.92
2266.9, 2265.43
2267.01, 2265.94
2267.11, 2266.44
2267.21, 2266.95
2267.31, 2267.45
2267.41, 2267.94
2267.51, 2268.43
2267.6, 2268.92
2267.7, 2269.39
2267.79, 2269.86
2267.88, 2270.33
2267.98, 2270.79
2268.07, 2271.24
2268.16, 2271.68
2268.24, 2272.12
2268.33, 2272.55
2268.41, 2272.97
2268.5, 2273.39
2268.58, 2273.8
2268.66, 2274.2
2268.74, 2274.6
2268.82, 2275
2268.9, 2275.39
2268.97, 2275.78
2269.05, 2276.16
2269.13, 2276.55
2269.2, 2276.93
2269.28, 2277.3
2269.36, 2277.68
2269.43, 2278.06
2269.51, 2278.44
2269.58, 2278.81
2269.66, 2279.19
2269.73, 2279.57
2269.81, 2279.95
2269.89, 2280.34
2269.96, 2280.72
2270.04, 2281.11
2270.12, 2281.51
2270.2, 2281.9
2270.28, 2282.3
2270.36, 2282.7
2270.44, 2283.11
2270.51, 2283.46
2270.6, 2283.87
2270.69, 2284.28
2270.77, 2284.7
2270.86, 2285.12
2270.95, 2285.54

waypoints
x, y
2260.07, 2249.98
2260.21, 2250.43
2260.36, 2250.88
2260.52, 2251.32
2260.68, 2251.75
2260.85, 2252.18
2261.01, 2252.49
2261.22, 2252.89
2261.42, 2253.28
2261.63, 2253.67
2261.84, 2254.05
2262.06, 2254.42
2262.28, 2254.79
2262.51, 2255.15
2262.73, 2255.51
2262.95, 2255.87
2263.18, 2256.22
2263.4, 2256.57
2263.62, 2256.92
2263.84, 2257.27
2264.05, 2257.62
2264.26, 2257.97
2264.46, 2258.32
2264.66, 2258.68
2264.85, 2259.03
2265.03, 2259.39
2265.21, 2259.76
2265.38, 2260.12
2265.54, 2260.5
2265.69, 2260.88
2265.83, 2261.26
2265.97, 2261.65
2266.1, 2262.04
2266.22, 2262.44
2266.33, 2262.84
2266.43, 2263.25
2266.53, 2263.66
2266.63, 2264.08
2266.72, 2264.5
2266.8, 2264.92
2266.9, 2265.43
2267.01, 2265.94
2267.11, 2266.44
2267.21, 2266.95
2267.31, 2267.45
2267.41, 2267.94
2267.51, 2268.43
2267.6, 2268.92
2267.7, 2269.39
2267.79, 2269.86
2267.88, 2270.33
2267.98, 2270.79
2268.07, 2271.24
2268.16, 2271.68
2268.24, 2272.12
2268.33, 2272.55
2268.41, 2272.97
2268.5, 2273.39
2268.58, 2273.8
2268.66, 2274.2
2268.74, 2274.6
2268.82, 2275
2268.9, 2275.39
2268.97, 2275.78
2269.05, 2276.16
2269.13, 2276.55
2269.2, 2276.93
2269.28, 2277.3
2269.36, 2277.68
2269.43, 2278.06
2269.51, 2278.44
2269.58, 2278.81
2269.66, 2279.19
2269.73, 2279.57
2269.81, 2279.95
2269.89, 2280.34
2269.96, 2280.72
2270.04, 2281.11
2270.12, 2281.51
2270.2, 2281.9
2270.28, 2282.3
2270.36, 2282.7
2270.44, 2283.11
2270.51, 2283.46
2270.6, 2283.87
2270.69, 2284.28
2270.77, 2284.7
2270.86, 2285.12
2270.95, 2285.54

waypoints
x, y
2260.68, 2251.75
2260.85, 2252.18
2261.01, 2252.49
2261.22, 2252.89
2261.42, 2253.28
2261.63, 2253.67
2261.84, 2254.05
2262.06, 2254.42
2262.28, 2254.79
2262.51, 2255.15
2262.73, 2255.51
2262.95, 2255.87
2263.18, 2256.22
2263.4, 2256.57
2263.62, 2256.92
2263.84, 2257.27
2264.05, 2257.62
2264.26, 2257.97
2264.46, 2258.32
2264.66, 2258.68
2264.85, 2259.03
2265.03, 2259.39
2265.21, 2259.76
2265.38, 2260.12
2265.54, 2260.5
2265.69, 2260.88
2265.83, 2261.26
2265.97, 2261.65
2266.1, 2262.04
2266.22, 2262.44
2266.33, 2262.84
2266.43, 2263.25
2266.53, 2263.66
2266.63, 2264.08
2266.72, 2264.5
2266.8, 2264.92
2266.9, 2265.43
2267.01, 2265.94
2267.11, 2266.44
2267.21, 2266.95
2267.31, 2267.45
2267.41, 2267.94
2267.51, 2268.43
2267.6, 2268.92
2267.7, 2269.39
2267.79, 2269.86
2267.88, 2270.33
2267.98, 2270.79
2268.07, 2271.24
2268.16, 2271.68
2268.24, 2272.12
2268.33, 2272.55
2268.41, 2272.97
2268.5, 2273.39
2268.58, 2273.8
2268.66, 2274.2
2268.74, 2274.6
2268.82, 2275
2268.9, 2275.39
2268.97, 2275.78
2269.05, 2276.16
2269.13, 2276.55
2269.2, 2276.93
2269.28, 2277.3
2269.36, 2277.68
2269.43, 2278.06
2269.51, 2278.44
2269.58, 2278.81
2269.66, 2279.19
2269.73, 2279.57
2269.81, 2279.95
2269.89, 2280.34
2269.96, 2280.72
2270.04, 2281.11
2270.12, 2281.51
2270.2, 2281.9
2270.28, 2282.3
2270.36, 2282.7
2270.44, 2283.11
2270.51, 2283.46
2270.6, 2283.87
2270.69, 2284.28
2270.77, 2284.7
2270.86, 2285.12
2270.95, 2285.54

waypoints
x, y
2261.22, 2252.89
2261.42, 2253.28
2261.63, 2253.67
2261.84, 2254.05
2262.06, 2254.42
2262.28, 2254.79
2262.51, 2255.15
2262.73, 2255.51
2262.95, 2255.87
2263.18, 2256.22
2263.4, 2256.57
2263.62, 2256.92
2263.84, 2257.27
2264.05, 2257.62
2264.26, 2257.97
2264.46, 2258.32
2264.66, 2258.68
2264.85, 2259.03
2265.03, 2259.39
2265.21, 2259.76
2265.38, 2260.12
2265.54, 2260.5
2265.69, 2260.88
2265.83, 2261.26
2265.97, 2261.65
2266.1, 2262.04
2266.22, 2262.44
2266.33, 2262.84
2266.43, 2263.25
2266.53, 2263.66
2266.63, 2264.08
2266.72, 2264.5
2266.8, 2264.92
2266.9, 2265.43
2267.01, 2265.94
2267.11, 2266.44
2267.21, 2266.95
2267.31, 2267.45
2267.41, 2267.94
2267.51, 2268.43
2267.6, 2268.92
2267.7, 2269.39
2267.79, 2269.86
2267.88, 2270.33
2267.98, 2270.79
2268.07, 2271.24
2268.16, 2271.68
2268.24, 2272.12
2268.33, 2272.55
2268.41, 2272.97
2268.5, 2273.39
2268.58, 2273.8
2268.66, 2274.2
2268.74, 2274.6
2268.82, 2275
2268.9, 2275.39
2268.97, 2275.78
2269.05, 2276.16
2269.13, 2276.55
2269.2, 2276.93
2269.28, 2277.3
2269.36, 2277.68
2269.43, 2278.06
2269.51, 2278.44
2269.58, 2278.81
2269.66, 2279.19
2269.73, 2279.57
2269.81, 2279.95
2269.89, 2280.34
2269.96, 2280.72
2270.04, 2281.11
2270.12, 2281.51
2270.2, 2281.9
2270.28, 2282.3
2270.36, 2282.7
2270.44, 2283.11
2270.51, 2283.46
2270.6, 2283.87
2270.69, 2284.28
2270.77, 2284.7
2270.86, 2285.12
2270.95, 2285.54

waypoints
x, y
2262.06, 2254.42
2262.28, 2254.79
2262.51, 2255.15
2262.73, 2255.51
2262.95, 2255.87
2263.18, 2256.22
2263.4, 2256.57
2263.62, 2256.92
2263.84, 2257.27
2264.05, 2257.62
2264.26, 2257.97
2264.46, 2258.32
2264.66, 2258.68
2264.85, 2259.03
2265.03, 2259.39
2265.21, 2259.76
2265.38, 2260.12
2265.54, 2260.5
2265.69, 2260.88
2265.83, 2261.26
2265.97, 2261.65
2266.1, 2262.04
2266.22, 2262.44
2266.33, 2262.84
2266.43, 2263.25
2266.53, 2263.66
2266.63, 2264.08
2266.72, 2264.5
2266.8, 2264.92
2266.9, 2265.43
2267.01, 2265.94
2267.11, 2266.44
2267.21, 2266.95
2267.31, 2267.45
2267.41, 2267.94
2267.51, 2268.43
2267.6, 2268.92
2267.7, 2269.39
2267.79, 2269.86
2267.88, 2270.33
2267.98, 2270.79
2268.07, 2271.24
2268.16, 2271.68
2268.24, 2272.12
2268.33, 2272.55
2268.41, 2272.97
2268.5, 2273.39
2268.58, 2273.8
2268.66, 2274.2
2268.74, 2274.6
2268.82, 2275
2268.9, 2275.39
2268.97, 2275.78
2269.05, 2276.16
2269.13, 2276.55
2269.2, 2276.93
2269.28, 2277.3
2269.36, 2277.68
2269.43, 2278.06
2269.51, 2278.44
2269.58, 2278.81
2269.66, 2279.19
2269.73, 2279.57
2269.81, 2279.95
2269.89, 2280.34
2269.96, 2280.72
2270.04, 2281.11
2270.12, 2281.51
2270.2, 2281.9
2270.28, 2282.3
2270.36, 2282.7
2270.44, 2283.11
2270.51, 2283.46
2270.6, 2283.87
2270.69, 2284.28
2270.77, 2284.7
2270.86, 2285.12
2270.95, 2285.54

waypoints
x, y
2263.18, 2256.22
2263.4, 2256.57
2263.62, 2256.92
2263.84, 2257.27
2264.05, 2257.62
2264.26, 2257.97
2264.46, 2258.32
2264.66, 2258.68
2264.85, 2259.03
2265.03, 2259.39
2265.21, 2259.76
2265.38, 2260.12
2265.54, 2260.5
2265.69, 2260.88
2265.83, 2261.26
2265.97, 2261.65
2266.1, 2262.04
2266.22, 2262.44
2266.33, 2262.84
2266.43, 2263.25
2266.53, 2263.66
2266.63, 2264.08
2266.72, 2264.5
2266.8, 2264.92
2266.9, 2265.43
2267.01, 2265.94
2267.11, 2266.44
2267.21, 2266.95
2267.31, 2267.45
2267.41, 2267.94
2267.51, 2268.43
2267.6, 2268.92
2267.7, 2269.39
2267.79, 2269.86
2267.88, 2270.33
2267.98, 2270.79
2268.07, 2271.24
2268.16, 2271.68
2268.24, 2272.12
2268.33, 2272.55
2268.41, 2272.97
2268.5, 2273.39
2268.58, 2273.8
2268.66, 2274.2
2268.74, 2274.6
2268.82, 2275
2268.9, 2275.39
2268.97, 2275.78
2269.05, 2276.16
2269.13, 2276.55
2269.2, 2276.93
2269.28, 2277.3
2269.36, 2277.68
2269.43, 2278.06
2269.51, 2278.44
2269.58, 2278.81
2269.66, 2279.19
2269.73, 2279.57
2269.81, 2279.95
2269.89, 2280.34
2269.96, 2280.72
2270.04, 2281.11
2270.12, 2281.51
2270.2, 2281.9
2270.28, 2282.3
2270.36, 2282.7
2270.44, 2283.11
2270.51, 2283.46
2270.6, 2283.87
2270.69, 2284.28
2270.77, 2284.7
2270.86, 2285.12
2270.95, 2285.54

waypoints
x, y
2263.84, 2257.27
2264.05, 2257.62
2264.26, 2257.97
2264.46, 2258.32
2264.66, 2258.68
2264.85, 2259.03
2265.03, 2259.39
2265.21, 2259.76
2265.38, 2260.12
2265.54, 2260.5
2265.69, 2260.88
2265.83, 2261.26
2265.97, 2261.65
2266.1, 2262.04
2266.22, 2262.44
2266.33, 2262.84
2266.43, 2263.25
2266.53, 2263.66
2266.63, 2264.08
2266.72, 2264.5
2266.8, 2264.92
2266.9, 2265.43
2267.01, 2265.94
2267.11, 2266.44
2267.21, 2266.95
2267.31, 2267.45
2267.41, 2267.94
2267.51, 2268.43
2267.6, 2268.92
2267.7, 2269.39
2267.79, 2269.86
2267.88, 2270.33
2267.98, 2270.79
2268.07, 2271.24
2268.16, 2271.68
2268.24, 2272.12
2268.33, 2272.55
2268.41, 2272.97
2268.5, 2273.39
2268.58, 2273.8
2268.66, 2274.2
2268.74, 2274.6
2268.82, 2275
2268.9, 2275.39
2268.97, 2275.78
2269.05, 2276.16
2269.13, 2276.55
2269.2, 2276.93
2269.28, 2277.3
2269.36, 2277.68
2269.43, 2278.06
2269.51, 2278.44
2269.58, 2278.81
2269.66, 2279.19
2269.73, 2279.57
2269.81, 2279.95
2269.89, 2280.34
2269.96, 2280.72
2270.04, 2281.11
2270.12, 2281.51
2270.2, 2281.9
2270.28, 2282.3
2270.36, 2282.7
2270.44, 2283.11
2270.51, 2283.46
2270.6, 2283.87
2270.69, 2284.28
2270.77, 2284.7
2270.86, 2285.12
2270.95, 2285.54

waypoints
x, y
2264.66, 2258.68
2264.85, 2259.03
2265.03, 2259.39
2265.21, 2259.76
2265.38, 2260.12
2265.54, 2260.5
2265.69, 2260.88
2265.83, 2261.26
2265.97, 2261.65
2266.1, 2262.04
2266.22, 2262.44
2266.33, 2262.84
2266.43, 2263.25
2266.53, 2263.66
2266.63, 2264.08
2266.72, 2264.5
2266.8, 2264.92
2266.9, 2265.43
2267.01, 2265.94
2267.11, 2266.44
2267.21, 2266.95
2267.31, 2267.45
2267.41, 2267.94
2267.51, 2268.43
2267.6, 2268.92
2267.7, 2269.39
2267.79, 2269.86
2267.88, 2270.33
2267.98, 2270.79
2268.07, 2271.24
2268.16, 2271.68
2268.24, 2272.12
2268.33, 2272.55
2268.41, 2272.97
2268.5, 2273.39
2268.58, 2273.8
2268.66, 2274.2
2268.74, 2274.6
2268.82, 2275
2268.9, 2275.39
2268.97, 2275.78
2269.05, 2276.16
2269.13, 2276.55
2269.2, 2276.93
2269.28, 2277.3
2269.36, 2277.68
2269.43, 2278.06
2269.51, 2278.44
2269.58, 2278.81
2269.66, 2279.19
2269.73, 2279.57
2269.81, 2279.95
2269.89, 2280.34
2269.96, 2280.72
2270.04, 2281.11
2270.12, 2281.51
2270.2, 2281.9
2270.28, 2282.3
2270.36, 2282.7
2270.44, 2283.11
2270.51, 2283.46
2270.6, 2283.87
2270.69, 2284.28
2270.77, 2284.7
2270.86, 2285.12
2270.95, 2285.54

waypoints
x, y
2265.38, 2260.12
2265.54, 2260.5
2265.69, 2260.88
2265.83, 2261.26
2265.97, 2261.65
2266.1, 2262.04
2266.22, 2262.44
2266.33, 2262.84
2266.43, 2263.25
2266.53, 2263.66
2266.63, 2264.08
2266.72, 2264.5
2266.8, 2264.92
2266.9, 2265.43
2267.01, 2265.94
2267.11, 2266.44
2267.21, 2266.95
2267.31, 2267.45
2267.41, 2267.94
2267.51, 2268.43
2267.6, 2268.92
2267.7, 2269.39
2267.79, 2269.86
2267.88, 2270.33
2267.98, 2270.79
2268.07, 2271.24
2268.16, 2271.68
2268.24, 2272.12
2268.33, 2272.55
2268.41, 2272.97
2268.5, 2273.39
2268.58, 2273.8
2268.66, 2274.2
2268.74, 2274.6
2268.82, 2275
2268.9, 2275.39
2268.97, 2275.78
2269.05, 2276.16
2269.13, 2276.55
2269.2, 2276.93
2269.28, 2277.3
2269.36, 2277.68
2269.43, 2278.06
2269.51, 2278.44
2269.58, 2278.81
2269.66, 2279.19
2269.73, 2279.57
2269.81, 2279.95
2269.89, 2280.34
2269.96, 2280.72
2270.04, 2281.11
2270.12, 2281.51
2270.2, 2281.9
2270.28, 2282.3
2270.36, 2282.7
2270.44, 2283.11
2270.51, 2283.46
2270.6, 2283.87
2270.69, 2284.28
2270.77, 2284.7
2270.86, 2285.12
2270.95, 2285.54

waypoints
x, y
2265.97, 2261.65
2266.1, 2262.04
2266.22, 2262.44
2266.33, 2262.84
2266.43, 2263.25
2266.53, 2263.66
2266.63, 2264.08
2266.72, 2264.5
2266.8, 2264.92
2266.9, 2265.43
2267.01, 2265.94
2267.11, 2266.44
2267.21, 2266.95
2267.31, 2267.45
2267.41, 2267.94
2267.51, 2268.43
2267.6, 2268.92
2267.7, 2269.39
2267.79, 2269.86
2267.88, 2270.33
2267.98, 2270.79
2268.07, 2271.24
2268.16, 2271.68
2268.24, 2272.12
2268.33, 2272.55
2268.41, 2272.97
2268.5, 2273.39
2268.58, 2273.8
2268.66, 2274.2
2268.74, 2274.6
2268.82, 2275
2268.9, 2275.39
2268.97, 2275.78
2269.05, 2276.16
2269.13, 2276.55
2269.2, 2276.93
2269.28, 2277.3
2269.36, 2277.68
2269.43, 2278.06
2269.51, 2278.44
2269.58, 2278.81
2269.66, 2279.19
2269.73, 2279.57
2269.81, 2279.95
2269.89, 2280.34
2269.96, 2280.72
2270.04, 2281.11
2270.12, 2281.51
2270.2, 2281.9
2270.28, 2282.3
2270.36, 2282.7
2270.44, 2283.11
2270.51, 2283.46
2270.6, 2283.87
2270.69, 2284.28
2270.77, 2284.7
2270.86, 2285.12
2270.95, 2285.54

waypoints
x, y
2266.43, 2263.25
2266.53, 2263.66
2266.63, 2264.08
2266.72, 2264.5
2266.8, 2264.92
2266.9, 2265.43
2267.01, 2265.94
2267.11, 2266.44
2267.21, 2266.95
2267.31, 2267.45
2267.41, 2267.94
2267.51, 2268.43
2267.6, 2268.92
2267.7, 2269.39
2267.79, 2269.86
2267.88, 2270.33
2267.98, 2270.79
2268.07, 2271.24
2268.16, 2271.68
2268.24, 2272.12
2268.33, 2272.55
2268.41, 2272.97
2268.5, 2273.39
2268.58, 2273.8
2268.66, 2274.2
2268.74, 2274.6
2268.82, 2275
2268.9, 2275.39
2268.97, 2275.78
2269.05, 2276.16
2269.13, 2276.55
2269.2, 2276.93
2269.28, 2277.3
2269.36, 2277.68
2269.43, 2278.06
2269.51, 2278.44
2269.58, 2278.81
2269.66, 2279.19
2269.73, 2279.57
2269.81, 2279.95
2269.89, 2280.34
2269.96, 2280.72
2270.04, 2281.11
2270.12, 2281.51
2270.2, 2281.9
2270.28, 2282.3
2270.36, 2282.7
2270.44, 2283.11
2270.51, 2283.46
2270.6, 2283.87
2270.69, 2284.28
2270.77, 2284.7
2270.86, 2285.12
2270.95, 2285.54

waypoints
x, y
2266.72, 2264.5
2266.8, 2264.92
2266.9, 2265.43
2267.01, 2265.94
2267.11, 2266.44
2267.21, 2266.95
2267.31, 2267.45
2267.41, 2267.94
2267.51, 2268.43
2267.6, 2268.92
2267.7, 2269.39
2267.79, 2269.86
2267.88, 2270.33
2267.98, 2270.79
2268.07, 2271.24
2268.16, 2271.68
2268.24, 2272.12
2268.33, 2272.55
2268.41, 2272.97
2268.5, 2273.39
2268.58, 2273.8
2268.66, 2274.2
2268.74, 2274.6
2268.82, 2275
2268.9, 2275.39
2268.97, 2275.78
2269.05, 2276.16
2269.13, 2276.55
2269.2, 2276.93
2269.28, 2277.3
2269.36, 2277.68
2269.43, 2278.06
2269.51, 2278.44
2269.58, 2278.81
2269.66, 2279.19
2269.73, 2279.57
2269.81, 2279.95
2269.89, 2280.34
2269.96, 2280.72
2270.04, 2281.11
2270.12, 2281.51
2270.2, 2281.9
2270.28, 2282.3
2270.36, 2282.7
2270.44, 2283.11
2270.51, 2283.46
2270.6, 2283.87
2270.69, 2284.28
2270.77, 2284.7
2270.86, 2285.12
2270.95, 2285.54

waypoints
x, y
2267.11, 2266.44
2267.21, 2266.95
2267.31, 2267.45
2267.41, 2267.94
2267.51, 2268.43
2267.6, 2268.92
2267.7, 2269.39
2267.79, 2269.86
2267.88, 2270.33
2267.98, 2270.79
2268.07, 2271.24
2268.16, 2271.68
2268.24, 2272.12
2268.33, 2272.55
2268.41, 2272.97
2268.5, 2273.39
2268.58, 2273.8
2268.66, 2274.2
2268.74, 2274.6
2268.82, 2275
2268.9, 2275.39
2268.97, 2275.78
2269.05, 2276.16
2269.13, 2276.55
2269.2, 2276.93
2269.28, 2277.3
2269.36, 2277.68
2269.43, 2278.06
2269.51, 2278.44
2269.58, 2278.81
2269.66, 2279.19
2269.73, 2279.57
2269.81, 2279.95
2269.89, 2280.34
2269.96, 2280.72
2270.04, 2281.11
2270.12, 2281.51
2270.2, 2281.9
2270.28, 2282.3
2270.36, 2282.7
2270.44, 2283.11
2270.51, 2283.46
2270.6, 2283.87
2270.69, 2284.28
2270.77, 2284.7
2270.86, 2285.12
2270.95, 2285.54
2271.07, 2285.98
2271.18, 2286.49
2271.28, 2286.99
2271.39, 2287.5
2271.49, 2287.99
2271.6, 2288.49
2271.7, 2288.97
2271.8, 2289.46
2271.9, 2289.93
2272, 2290.4
2272.09, 2290.86
2272.19, 2291.32
2272.28, 2291.77
2272.38, 2292.21
2272.47, 2292.64
2272.56, 2293.07
2272.65, 2293.5
2272.73, 2293.91
2272.82, 2294.32
2272.9, 2294.73
2272.99, 2295.13
2273.07, 2295.52
2273.15, 2295.92
2273.23, 2296.3
2273.31, 2296.69
2273.39, 2297.07
2273.47, 2297.45
2273.55, 2297.83
2273.63, 2298.21
2273.71, 2298.59
2273.79, 2298.96
2273.86, 2299.34
2273.94, 2299.72
2274.02, 2300.1
2274.1, 2300.48
2274.18, 2300.86
2274.26, 2301.25
2274.35, 2301.64
2274.43, 2302.03
2274.51, 2302.43
2274.59, 2302.83
2274.68, 2303.23
2274.76, 2303.63
2274.85, 2304.04
2274.94, 2304.45
2275.02, 2304.87
2275.11, 2305.29
2275.2, 2305.71
2275.29, 2306.13

waypoints
x, y
2267.51, 2268.43
2267.6, 2268.92
2267.7, 2269.39
2267.79, 2269.86
2267.88, 2270.33
2267.98, 2270.79
2268.07, 2271.24
2268.16, 2271.68
2268.24, 2272.12
2268.33, 2272.55
2268.41, 2272.97
2268.5, 2273.39
2268.58, 2273.8
2268.66, 2274.2
2268.74, 2274.6
2268.82, 2275
2268.9, 2275.39
2268.97, 2275.78
2269.05, 2276.16
2269.13, 2276.55
2269.2, 2276.93
2269.28, 2277.3
2269.36, 2277.68
2269.43, 2278.06
2269.51, 2278.44
2269.58, 2278.81
2269.66, 2279.19
2269.73, 2279.57
2269.81, 2279.95
2269.89, 2280.34
2269.96, 2280.72
2270.04, 2281.11
2270.12, 2281.51
2270.2, 2281.9
2270.28, 2282.3
2270.36, 2282.7
2270.44, 2283.11
2270.51, 2283.46
2270.6, 2283.87
2270.69, 2284.28
2270.77, 2284.7
2270.86, 2285.12
2270.95, 2285.54
2271.07, 2285.98
2271.18, 2286.49
2271.28, 2286.99
2271.39, 2287.5
2271.49, 2287.99
2271.59, 2288.49
2271.7, 2288.97
2271.8, 2289.45
2271.9, 2289.93
2272, 2290.4
2272.09, 2290.86
2272.19, 2291.32
2272.28, 2291.77
2272.38, 2292.21
2272.47, 2292.64
2272.56, 2293.07
2272.65, 2293.49
2272.73, 2293.91
2272.82, 2294.32
2272.9, 2294.73
2272.99, 2295.13
2273.07, 2295.52
2273.15, 2295.92
2273.23, 2296.3
2273.31, 2296.69
2273.39, 2297.07
2273.47, 2297.45
2273.55, 2297.83
2273.63, 2298.21
2273.71, 2298.59
2273.79, 2298.96
2273.86, 2299.34
2273.94, 2299.72
2274.02, 2300.1
2274.1, 2300.48
2274.18, 2300.86
2274.26, 2301.25
2274.35, 2301.64
2274.43, 2302.03
2274.51, 2302.43
2274.59, 2302.83
2274.68, 2303.23
2274.76, 2303.63
2274.85, 2304.04
2274.94, 2304.45
2275.02, 2304.87
2275.11, 2305.29
2275.2, 2305.71
2275.29, 2306.13

waypoints
x, y
2267.88, 2270.33
2267.98, 2270.79
2268.07, 2271.24
2268.16, 2271.68
2268.24, 2272.12
2268.33, 2272.55
2268.41, 2272.97
2268.5, 2273.39
2268.58, 2273.8
2268.66, 2274.2
2268.74, 2274.6
2268.82, 2275
2268.9, 2275.39
2268.97, 2275.78
2269.05, 2276.16
2269.13, 2276.55
2269.2, 2276.93
2269.28, 2277.3
2269.36, 2277.68
2269.43, 2278.06
2269.51, 2278.44
2269.58, 2278.81
2269.66, 2279.19
2269.73, 2279.57
2269.81, 2279.95
2269.89, 2280.34
2269.96, 2280.72
2270.04, 2281.11
2270.12, 2281.51
2270.2, 2281.9
2270.28, 2282.3
2270.36, 2282.7
2270.44, 2283.11
2270.51, 2283.46
2270.6, 2283.87
2270.69, 2284.28
2270.77, 2284.7
2270.86, 2285.12
2270.95, 2285.54
2271.07, 2285.98
2271.18, 2286.49
2271.28, 2286.99
2271.39, 2287.5
2271.49, 2287.99
2271.59, 2288.49
2271.7, 2288.97
2271.8, 2289.45
2271.9, 2289.93
2272, 2290.4
2272.09, 2290.86
2272.19, 2291.32
2272.28, 2291.77
2272.38, 2292.21
2272.47, 2292.64
2272.56, 2293.07
2272.65, 2293.49
2272.73, 2293.91
2272.82, 2294.32
2272.9, 2294.73
2272.99, 2295.13
2273.07, 2295.52
2273.15, 2295.92
2273.23, 2296.3
2273.31, 2296.69
2273.39, 2297.07
2273.47, 2297.45
2273.55, 2297.83
2273.63, 2298.21
2273.71, 2298.59
2273.79, 2298.96
2273.86, 2299.34
2273.94, 2299.72
2274.02, 2300.1
2274.1, 2300.48
2274.18, 2300.86
2274.26, 2301.25
2274.35, 2301.64
2274.43, 2302.03
2274.51, 2302.43
2274.59, 2302.83
2274.68, 2303.23
2274.76, 2303.63
2274.85, 2304.04
2274.94, 2304.45
2275.02, 2304.87
2275.11, 2305.29
2275.2, 2305.71
2275.29, 2306.13

waypoints
x, y
2268.24, 2272.12
2268.33, 2272.55
2268.41, 2272.97
2268.5, 2273.39
2268.58, 2273.8
2268.66, 2274.2
2268.74, 2274.6
2268.82, 2275
2268.9, 2275.39
2268.97, 2275.78
2269.05, 2276.16
2269.13, 2276.55
2269.2, 2276.93
2269.28, 2277.3
2269.36, 2277.68
2269.43, 2278.06
2269.51, 2278.44
2269.58, 2278.81
2269.66, 2279.19
2269.73, 2279.57
2269.81, 2279.95
2269.89, 2280.34
2269.96, 2280.72
2270.04, 2281.11
2270.12, 2281.51
2270.2, 2281.9
2270.28, 2282.3
2270.36, 2282.7
2270.44, 2283.11
2270.51, 2283.46
2270.6, 2283.87
2270.69, 2284.28
2270.77, 2284.7
2270.86, 2285.12
2270.95, 2285.54
2271.07, 2285.98
2271.18, 2286.49
2271.28, 2286.99
2271.39, 2287.5
2271.49, 2287.99
2271.59, 2288.49
2271.7, 2288.97
2271.8, 2289.45
2271.9, 2289.93
2272, 2290.4
2272.09, 2290.86
2272.19, 2291.32
2272.28, 2291.77
2272.38, 2292.21
2272.47, 2292.64
2272.56, 2293.07
2272.65, 2293.49
2272.73, 2293.91
2272.82, 2294.32
2272.9, 2294.73
2272.99, 2295.13
2273.07, 2295.52
2273.15, 2295.92
2273.23, 2296.3
2273.31, 2296.69
2273.39, 2297.07
2273.47, 2297.45
2273.55, 2297.83
2273.63, 2298.21
2273.71, 2298.59
2273.79, 2298.96
2273.86, 2299.34
2273.94, 2299.72
2274.02, 2300.1
2274.1, 2300.48
2274.18, 2300.86
2274.26, 2301.25
2274.35, 2301.64
2274.43, 2302.03
2274.51, 2302.43
2274.59, 2302.83
2274.68, 2303.23
2274.76, 2303.63
2274.85, 2304.04
2274.94, 2304.45
2275.02, 2304.87
2275.11, 2305.29
2275.2, 2305.71
2275.29, 2306.13

waypoints
x, y
2268.58, 2273.8
2268.66, 2274.2
2268.74, 2274.6
2268.82, 2275
2268.9, 2275.39
2268.97, 2275.78
2269.05, 2276.16
2269.13, 2276.55
2269.2, 2276.93
2269.28, 2277.3
2269.36, 2277.68
2269.43, 2278.06
2269.51, 2278.44
2269.58, 2278.81
2269.66, 2279.19
2269.73, 2279.57
2269.81, 2279.95
2269.89, 2280.34
2269.96, 2280.72
2270.04, 2281.11
2270.12, 2281.51
2270.2, 2281.9
2270.28, 2282.3
2270.36, 2282.7
2270.44, 2283.11
2270.51, 2283.46
2270.6, 2283.87
2270.69, 2284.28
2270.77, 2284.7
2270.86, 2285.12
2270.95, 2285.54
2271.07, 2285.98
2271.18, 2286.49
2271.28, 2286.99
2271.39, 2287.5
2271.49, 2287.99
2271.59, 2288.49
2271.7, 2288.97
2271.8, 2289.45
2271.9, 2289.93
2272, 2290.4
2272.09, 2290.86
2272.19, 2291.32
2272.28, 2291.77
2272.38, 2292.21
2272.47, 2292.64
2272.56, 2293.07
2272.65, 2293.49
2272.73, 2293.91
2272.82, 2294.32
2272.9, 2294.73
2272.99, 2295.13
2273.07, 2295.52
2273.15, 2295.92
2273.23, 2296.3
2273.31, 2296.69
2273.39, 2297.07
2273.47, 2297.45
2273.55, 2297.83
2273.63, 2298.21
2273.71, 2298.59
2273.79, 2298.96
2273.86, 2299.34
2273.94, 2299.72
2274.02, 2300.1
2274.1, 2300.48
2274.18, 2300.86
2274.26, 2301.25
2274.35, 2301.64
2274.43, 2302.03
2274.51, 2302.43
2274.59, 2302.83
2274.68, 2303.23
2274.76, 2303.63
2274.85, 2304.04
2274.94, 2304.45
2275.02, 2304.87
2275.11, 2305.29
2275.2, 2305.71
2275.29, 2306.13

waypoints
x, y
2268.9, 2275.39
2268.97, 2275.78
2269.05, 2276.16
2269.13, 2276.55
2269.2, 2276.93
2269.28, 2277.3
2269.36, 2277.68
2269.43, 2278.06
2269.51, 2278.44
2269.58, 2278.81
2269.66, 2279.19
2269.73, 2279.57
2269.81, 2279.95
2269.89, 2280.34
2269.96, 2280.72
2270.04, 2281.11
2270.12, 2281.51
2270.2, 2281.9
2270.28, 2282.3
2270.36, 2282.7
2270.44, 2283.11
2270.51, 2283.46
2270.6, 2283.87
2270.69, 2284.28
2270.77, 2284.7
2270.86, 2285.12
2270.95, 2285.54
2271.07, 2285.98
2271.18, 2286.49
2271.28, 2286.99
2271.39, 2287.5
2271.49, 2287.99
2271.59, 2288.49
2271.7, 2288.97
2271.8, 2289.45
2271.9, 2289.93
2272, 2290.4
2272.09, 2290.86
2272.19, 2291.32
2272.28, 2291.77
2272.38, 2292.21
2272.47, 2292.64
2272.56, 2293.07
2272.65, 2293.49
2272.73, 2293.91
2272.82, 2294.32
2272.9, 2294.73
2272.99, 2295.13
2273.07, 2295.52
2273.15, 2295.92
2273.23, 2296.3
2273.31, 2296.69
2273.39, 2297.07
2273.47, 2297.45
2273.55, 2297.83
2273.63, 2298.21
2273.71, 2298.59
2273.79, 2298.96
2273.86, 2299.34
2273.94, 2299.72
2274.02, 2300.1
2274.1, 2300.48
2274.18, 2300.86
2274.26, 2301.25
2274.35, 2301.64
2274.43, 2302.03
2274.51, 2302.43
2274.59, 2302.83
2274.68, 2303.23
2274.76, 2303.63
2274.85, 2304.04
2274.94, 2304.45
2275.02, 2304.87
2275.11, 2305.29
2275.2, 2305.71
2275.29, 2306.13

waypoints
x, y
2269.2, 2276.93
2269.28, 2277.3
2269.36, 2277.68
2269.43, 2278.06
2269.51, 2278.44
2269.58, 2278.81
2269.66, 2279.19
2269.73, 2279.57
2269.81, 2279.95
2269.89, 2280.34
2269.96, 2280.72
2270.04, 2281.11
2270.12, 2281.51
2270.2, 2281.9
2270.28, 2282.3
2270.36, 2282.7
2270.44, 2283.11
2270.51, 2283.46
2270.6, 2283.87
2270.69, 2284.28
2270.77, 2284.7
2270.86, 2285.12
2270.95, 2285.54
2271.07, 2285.98
2271.18, 2286.49
2271.28, 2286.99
2271.39, 2287.5
2271.49, 2287.99
2271.59, 2288.49
2271.7, 2288.97
2271.8, 2289.45
2271.9, 2289.93
2272, 2290.4
2272.09, 2290.86
2272.19, 2291.32
2272.28, 2291.77
2272.38, 2292.21
2272.47, 2292.64
2272.56, 2293.07
2272.65, 2293.49
2272.73, 2293.91
2272.82, 2294.32
2272.9, 2294.73
2272.99, 2295.13
2273.07, 2295.52
2273.15, 2295.92
2273.23, 2296.3
2273.31, 2296.69
2273.39, 2297.07
2273.47, 2297.45
2273.55, 2297.83
2273.63, 2298.21
2273.71, 2298.59
2273.79, 2298.96
2273.86, 2299.34
2273.94, 2299.72
2274.02, 2300.1
2274.1, 2300.48
2274.18, 2300.86
2274.26, 2301.25
2274.35, 2301.64
2274.43, 2302.03
2274.51, 2302.43
2274.59, 2302.83
2274.68, 2303.23
2274.76, 2303.63
2274.85, 2304.04
2274.94, 2304.45
2275.02, 2304.87
2275.11, 2305.29
2275.2, 2305.71
2275.29, 2306.13

waypoints
x, y
2269.51, 2278.44
2269.58, 2278.81
2269.66, 2279.19
2269.73, 2279.57
2269.81, 2279.95
2269.89, 2280.34
2269.96, 2280.72
2270.04, 2281.11
2270.12, 2281.51
2270.2, 2281.9
2270.28, 2282.3
2270.36, 2282.7
2270.44, 2283.11
2270.51, 2283.46
2270.6, 2283.87
2270.69, 2284.28
2270.77, 2284.7
2270.86, 2285.12
2270.95, 2285.54
2271.07, 2285.98
2271.18, 2286.49
2271.28, 2286.99
2271.39, 2287.5
2271.49, 2287.99
2271.59, 2288.49
2271.7, 2288.97
2271.8, 2289.45
2271.9, 2289.93
2272, 2290.4
2272.09, 2290.86
2272.19, 2291.32
2272.28, 2291.77
2272.38, 2292.21
2272.47, 2292.64
2272.56, 2293.07
2272.65, 2293.49
2272.73, 2293.91
2272.82, 2294.32
2272.9, 2294.73
2272.99, 2295.13
2273.07, 2295.52
2273.15, 2295.92
2273.23, 2296.3
2273.31, 2296.69
2273.39, 2297.07
2273.47, 2297.45
2273.55, 2297.83
2273.63, 2298.21
2273.71, 2298.59
2273.79, 2298.96
2273.86, 2299.34
2273.94, 2299.72
2274.02, 2300.1
2274.1, 2300.48
2274.18, 2300.86
2274.26, 2301.25
2274.35, 2301.64
2274.43, 2302.03
2274.51, 2302.43
2274.59, 2302.83
2274.68, 2303.23
2274.76, 2303.63
2274.85, 2304.04
2274.94, 2304.45
2275.02, 2304.87
2275.11, 2305.29
2275.2, 2305.71
2275.29, 2306.13

waypoints
x, y
2269.73, 2279.57
2269.81, 2279.95
2269.89, 2280.34
2269.96, 2280.72
2270.04, 2281.11
2270.12, 2281.51
2270.2, 2281.9
2270.28, 2282.3
2270.36, 2282.7
2270.44, 2283.11
2270.51, 2283.46
2270.6, 2283.87
2270.69, 2284.28
2270.77, 2284.7
2270.86, 2285.12
2270.95, 2285.54
2271.07, 2285.98
2271.18, 2286.49
2271.28, 2286.99
2271.39, 2287.5
2271.49, 2287.99
2271.59, 2288.49
2271.7, 2288.97
2271.8, 2289.45
2271.9, 2289.93
2272, 2290.4
2272.09, 2290.86
2272.19, 2291.32
2272.28, 2291.77
2272.38, 2292.21
2272.47, 2292.64
2272.56, 2293.07
2272.65, 2293.49
2272.73, 2293.91
2272.82, 2294.32
2272.9, 2294.73
2272.99, 2295.13
2273.07, 2295.52
2273.15, 2295.92
2273.23, 2296.3
2273.31, 2296.69
2273.39, 2297.07
2273.47, 2297.45
2273.55, 2297.83
2273.63, 2298.21
2273.71, 2298.59
2273.79, 2298.96
2273.86, 2299.34
2273.94, 2299.72
2274.02, 2300.1
2274.1, 2300.48
2274.18, 2300.86
2274.26, 2301.25
2274.35, 2301.64
2274.43, 2302.03
2274.51, 2302.43
2274.59, 2302.83
2274.68, 2303.23
2274.76, 2303.63
2274.85, 2304.04
2274.94, 2304.45
2275.02, 2304.87
2275.11, 2305.29
2275.2, 2305.71
2275.29, 2306.13

waypoints
x, y
2270.04, 2281.11
2270.12, 2281.51
2270.2, 2281.9
2270.28, 2282.3
2270.36, 2282.7
2270.44, 2283.11
2270.51, 2283.46
2270.6, 2283.87
2270.69, 2284.28
2270.77, 2284.7
2270.86, 2285.12
2270.95, 2285.54
2271.07, 2285.98
2271.18, 2286.49
2271.28, 2286.99
2271.39, 2287.5
2271.49, 2287.99
2271.59, 2288.49
2271.7, 2288.97
2271.8, 2289.45
2271.9, 2289.93
2272, 2290.4
2272.09, 2290.86
2272.19, 2291.32
2272.28, 2291.77
2272.38, 2292.21
2272.47, 2292.64
2272.56, 2293.07
2272.65, 2293.49
2272.73, 2293.91
2272.82, 2294.32
2272.9, 2294.73
2272.99, 2295.13
2273.07, 2295.52
2273.15, 2295.92
2273.23, 2296.3
2273.31, 2296.69
2273.39, 2297.07
2273.47, 2297.45
2273.55, 2297.83
2273.63, 2298.21
2273.71, 2298.59
2273.79, 2298.96
2273.86, 2299.34
2273.94, 2299.72
2274.02, 2300.1
2274.1, 2300.48
2274.18, 2300.86
2274.26, 2301.25
2274.35, 2301.64
2274.43, 2302.03
2274.51, 2302.43
2274.59, 2302.83
2274.68, 2303.23
2274.76, 2303.63
2274.85, 2304.04
2274.94, 2304.45
2275.02, 2304.87
2275.11, 2305.29
2275.2, 2305.71
2275.29, 2306.13

waypoints
x, y
2270.36, 2282.7
2270.44, 2283.11
2270.51, 2283.46
2270.6, 2283.87
2270.69, 2284.28
2270.77, 2284.7
2270.86, 2285.12
2270.95, 2285.54
2271.07, 2285.98
2271.18, 2286.49
2271.28, 2286.99
2271.39, 2287.5
2271.49, 2287.99
2271.59, 2288.49
2271.7, 2288.97
2271.8, 2289.45
2271.9, 2289.93
2272, 2290.4
2272.09, 2290.86
2272.19, 2291.32
2272.28, 2291.77
2272.38, 2292.21
2272.47, 2292.64
2272.56, 2293.07
2272.65, 2293.49
2272.73, 2293.91
2272.82, 2294.32
2272.9, 2294.73
2272.99, 2295.13
2273.07, 2295.52
2273.15, 2295.92
2273.23, 2296.3
2273.31, 2296.69
2273.39, 2297.07
2273.47, 2297.45
2273.55, 2297.83
2273.63, 2298.21
2273.71, 2298.59
2273.79, 2298.96
2273.86, 2299.34
2273.94, 2299.72
2274.02, 2300.1
2274.1, 2300.48
2274.18, 2300.86
2274.26, 2301.25
2274.35, 2301.64
2274.43, 2302.03
2274.51, 2302.43
2274.59, 2302.83
2274.68, 2303.23
2274.76, 2303.63
2274.85, 2304.04
2274.94, 2304.45
2275.02, 2304.87
2275.11, 2305.29
2275.2, 2305.71
2275.29, 2306.13

waypoints
x, y
2270.69, 2284.28
2270.77, 2284.7
2270.86, 2285.12
2270.95, 2285.54
2271.07, 2285.98
2271.18, 2286.49
2271.28, 2286.99
2271.39, 2287.5
2271.49, 2287.99
2271.59, 2288.49
2271.7, 2288.97
2271.8, 2289.45
2271.9, 2289.93
2272, 2290.4
2272.09, 2290.86
2272.19, 2291.32
2272.28, 2291.77
2272.38, 2292.21
2272.47, 2292.64
2272.56, 2293.07
2272.65, 2293.49
2272.73, 2293.91
2272.82, 2294.32
2272.9, 2294.73
2272.99, 2295.13
2273.07, 2295.52
2273.15, 2295.92
2273.23, 2296.3
2273.31, 2296.69
2273.39, 2297.07
2273.47, 2297.45
2273.55, 2297.83
2273.63, 2298.21
2273.71, 2298.59
2273.79, 2298.96
2273.86, 2299.34
2273.94, 2299.72
2274.02, 2300.1
2274.1, 2300.48
2274.18, 2300.86
2274.26, 2301.25
2274.35, 2301.64
2274.43, 2302.03
2274.51, 2302.43
2274.59, 2302.83
2274.68, 2303.23
2274.76, 2303.63
2274.85, 2304.04
2274.94, 2304.45
2275.02, 2304.87
2275.11, 2305.29
2275.2, 2305.71
2275.29, 2306.13

waypoints
x, y
2271.07, 2285.98
2271.18, 2286.49
2271.28, 2286.99
2271.39, 2287.5
2271.49, 2287.99
2271.59, 2288.49
2271.7, 2288.97
2271.8, 2289.45
2271.9, 2289.93
2272, 2290.4
2272.09, 2290.86
2272.19, 2291.32
2272.28, 2291.77
2272.38, 2292.21
2272.47, 2292.64
2272.56, 2293.07
2272.65, 2293.49
2272.73, 2293.91
2272.82, 2294.32
2272.9, 2294.73
2272.99, 2295.13
2273.07, 2295.52
2273.15, 2295.92
2273.23, 2296.3
2273.31, 2296.69
2273.39, 2297.07
2273.47, 2297.45
2273.55, 2297.83
2273.63, 2298.21
2273.71, 2298.59
2273.79, 2298.96
2273.86, 2299.34
2273.94, 2299.72
2274.02, 2300.1
2274.1, 2300.48
2274.18, 2300.86
2274.26, 2301.25
2274.35, 2301.64
2274.43, 2302.03
2274.51, 2302.43
2274.59, 2302.83
2274.68, 2303.23
2274.76, 2303.63
2274.85, 2304.04
2274.94, 2304.45
2275.02, 2304.87
2275.11, 2305.29
2275.2, 2305.71
2275.29, 2306.13
2275.38, 2306.55
2275.47, 2306.97
2275.55, 2307.38
2275.64, 2307.8
2275.73, 2308.22
2275.82, 2308.64
2275.91, 2309.07
2276, 2309.49
2276.09, 2309.91
2276.17, 2310.33
2276.26, 2310.75
2276.35, 2311.17
2276.28, 2310.84
2276.42, 2311.25
2276.56, 2311.65
2276.7, 2312.06
2276.84, 2312.47
2276.98, 2312.87
2277.13, 2313.28
2277.27, 2313.69
2277.41, 2314.09
2277.55, 2314.5
2277.69, 2314.91
2277.83, 2315.31
2277.98, 2315.72
2278.12, 2316.13
2278.26, 2316.54
2278.4, 2316.94
2278.54, 2317.35
2278.69, 2317.76
2278.83, 2318.17
2278.97, 2318.57
2279.11, 2318.98
2279.25, 2319.39
2279.4, 2319.8
2279.54, 2320.2
2279.68, 2320.61
2279.82, 2321.02
2279.96, 2321.42
2280.1, 2321.83
2280.25, 2322.24
2280.39, 2322.65
2280.53, 2323.05
2280.67, 2323.46
2280.81, 2323.87
2280.95, 2324.27
2281.1, 2324.68
2281.24, 2325.09
2281.38, 2325.49

waypoints
x, y
2271.39, 2287.5
2271.49, 2287.99
2271.59, 2288.49
2271.7, 2288.97
2271.8, 2289.45
2271.9, 2289.93
2272, 2290.4
2272.09, 2290.86
2272.19, 2291.32
2272.28, 2291.77
2272.38, 2292.21
2272.47, 2292.64
2272.56, 2293.07
2272.65, 2293.49
2272.73, 2293.91
2272.82, 2294.32
2272.9, 2294.73
2272.99, 2295.13
2273.07, 2295.52
2273.15, 2295.92
2273.23, 2296.3
2273.31, 2296.69
2273.39, 2297.07
2273.47, 2297.45
2273.55, 2297.83
2273.63, 2298.21
2273.71, 2298.59
2273.79, 2298.96
2273.86, 2299.34
2273.94, 2299.72
2274.02, 2300.1
2274.1, 2300.48
2274.18, 2300.86
2274.26, 2301.25
2274.35, 2301.64
2274.43, 2302.03
2274.51, 2302.43
2274.59, 2302.83
2274.68, 2303.23
2274.76, 2303.63
2274.85, 2304.04
2274.94, 2304.45
2275.02, 2304.87
2275.11, 2305.29
2275.2, 2305.71
2275.29, 2306.13
2275.38, 2306.55
2275.47, 2306.97
2275.55, 2307.39
2275.64, 2307.8
2275.73, 2308.22
2275.82, 2308.64
2275.91, 2309.07
2276, 2309.49
2276.09, 2309.91
2276.17, 2310.33
2276.26, 2310.75
2276.35, 2311.17
2276.28, 2310.84
2276.42, 2311.25
2276.56, 2311.65
2276.7, 2312.06
2276.84, 2312.47
2276.98, 2312.87
2277.12, 2313.28
2277.27, 2313.69
2277.41, 2314.09
2277.55, 2314.5
2277.69, 2314.91
2277.83, 2315.32
2277.98, 2315.72
2278.12, 2316.13
2278.26, 2316.54
2278.4, 2316.94
2278.54, 2317.35
2278.69, 2317.76
2278.83, 2318.17
2278.97, 2318.57
2279.11, 2318.98
2279.25, 2319.39
2279.39, 2319.8
2279.54, 2320.2
2279.68, 2320.61
2279.82, 2321.02
2279.96, 2321.42
2280.1, 2321.83
2280.25, 2322.24
2280.39, 2322.64
2280.53, 2323.05
2280.67, 2323.46
2280.81, 2323.87
2280.95, 2324.27
2281.1, 2324.68
2281.24, 2325.09
2281.38, 2325.49

waypoints
x, y
2271.8, 2289.45
2271.9, 2289.93
2272, 2290.4
2272.09, 2290.86
2272.19, 2291.32
2272.28, 2291.77
2272.38, 2292.21
2272.47, 2292.64
2272.56, 2293.07
2272.65, 2293.49
2272.73, 2293.91
2272.82, 2294.32
2272.9, 2294.73
2272.99, 2295.13
2273.07, 2295.52
2273.15, 2295.92
2273.23, 2296.3
2273.31, 2296.69
2273.39, 2297.07
2273.47, 2297.45
2273.55, 2297.83
2273.63, 2298.21
2273.71, 2298.59
2273.79, 2298.96
2273.86, 2299.34
2273.94, 2299.72
2274.02, 2300.1
2274.1, 2300.48
2274.18, 2300.86
2274.26, 2301.25
2274.35, 2301.64
2274.43, 2302.03
2274.51, 2302.43
2274.59, 2302.83
2274.68, 2303.23
2274.76, 2303.63
2274.85, 2304.04
2274.94, 2304.45
2275.02, 2304.87
2275.11, 2305.29
2275.2, 2305.71
2275.29, 2306.13
2275.38, 2306.55
2275.47, 2306.97
2275.55, 2307.39
2275.64, 2307.8
2275.73, 2308.22
2275.82, 2308.64
2275.91, 2309.07
2276, 2309.49
2276.09, 2309.91
2276.17, 2310.33
2276.26, 2310.75
2276.35, 2311.17
2276.28, 2310.84
2276.42, 2311.25
2276.56, 2311.65
2276.7, 2312.06
2276.84, 2312.47
2276.98, 2312.87
2277.12, 2313.28
2277.27, 2313.69
2277.41, 2314.09
2277.55, 2314.5
2277.69, 2314.91
2277.83, 2315.32
2277.98, 2315.72
2278.12, 2316.13
2278.26, 2316.54
2278.4, 2316.94
2278.54, 2317.35
2278.69, 2317.76
2278.83, 2318.17
2278.97, 2318.57
2279.11, 2318.98
2279.25, 2319.39
2279.39, 2319.8
2279.54, 2320.2
2279.68, 2320.61
2279.82, 2321.02
2279.96, 2321.42
2280.1, 2321.83
2280.25, 2322.24
2280.39, 2322.64
2280.53, 2323.05
2280.67, 2323.46
2280.81, 2323.87
2280.95, 2324.27
2281.1, 2324.68
2281.24, 2325.09
2281.38, 2325.49

waypoints
x, y
2272.19, 2291.32
2272.28, 2291.77
2272.38, 2292.21
2272.47, 2292.64
2272.56, 2293.07
2272.65, 2293.49
2272.73, 2293.91
2272.82, 2294.32
2272.9, 2294.73
2272.99, 2295.13
2273.07, 2295.52
2273.15, 2295.92
2273.23, 2296.3
2273.31, 2296.69
2273.39, 2297.07
2273.47, 2297.45
2273.55, 2297.83
2273.63, 2298.21
2273.71, 2298.59
2273.79, 2298.96
2273.86, 2299.34
2273.94, 2299.72
2274.02, 2300.1
2274.1, 2300.48
2274.18, 2300.86
2274.26, 2301.25
2274.35, 2301.64
2274.43, 2302.03
2274.51, 2302.43
2274.59, 2302.83
2274.68, 2303.23
2274.76, 2303.63
2274.85, 2304.04
2274.94, 2304.45
2275.02, 2304.87
2275.11, 2305.29
2275.2, 2305.71
2275.29, 2306.13
2275.38, 2306.55
2275.47, 2306.97
2275.55, 2307.39
2275.64, 2307.8
2275.73, 2308.22
2275.82, 2308.64
2275.91, 2309.07
2276, 2309.49
2276.09, 2309.91
2276.17, 2310.33
2276.26, 2310.75
2276.35, 2311.17
2276.28, 2310.84
2276.42, 2311.25
2276.56, 2311.65
2276.7, 2312.06
2276.84, 2312.47
2276.98, 2312.87
2277.12, 2313.28
2277.27, 2313.69
2277.41, 2314.09
2277.55, 2314.5
2277.69, 2314.91
2277.83, 2315.32
2277.98, 2315.72
2278.12, 2316.13
2278.26, 2316.54
2278.4, 2316.94
2278.54, 2317.35
2278.69, 2317.76
2278.83, 2318.17
2278.97, 2318.57
2279.11, 2318.98
2279.25, 2319.39
2279.39, 2319.8
2279.54, 2320.2
2279.68, 2320.61
2279.82, 2321.02
2279.96, 2321.42
2280.1, 2321.83
2280.25, 2322.24
2280.39, 2322.64
2280.53, 2323.05
2280.67, 2323.46
2280.81, 2323.87
2280.95, 2324.27
2281.1, 2324.68
2281.24, 2325.09
2281.38, 2325.49

waypoints
x, y
2272.56, 2293.07
2272.65, 2293.49
2272.73, 2293.91
2272.82, 2294.32
2272.9, 2294.73
2272.99, 2295.13
2273.07, 2295.52
2273.15, 2295.92
2273.23, 2296.3
2273.31, 2296.69
2273.39, 2297.07
2273.47, 2297.45
2273.55, 2297.83
2273.63, 2298.21
2273.71, 2298.59
2273.79, 2298.96
2273.86, 2299.34
2273.94, 2299.72
2274.02, 2300.1
2274.1, 2300.48
2274.18, 2300.86
2274.26, 2301.25
2274.35, 2301.64
2274.43, 2302.03
2274.51, 2302.43
2274.59, 2302.83
2274.68, 2303.23
2274.76, 2303.63
2274.85, 2304.04
2274.94, 2304.45
2275.02, 2304.87
2275.11, 2305.29
2275.2, 2305.71
2275.29, 2306.13
2275.38, 2306.55
2275.47, 2306.97
2275.55, 2307.39
2275.64, 2307.8
2275.73, 2308.22
2275.82, 2308.64
2275.91, 2309.07
2276, 2309.49
2276.09, 2309.91
2276.17, 2310.33
2276.26, 2310.75
2276.35, 2311.17
2276.28, 2310.84
2276.42, 2311.25
2276.56, 2311.65
2276.7, 2312.06
2276.84, 2312.47
2276.98, 2312.87
2277.12, 2313.28
2277.27, 2313.69
2277.41, 2314.09
2277.55, 2314.5
2277.69, 2314.91
2277.83, 2315.32
2277.98, 2315.72
2278.12, 2316.13
2278.26, 2316.54
2278.4, 2316.94
2278.54, 2317.35
2278.69, 2317.76
2278.83, 2318.17
2278.97, 2318.57
2279.11, 2318.98
2279.25, 2319.39
2279.39, 2319.8
2279.54, 2320.2
2279.68, 2320.61
2279.82, 2321.02
2279.96, 2321.42
2280.1, 2321.83
2280.25, 2322.24
2280.39, 2322.64
2280.53, 2323.05
2280.67, 2323.46
2280.81, 2323.87
2280.95, 2324.27
2281.1, 2324.68
2281.24, 2325.09
2281.38, 2325.49

waypoints
x, y
2272.9, 2294.73
2272.99, 2295.13
2273.07, 2295.52
2273.15, 2295.92
2273.23, 2296.3
2273.31, 2296.69
2273.39, 2297.07
2273.47, 2297.45
2273.55, 2297.83
2273.63, 2298.21
2273.71, 2298.59
2273.79, 2298.96
2273.86, 2299.34
2273.94, 2299.72
2274.02, 2300.1
2274.1, 2300.48
2274.18, 2300.86
2274.26, 2301.25
2274.35, 2301.64
2274.43, 2302.03
2274.51, 2302.43
2274.59, 2302.83
2274.68, 2303.23
2274.76, 2303.63
2274.85, 2304.04
2274.94, 2304.45
2275.02, 2304.87
2275.11, 2305.29
2275.2, 2305.71
2275.29, 2306.13
2275.38, 2306.55
2275.47, 2306.97
2275.55, 2307.39
2275.64, 2307.8
2275.73, 2308.22
2275.82, 2308.64
2275.91, 2309.07
2276, 2309.49
2276.09, 2309.91
2276.17, 2310.33
2276.26, 2310.75
2276.35, 2311.17
2276.28, 2310.84
2276.42, 2311.25
2276.56, 2311.65
2276.7, 2312.06
2276.84, 2312.47
2276.98, 2312.87
2277.12, 2313.28
2277.27, 2313.69
2277.41, 2314.09
2277.55, 2314.5
2277.69, 2314.91
2277.83, 2315.32
2277.98, 2315.72
2278.12, 2316.13
2278.26, 2316.54
2278.4, 2316.94
2278.54, 2317.35
2278.69, 2317.76
2278.83, 2318.17
2278.97, 2318.57
2279.11, 2318.98
2279.25, 2319.39
2279.39, 2319.8
2279.54, 2320.2
2279.68, 2320.61
2279.82, 2321.02
2279.96, 2321.42
2280.1, 2321.83
2280.25, 2322.24
2280.39, 2322.64
2280.53, 2323.05
2280.67, 2323.46
2280.81, 2323.87
2280.95, 2324.27
2281.1, 2324.68
2281.24, 2325.09
2281.38, 2325.49

waypoints
x, y
2273.23, 2296.3
2273.31, 2296.69
2273.39, 2297.07
2273.47, 2297.45
2273.55, 2297.83
2273.63, 2298.21
2273.71, 2298.59
2273.79, 2298.96
2273.86, 2299.34
2273.94, 2299.72
2274.02, 2300.1
2274.1, 2300.48
2274.18, 2300.86
2274.26, 2301.25
2274.35, 2301.64
2274.43, 2302.03
2274.51, 2302.43
2274.59, 2302.83
2274.68, 2303.23
2274.76, 2303.63
2274.85, 2304.04
2274.94, 2304.45
2275.02, 2304.87
2275.11, 2305.29
2275.2, 2305.71
2275.29, 2306.13
2275.38, 2306.55
2275.47, 2306.97
2275.55, 2307.39
2275.64, 2307.8
2275.73, 2308.22
2275.82, 2308.64
2275.91, 2309.07
2276, 2309.49
2276.09, 2309.91
2276.17, 2310.33
2276.26, 2310.75
2276.35, 2311.17
2276.28, 2310.84
2276.42, 2311.25
2276.56, 2311.65
2276.7, 2312.06
2276.84, 2312.47
2276.98, 2312.87
2277.12, 2313.28
2277.27, 2313.69
2277.41, 2314.09
2277.55, 2314.5
2277.69, 2314.91
2277.83, 2315.32
2277.98, 2315.72
2278.12, 2316.13
2278.26, 2316.54
2278.4, 2316.94
2278.54, 2317.35
2278.69, 2317.76
2278.83, 2318.17
2278.97, 2318.57
2279.11, 2318.98
2279.25, 2319.39
2279.39, 2319.8
2279.54, 2320.2
2279.68, 2320.61
2279.82, 2321.02
2279.96, 2321.42
2280.1, 2321.83
2280.25, 2322.24
2280.39, 2322.64
2280.53, 2323.05
2280.67, 2323.46
2280.81, 2323.87
2280.95, 2324.27
2281.1, 2324.68
2281.24, 2325.09
2281.38, 2325.49

waypoints
x, y
2273.47, 2297.45
2273.55, 2297.83
2273.63, 2298.21
2273.71, 2298.59
2273.79, 2298.96
2273.86, 2299.34
2273.94, 2299.72
2274.02, 2300.1
2274.1, 2300.48
2274.18, 2300.86
2274.26, 2301.25
2274.35, 2301.64
2274.43, 2302.03
2274.51, 2302.43
2274.59, 2302.83
2274.68, 2303.23
2274.76, 2303.63
2274.85, 2304.04
2274.94, 2304.45
2275.02, 2304.87
2275.11, 2305.29
2275.2, 2305.71
2275.29, 2306.13
2275.38, 2306.55
2275.47, 2306.97
2275.55, 2307.39
2275.64, 2307.8
2275.73, 2308.22
2275.82, 2308.64
2275.91, 2309.07
2276, 2309.49
2276.09, 2309.91
2276.17, 2310.33
2276.26, 2310.75
2276.35, 2311.17
2276.28, 2310.84
2276.42, 2311.25
2276.56, 2311.65
2276.7, 2312.06
2276.84, 2312.47
2276.98, 2312.87
2277.12, 2313.28
2277.27, 2313.69
2277.41, 2314.09
2277.55, 2314.5
2277.69, 2314.91
2277.83, 2315.32
2277.98, 2315.72
2278.12, 2316.13
2278.26, 2316.54
2278.4, 2316.94
2278.54, 2317.35
2278.69, 2317.76
2278.83, 2318.17
2278.97, 2318.57
2279.11, 2318.98
2279.25, 2319.39
2279.39, 2319.8
2279.54, 2320.2
2279.68, 2320.61
2279.82, 2321.02
2279.96, 2321.42
2280.1, 2321.83
2280.25, 2322.24
2280.39, 2322.64
2280.53, 2323.05
2280.67, 2323.46
2280.81, 2323.87
2280.95, 2324.27
2281.1, 2324.68
2281.24, 2325.09
2281.38, 2325.49

waypoints
x, y
2273.79, 2298.96
2273.86, 2299.34
2273.94, 2299.72
2274.02, 2300.1
2274.1, 2300.48
2274.18, 2300.86
2274.26, 2301.25
2274.35, 2301.64
2274.43, 2302.03
2274.51, 2302.43
2274.59, 2302.83
2274.68, 2303.23
2274.76, 2303.63
2274.85, 2304.04
2274.94, 2304.45
2275.02, 2304.87
2275.11, 2305.29
2275.2, 2305.71
2275.29, 2306.13
2275.38, 2306.55
2275.47, 2306.97
2275.55, 2307.39
2275.64, 2307.8
2275.73, 2308.22
2275.82, 2308.64
2275.91, 2309.07
2276, 2309.49
2276.09, 2309.91
2276.17, 2310.33
2276.26, 2310.75
2276.35, 2311.17
2276.28, 2310.84
2276.42, 2311.25
2276.56, 2311.65
2276.7, 2312.06
2276.84, 2312.47
2276.98, 2312.87
2277.12, 2313.28
2277.27, 2313.69
2277.41, 2314.09
2277.55, 2314.5
2277.69, 2314.91
2277.83, 2315.32
2277.98, 2315.72
2278.12, 2316.13
2278.26, 2316.54
2278.4, 2316.94
2278.54, 2317.35
2278.69, 2317.76
2278.83, 2318.17
2278.97, 2318.57
2279.11, 2318.98
2279.25, 2319.39
2279.39, 2319.8
2279.54, 2320.2
2279.68, 2320.61
2279.82, 2321.02
2279.96, 2321.42
2280.1, 2321.83
2280.25, 2322.24
2280.39, 2322.64
2280.53, 2323.05
2280.67, 2323.46
2280.81, 2323.87
2280.95, 2324.27
2281.1, 2324.68
2281.24, 2325.09
2281.38, 2325.49

waypoints
x, y
2274.1, 2300.48
2274.18, 2300.86
2274.26, 2301.25
2274.35, 2301.64
2274.43, 2302.03
2274.51, 2302.43
2274.59, 2302.83
2274.68, 2303.23
2274.76, 2303.63
2274.85, 2304.04
2274.94, 2304.45
2275.02, 2304.87
2275.11, 2305.29
2275.2, 2305.71
2275.29, 2306.13
2275.38, 2306.55
2275.47, 2306.97
2275.55, 2307.39
2275.64, 2307.8
2275.73, 2308.22
2275.82, 2308.64
2275.91, 2309.07
2276, 2309.49
2276.09, 2309.91
2276.17, 2310.33
2276.26, 2310.75
2276.35, 2311.17
2276.28, 2310.84
2276.42, 2311.25
2276.56, 2311.65
2276.7, 2312.06
2276.84, 2312.47
2276.98, 2312.87
2277.12, 2313.28
2277.27, 2313.69
2277.41, 2314.09
2277.55, 2314.5
2277.69, 2314.91
2277.83, 2315.32
2277.98, 2315.72
2278.12, 2316.13
2278.26, 2316.54
2278.4, 2316.94
2278.54, 2317.35
2278.69, 2317.76
2278.83, 2318.17
2278.97, 2318.57
2279.11, 2318.98
2279.25, 2319.39
2279.39, 2319.8
2279.54, 2320.2
2279.68, 2320.61
2279.82, 2321.02
2279.96, 2321.42
2280.1, 2321.83
2280.25, 2322.24
2280.39, 2322.64
2280.53, 2323.05
2280.67, 2323.46
2280.81, 2323.87
2280.95, 2324.27
2281.1, 2324.68
2281.24, 2325.09
2281.38, 2325.49

waypoints
x, y
2274.43, 2302.03
2274.51, 2302.43
2274.59, 2302.83
2274.68, 2303.23
2274.76, 2303.63
2274.85, 2304.04
2274.94, 2304.45
2275.02, 2304.87
2275.11, 2305.29
2275.2, 2305.71
2275.29, 2306.13
2275.38, 2306.55
2275.47, 2306.97
2275.55, 2307.39
2275.64, 2307.8
2275.73, 2308.22
2275.82, 2308.64
2275.91, 2309.07
2276, 2309.49
2276.09, 2309.91
2276.17, 2310.33
2276.26, 2310.75
2276.35, 2311.17
2276.28, 2310.84
2276.42, 2311.25
2276.56, 2311.65
2276.7, 2312.06
2276.84, 2312.47
2276.98, 2312.87
2277.12, 2313.28
2277.27, 2313.69
2277.41, 2314.09
2277.55, 2314.5
2277.69, 2314.91
2277.83, 2315.32
2277.98, 2315.72
2278.12, 2316.13
2278.26, 2316.54
2278.4, 2316.94
2278.54, 2317.35
2278.69, 2317.76
2278.83, 2318.17
2278.97, 2318.57
2279.11, 2318.98
2279.25, 2319.39
2279.39, 2319.8
2279.54, 2320.2
2279.68, 2320.61
2279.82, 2321.02
2279.96, 2321.42
2280.1, 2321.83
2280.25, 2322.24
2280.39, 2322.64
2280.53, 2323.05
2280.67, 2323.46
2280.81, 2323.87
2280.95, 2324.27
2281.1, 2324.68
2281.24, 2325.09
2281.38, 2325.49

waypoints
x, y
2274.68, 2303.23
2274.76, 2303.63
2274.85, 2304.04
2274.94, 2304.45
2275.02, 2304.87
2275.11, 2305.29
2275.2, 2305.71
2275.29, 2306.13
2275.38, 2306.55
2275.47, 2306.97
2275.55, 2307.39
2275.64, 2307.8
2275.73, 2308.22
2275.82, 2308.64
2275.91, 2309.07
2276, 2309.49
2276.09, 2309.91
2276.17, 2310.33
2276.26, 2310.75
2276.35, 2311.17
2276.28, 2310.84
2276.42, 2311.25
2276.56, 2311.65
2276.7, 2312.06
2276.84, 2312.47
2276.98, 2312.87
2277.12, 2313.28
2277.27, 2313.69
2277.41, 2314.09
2277.55, 2314.5
2277.69, 2314.91
2277.83, 2315.32
2277.98, 2315.72
2278.12, 2316.13
2278.26, 2316.54
2278.4, 2316.94
2278.54, 2317.35
2278.69, 2317.76
2278.83, 2318.17
2278.97, 2318.57
2279.11, 2318.98
2279.25, 2319.39
2279.39, 2319.8
2279.54, 2320.2
2279.68, 2320.61
2279.82, 2321.02
2279.96, 2321.42
2280.1, 2321.83
2280.25, 2322.24
2280.39, 2322.64
2280.53, 2323.05
2280.67, 2323.46
2280.81, 2323.87
2280.95, 2324.27
2281.1, 2324.68
2281.24, 2325.09
2281.38, 2325.49

waypoints
x, y
2275.02, 2304.87
2275.11, 2305.29
2275.2, 2305.71
2275.29, 2306.13
2275.38, 2306.55
2275.47, 2306.97
2275.55, 2307.39
2275.64, 2307.8
2275.73, 2308.22
2275.82, 2308.64
2275.91, 2309.07
2276, 2309.49
2276.09, 2309.91
2276.17, 2310.33
2276.26, 2310.75
2276.35, 2311.17
2276.28, 2310.84
2276.42, 2311.25
2276.56, 2311.65
2276.7, 2312.06
2276.84, 2312.47
2276.98, 2312.87
2277.12, 2313.28
2277.27, 2313.69
2277.41, 2314.09
2277.55, 2314.5
2277.69, 2314.91
2277.83, 2315.32
2277.98, 2315.72
2278.12, 2316.13
2278.26, 2316.54
2278.4, 2316.94
2278.54, 2317.35
2278.69, 2317.76
2278.83, 2318.17
2278.97, 2318.57
2279.11, 2318.98
2279.25, 2319.39
2279.39, 2319.8
2279.54, 2320.2
2279.68, 2320.61
2279.82, 2321.02
2279.96, 2321.42
2280.1, 2321.83
2280.25, 2322.24
2280.39, 2322.64
2280.53, 2323.05
2280.67, 2323.46
2280.81, 2323.87
2280.95, 2324.27
2281.1, 2324.68
2281.24, 2325.09
2281.38, 2325.49

waypoints
x, y
2275.38, 2306.55
2275.47, 2306.97
2275.55, 2307.39
2275.64, 2307.8
2275.73, 2308.22
2275.82, 2308.64
2275.91, 2309.07
2276, 2309.49
2276.09, 2309.91
2276.17, 2310.33
2276.26, 2310.75
2276.35, 2311.17
2276.28, 2310.84
2276.42, 2311.25
2276.56, 2311.65
2276.7, 2312.06
2276.84, 2312.47
2276.98, 2312.87
2277.12, 2313.28
2277.27, 2313.69
2277.41, 2314.09
2277.55, 2314.5
2277.69, 2314.91
2277.83, 2315.32
2277.98, 2315.72
2278.12, 2316.13
2278.26, 2316.54
2278.4, 2316.94
2278.54, 2317.35
2278.69, 2317.76
2278.83, 2318.17
2278.97, 2318.57
2279.11, 2318.98
2279.25, 2319.39
2279.39, 2319.8
2279.54, 2320.2
2279.68, 2320.61
2279.82, 2321.02
2279.96, 2321.42
2280.1, 2321.83
2280.25, 2322.24
2280.39, 2322.64
2280.53, 2323.05
2280.67, 2323.46
2280.81, 2323.87
2280.95, 2324.27
2281.1, 2324.68
2281.24, 2325.09
2281.38, 2325.49
2281.52, 2325.9
2281.66, 2326.3
2281.8, 2326.71
2281.94, 2327.11
2282.09, 2327.52
2282.23, 2327.92
2282.37, 2328.33
2282.51, 2328.74
2282.65, 2329.14
2282.79, 2329.55
2282.93, 2329.95
2283.08, 2330.36
2283.22, 2330.77
2283.36, 2331.17
2283.5, 2331.58
2283.64, 2331.99
2283.78, 2332.39
2283.93, 2332.8
2284.07, 2333.21
2284.21, 2333.61
2284.35, 2334.02
2284.49, 2334.43
2284.63, 2334.83
2284.78, 2335.24
2284.92, 2335.65
2285.06, 2336.05
2285.2, 2336.46
2285.34, 2336.87
2285.48, 2337.28
2285.63, 2337.68
2285.77, 2338.09
2285.91, 2338.5
2286.05, 2338.91
2286.19, 2339.31
2286.34, 2339.72
2286.48, 2340.13
2286.62, 2340.53
2286.76, 2340.94
2286.9, 2341.35
2287.05, 2341.76
2287.19, 2342.16
2287.33, 2342.57
2287.47, 2342.98
2287.61, 2343.38
2287.75, 2343.79
2287.92, 2344.3
2288.06, 2344.7
2288.19, 2345.11
2288.33, 2345.52

waypoints
x, y
2275.73, 2308.22
2275.82, 2308.64
2275.91, 2309.07
2276, 2309.49
2276.09, 2309.91
2276.17, 2310.33
2276.26, 2310.75
2276.35, 2311.17
2276.28, 2310.84
2276.42, 2311.25
2276.56, 2311.65
2276.7, 2312.06
2276.84, 2312.47
2276.98, 2312.87
2277.12, 2313.28
2277.27, 2313.69
2277.41, 2314.09
2277.55, 2314.5
2277.69, 2314.91
2277.83, 2315.32
2277.98, 2315.72
2278.12, 2316.13
2278.26, 2316.54
2278.4, 2316.94
2278.54, 2317.35
2278.69, 2317.76
2278.83, 2318.17
2278.97, 2318.57
2279.11, 2318.98
2279.25, 2319.39
2279.39, 2319.8
2279.54, 2320.2
2279.68, 2320.61
2279.82, 2321.02
2279.96, 2321.42
2280.1, 2321.83
2280.25, 2322.24
2280.39, 2322.64
2280.53, 2323.05
2280.67, 2323.46
2280.81, 2323.87
2280.95, 2324.27
2281.1, 2324.68
2281.24, 2325.09
2281.38, 2325.49
2281.52, 2325.9
2281.66, 2326.3
2281.8, 2326.71
2281.95, 2327.11
2282.09, 2327.52
2282.23, 2327.93
2282.37, 2328.33
2282.51, 2328.74
2282.65, 2329.14
2282.79, 2329.55
2282.93, 2329.95
2283.08, 2330.36
2283.22, 2330.77
2283.36, 2331.17
2283.5, 2331.58
2283.64, 2331.99
2283.78, 2332.39
2283.93, 2332.8
2284.07, 2333.21
2284.21, 2333.61
2284.35, 2334.02
2284.49, 2334.43
2284.63, 2334.83
2284.78, 2335.24
2284.92, 2335.65
2285.06, 2336.05
2285.2, 2336.46
2285.34, 2336.87
2285.49, 2337.28
2285.63, 2337.68
2285.77, 2338.09
2285.91, 2338.5
2286.05, 2338.91
2286.19, 2339.31
2286.34, 2339.72
2286.48, 2340.13
2286.62, 2340.53
2286.76, 2340.94
2286.9, 2341.35
2287.05, 2341.76
2287.19, 2342.16
2287.33, 2342.57
2287.47, 2342.98
2287.61, 2343.38
2287.75, 2343.79
2287.92, 2344.3
2288.06, 2344.7
2288.19, 2345.11
2288.32, 2345.52

waypoints
x, y
2276, 2309.49
2276.09, 2309.91
2276.17, 2310.33
2276.26, 2310.75
2276.35, 2311.17
2276.28, 2310.84
2276.42, 2311.25
2276.56, 2311.65
2276.7, 2312.06
2276.84, 2312.47
2276.98, 2312.87
2277.12, 2313.28
2277.27, 2313.69
2277.41, 2314.09
2277.55, 2314.5
2277.69, 2314.91
2277.83, 2315.32
2277.98, 2315.72
2278.12, 2316.13
2278.26, 2316.54
2278.4, 2316.94
2278.54, 2317.35
2278.69, 2317.76
2278.83, 2318.17
2278.97, 2318.57
2279.11, 2318.98
2279.25, 2319.39
2279.39, 2319.8
2279.54, 2320.2
2279.68, 2320.61
2279.82, 2321.02
2279.96, 2321.42
2280.1, 2321.83
2280.25, 2322.24
2280.39, 2322.64
2280.53, 2323.05
2280.67, 2323.46
2280.81, 2323.87
2280.95, 2324.27
2281.1, 2324.68
2281.24, 2325.09
2281.38, 2325.49
2281.52, 2325.9
2281.66, 2326.3
2281.8, 2326.71
2281.95, 2327.11
2282.09, 2327.52
2282.23, 2327.93
2282.37, 2328.33
2282.51, 2328.74
2282.65, 2329.14
2282.79, 2329.55
2282.93, 2329.95
2283.08, 2330.36
2283.22, 2330.77
2283.36, 2331.17
2283.5, 2331.58
2283.64, 2331.99
2283.78, 2332.39
2283.93, 2332.8
2284.07, 2333.21
2284.21, 2333.61
2284.35, 2334.02
2284.49, 2334.43
2284.63, 2334.83
2284.78, 2335.24
2284.92, 2335.65
2285.06, 2336.05
2285.2, 2336.46
2285.34, 2336.87
2285.49, 2337.28
2285.63, 2337.68
2285.77, 2338.09
2285.91, 2338.5
2286.05, 2338.91
2286.19, 2339.31
2286.34, 2339.72
2286.48, 2340.13
2286.62, 2340.53
2286.76, 2340.94
2286.9, 2341.35
2287.05, 2341.76
2287.19, 2342.16
2287.33, 2342.57
2287.47, 2342.98
2287.61, 2343.38
2287.75, 2343.79
2287.92, 2344.3
2288.06, 2344.7
2288.19, 2345.11
2288.32, 2345.52

waypoints
x, y
2276.35, 2311.17
2276.28, 2310.84
2276.42, 2311.25
2276.56, 2311.65
2276.7, 2312.06
2276.84, 2312.47
2276.98, 2312.87
2277.12, 2313.28
2277.27, 2313.69
2277.41, 2314.09
2277.55, 2314.5
2277.69, 2314.91
2277.83, 2315.32
2277.98, 2315.72
2278.12, 2316.13
2278.26, 2316.54
2278.4, 2316.94
2278.54, 2317.35
2278.69, 2317.76
2278.83, 2318.17
2278.97, 2318.57
2279.11, 2318.98
2279.25, 2319.39
2279.39, 2319.8
2279.54, 2320.2
2279.68, 2320.61
2279.82, 2321.02
2279.96, 2321.42
2280.1, 2321.83
2280.25, 2322.24
2280.39, 2322.64
2280.53, 2323.05
2280.67, 2323.46
2280.81, 2323.87
2280.95, 2324.27
2281.1, 2324.68
2281.24, 2325.09
2281.38, 2325.49
2281.52, 2325.9
2281.66, 2326.3
2281.8, 2326.71
2281.95, 2327.11
2282.09, 2327.52
2282.23, 2327.93
2282.37, 2328.33
2282.51, 2328.74
2282.65, 2329.14
2282.79, 2329.55
2282.93, 2329.95
2283.08, 2330.36
2283.22, 2330.77
2283.36, 2331.17
2283.5, 2331.58
2283.64, 2331.99
2283.78, 2332.39
2283.93, 2332.8
2284.07, 2333.21
2284.21, 2333.61
2284.35, 2334.02
2284.49, 2334.43
2284.63, 2334.83
2284.78, 2335.24
2284.92, 2335.65
2285.06, 2336.05
2285.2, 2336.46
2285.34, 2336.87
2285.49, 2337.28
2285.63, 2337.68
2285.77, 2338.09
2285.91, 2338.5
2286.05, 2338.91
2286.19, 2339.31
2286.34, 2339.72
2286.48, 2340.13
2286.62, 2340.53
2286.76, 2340.94
2286.9, 2341.35
2287.05, 2341.76
2287.19, 2342.16
2287.33, 2342.57
2287.47, 2342.98
2287.61, 2343.38
2287.75, 2343.79
2287.92, 2344.3
2288.06, 2344.7
2288.19, 2345.11
2288.32, 2345.52

waypoints
x, y
2276.7, 2312.06
2276.84, 2312.47
2276.98, 2312.87
2277.12, 2313.28
2277.27, 2313.69
2277.41, 2314.09
2277.55, 2314.5
2277.69, 2314.91
2277.83, 2315.32
2277.98, 2315.72
2278.12, 2316.13
2278.26, 2316.54
2278.4, 2316.94
2278.54, 2317.35
2278.69, 2317.76
2278.83, 2318.17
2278.97, 2318.57
2279.11, 2318.98
2279.25, 2319.39
2279.39, 2319.8
2279.54, 2320.2
2279.68, 2320.61
2279.82, 2321.02
2279.96, 2321.42
2280.1, 2321.83
2280.25, 2322.24
2280.39, 2322.64
2280.53, 2323.05
2280.67, 2323.46
2280.81, 2323.87
2280.95, 2324.27
2281.1, 2324.68
2281.24, 2325.09
2281.38, 2325.49
2281.52, 2325.9
2281.66, 2326.3
2281.8, 2326.71
2281.95, 2327.11
2282.09, 2327.52
2282.23, 2327.93
2282.37, 2328.33
2282.51, 2328.74
2282.65, 2329.14
2282.79, 2329.55
2282.93, 2329.95
2283.08, 2330.36
2283.22, 2330.77
2283.36, 2331.17
2283.5, 2331.58
2283.64, 2331.99
2283.78, 2332.39
2283.93, 2332.8
2284.07, 2333.21
2284.21, 2333.61
2284.35, 2334.02
2284.49, 2334.43
2284.63, 2334.83
2284.78, 2335.24
2284.92, 2335.65
2285.06, 2336.05
2285.2, 2336.46
2285.34, 2336.87
2285.49, 2337.28
2285.63, 2337.68
2285.77, 2338.09
2285.91, 2338.5
2286.05, 2338.91
2286.19, 2339.31
2286.34, 2339.72
2286.48, 2340.13
2286.62, 2340.53
2286.76, 2340.94
2286.9, 2341.35
2287.05, 2341.76
2287.19, 2342.16
2287.33, 2342.57
2287.47, 2342.98
2287.61, 2343.38
2287.75, 2343.79
2287.92, 2344.3
2288.06, 2344.7
2288.19, 2345.11
2288.32, 2345.52

waypoints
x, y
2277.12, 2313.28
2277.27, 2313.69
2277.41, 2314.09
2277.55, 2314.5
2277.69, 2314.91
2277.83, 2315.32
2277.98, 2315.72
2278.12, 2316.13
2278.26, 2316.54
2278.4, 2316.94
2278.54, 2317.35
2278.69, 2317.76
2278.83, 2318.17
2278.97, 2318.57
2279.11, 2318.98
2279.25, 2319.39
2279.39, 2319.8
2279.54, 2320.2
2279.68, 2320.61
2279.82, 2321.02
2279.96, 2321.42
2280.1, 2321.83
2280.25, 2322.24
2280.39, 2322.64
2280.53, 2323.05
2280.67, 2323.46
2280.81, 2323.87
2280.95, 2324.27
2281.1, 2324.68
2281.24, 2325.09
2281.38, 2325.49
2281.52, 2325.9
2281.66, 2326.3
2281.8, 2326.71
2281.95, 2327.11
2282.09, 2327.52
2282.23, 2327.93
2282.37, 2328.33
2282.51, 2328.74
2282.65, 2329.14
2282.79, 2329.55
2282.93, 2329.95
2283.08, 2330.36
2283.22, 2330.77
2283.36, 2331.17
2283.5, 2331.58
2283.64, 2331.99
2283.78, 2332.39
2283.93, 2332.8
2284.07, 2333.21
2284.21, 2333.61
2284.35, 2334.02
2284.49, 2334.43
2284.63, 2334.83
2284.78, 2335.24
2284.92, 2335.65
2285.06, 2336.05
2285.2, 2336.46
2285.34, 2336.87
2285.49, 2337.28
2285.63, 2337.68
2285.77, 2338.09
2285.91, 2338.5
2286.05, 2338.91
2286.19, 2339.31
2286.34, 2339.72
2286.48, 2340.13
2286.62, 2340.53
2286.76, 2340.94
2286.9, 2341.35
2287.05, 2341.76
2287.19, 2342.16
2287.33, 2342.57
2287.47, 2342.98
2287.61, 2343.38
2287.75, 2343.79
2287.92, 2344.3
2288.06, 2344.7
2288.19, 2345.11
2288.32, 2345.52

waypoints
x, y
2277.69, 2314.91
2277.83, 2315.32
2277.98, 2315.72
2278.12, 2316.13
2278.26, 2316.54
2278.4, 2316.94
2278.54, 2317.35
2278.69, 2317.76
2278.83, 2318.17
2278.97, 2318.57
2279.11, 2318.98
2279.25, 2319.39
2279.39, 2319.8
2279.54, 2320.2
2279.68, 2320.61
2279.82, 2321.02
2279.96, 2321.42
2280.1, 2321.83
2280.25, 2322.24
2280.39, 2322.64
2280.53, 2323.05
2280.67, 2323.46
2280.81, 2323.87
2280.95, 2324.27
2281.1, 2324.68
2281.24, 2325.09
2281.38, 2325.49
2281.52, 2325.9
2281.66, 2326.3
2281.8, 2326.71
2281.95, 2327.11
2282.09, 2327.52
2282.23, 2327.93
2282.37, 2328.33
2282.51, 2328.74
2282.65, 2329.14
2282.79, 2329.55
2282.93, 2329.95
2283.08, 2330.36
2283.22, 2330.77
2283.36, 2331.17
2283.5, 2331.58
2283.64, 2331.99
2283.78, 2332.39
2283.93, 2332.8
2284.07, 2333.21
2284.21, 2333.61
2284.35, 2334.02
2284.49, 2334.43
2284.63, 2334.83
2284.78, 2335.24
2284.92, 2335.65
2285.06, 2336.05
2285.2, 2336.46
2285.34, 2336.87
2285.49, 2337.28
2285.63, 2337.68
2285.77, 2338.09
2285.91, 2338.5
2286.05, 2338.91
2286.19, 2339.31
2286.34, 2339.72
2286.48, 2340.13
2286.62, 2340.53
2286.76, 2340.94
2286.9, 2341.35
2287.05, 2341.76
2287.19, 2342.16
2287.33, 2342.57
2287.47, 2342.98
2287.61, 2343.38
2287.75, 2343.79
2287.92, 2344.3
2288.06, 2344.7
2288.19, 2345.11
2288.32, 2345.52

waypoints
x, y
2278.26, 2316.54
2278.4, 2316.94
2278.54, 2317.35
2278.69, 2317.76
2278.83, 2318.17
2278.97, 2318.57
2279.11, 2318.98
2279.25, 2319.39
2279.39, 2319.8
2279.54, 2320.2
2279.68, 2320.61
2279.82, 2321.02
2279.96, 2321.42
2280.1, 2321.83
2280.25, 2322.24
2280.39, 2322.64
2280.53, 2323.05
2280.67, 2323.46
2280.81, 2323.87
2280.95, 2324.27
2281.1, 2324.68
2281.24, 2325.09
2281.38, 2325.49
2281.52, 2325.9
2281.66, 2326.3
2281.8, 2326.71
2281.95, 2327.11
2282.09, 2327.52
2282.23, 2327.93
2282.37, 2328.33
2282.51, 2328.74
2282.65, 2329.14
2282.79, 2329.55
2282.93, 2329.95
2283.08, 2330.36
2283.22, 2330.77
2283.36, 2331.17
2283.5, 2331.58
2283.64, 2331.99
2283.78, 2332.39
2283.93, 2332.8
2284.07, 2333.21
2284.21, 2333.61
2284.35, 2334.02
2284.49, 2334.43
2284.63, 2334.83
2284.78, 2335.24
2284.92, 2335.65
2285.06, 2336.05
2285.2, 2336.46
2285.34, 2336.87
2285.49, 2337.28
2285.63, 2337.68
2285.77, 2338.09
2285.91, 2338.5
2286.05, 2338.91
2286.19, 2339.31
2286.34, 2339.72
2286.48, 2340.13
2286.62, 2340.53
2286.76, 2340.94
2286.9, 2341.35
2287.05, 2341.76
2287.19, 2342.16
2287.33, 2342.57
2287.47, 2342.98
2287.61, 2343.38
2287.75, 2343.79
2287.92, 2344.3
2288.06, 2344.7
2288.19, 2345.11
2288.32, 2345.52

waypoints
x, y
2278.69, 2317.76
2278.83, 2318.17
2278.97, 2318.57
2279.11, 2318.98
2279.25, 2319.39
2279.39, 2319.8
2279.54, 2320.2
2279.68, 2320.61
2279.82, 2321.02
2279.96, 2321.42
2280.1, 2321.83
2280.25, 2322.24
2280.39, 2322.64
2280.53, 2323.05
2280.67, 2323.46
2280.81, 2323.87
2280.95, 2324.27
2281.1, 2324.68
2281.24, 2325.09
2281.38, 2325.49
2281.52, 2325.9
2281.66, 2326.3
2281.8, 2326.71
2281.95, 2327.11
2282.09, 2327.52
2282.23, 2327.93
2282.37, 2328.33
2282.51, 2328.74
2282.65, 2329.14
2282.79, 2329.55
2282.93, 2329.95
2283.08, 2330.36
2283.22, 2330.77
2283.36, 2331.17
2283.5, 2331.58
2283.64, 2331.99
2283.78, 2332.39
2283.93, 2332.8
2284.07, 2333.21
2284.21, 2333.61
2284.35, 2334.02
2284.49, 2334.43
2284.63, 2334.83
2284.78, 2335.24
2284.92, 2335.65
2285.06, 2336.05
2285.2, 2336.46
2285.34, 2336.87
2285.49, 2337.28
2285.63, 2337.68
2285.77, 2338.09
2285.91, 2338.5
2286.05, 2338.91
2286.19, 2339.31
2286.34, 2339.72
2286.48, 2340.13
2286.62, 2340.53
2286.76, 2340.94
2286.9, 2341.35
2287.05, 2341.76
2287.19, 2342.16
2287.33, 2342.57
2287.47, 2342.98
2287.61, 2343.38
2287.75, 2343.79
2287.92, 2344.3
2288.06, 2344.7
2288.19, 2345.11
2288.32, 2345.52

waypoints
x, y
2279.25, 2319.39
2279.39, 2319.8
2279.54, 2320.2
2279.68, 2320.61
2279.82, 2321.02
2279.96, 2321.42
2280.1, 2321.83
2280.25, 2322.24
2280.39, 2322.64
2280.53, 2323.05
2280.67, 2323.46
2280.81, 2323.87
2280.95, 2324.27
2281.1, 2324.68
2281.24, 2325.09
2281.38, 2325.49
2281.52, 2325.9
2281.66, 2326.3
2281.8, 2326.71
2281.95, 2327.11
2282.09, 2327.52
2282.23, 2327.93
2282.37, 2328.33
2282.51, 2328.74
2282.65, 2329.14
2282.79, 2329.55
2282.93, 2329.95
2283.08, 2330.36
2283.22, 2330.77
2283.36, 2331.17
2283.5, 2331.58
2283.64, 2331.99
2283.78, 2332.39
2283.93, 2332.8
2284.07, 2333.21
2284.21, 2333.61
2284.35, 2334.02
2284.49, 2334.43
2284.63, 2334.83
2284.78, 2335.24
2284.92, 2335.65
2285.06, 2336.05
2285.2, 2336.46
2285.34, 2336.87
2285.49, 2337.28
2285.63, 2337.68
2285.77, 2338.09
2285.91, 2338.5
2286.05, 2338.91
2286.19, 2339.31
2286.34, 2339.72
2286.48, 2340.13
2286.62, 2340.53
2286.76, 2340.94
2286.9, 2341.35
2287.05, 2341.76
2287.19, 2342.16
2287.33, 2342.57
2287.47, 2342.98
2287.61, 2343.38
2287.75, 2343.79
2287.92, 2344.3
2288.06, 2344.7
2288.19, 2345.11
2288.32, 2345.52

waypoints
x, y
2279.82, 2321.02
2279.96, 2321.42
2280.1, 2321.83
2280.25, 2322.24
2280.39, 2322.64
2280.53, 2323.05
2280.67, 2323.46
2280.81, 2323.87
2280.95, 2324.27
2281.1, 2324.68
2281.24, 2325.09
2281.38, 2325.49
2281.52, 2325.9
2281.66, 2326.3
2281.8, 2326.71
2281.95, 2327.11
2282.09, 2327.52
2282.23, 2327.93
2282.37, 2328.33
2282.51, 2328.74
2282.65, 2329.14
2282.79, 2329.55
2282.93, 2329.95
2283.08, 2330.36
2283.22, 2330.77
2283.36, 2331.17
2283.5, 2331.58
2283.64, 2331.99
2283.78, 2332.39
2283.93, 2332.8
2284.07, 2333.21
2284.21, 2333.61
2284.35, 2334.02
2284.49, 2334.43
2284.63, 2334.83
2284.78, 2335.24
2284.92, 2335.65
2285.06, 2336.05
2285.2, 2336.46
2285.34, 2336.87
2285.49, 2337.28
2285.63, 2337.68
2285.77, 2338.09
2285.91, 2338.5
2286.05, 2338.91
2286.19, 2339.31
2286.34, 2339.72
2286.48, 2340.13
2286.62, 2340.53
2286.76, 2340.94
2286.9, 2341.35
2287.05, 2341.76
2287.19, 2342.16
2287.33, 2342.57
2287.47, 2342.98
2287.61, 2343.38
2287.75, 2343.79
2287.92, 2344.3
2288.06, 2344.7
2288.19, 2345.11
2288.32, 2345.52

waypoints
x, y
2280.39, 2322.64
2280.53, 2323.05
2280.67, 2323.46
2280.81, 2323.87
2280.95, 2324.27
2281.1, 2324.68
2281.24, 2325.09
2281.38, 2325.49
2281.52, 2325.9
2281.66, 2326.3
2281.8, 2326.71
2281.95, 2327.11
2282.09, 2327.52
2282.23, 2327.93
2282.37, 2328.33
2282.51, 2328.74
2282.65, 2329.14
2282.79, 2329.55
2282.93, 2329.95
2283.08, 2330.36
2283.22, 2330.77
2283.36, 2331.17
2283.5, 2331.58
2283.64, 2331.99
2283.78, 2332.39
2283.93, 2332.8
2284.07, 2333.21
2284.21, 2333.61
2284.35, 2334.02
2284.49, 2334.43
2284.63, 2334.83
2284.78, 2335.24
2284.92, 2335.65
2285.06, 2336.05
2285.2, 2336.46
2285.34, 2336.87
2285.49, 2337.28
2285.63, 2337.68
2285.77, 2338.09
2285.91, 2338.5
2286.05, 2338.91
2286.19, 2339.31
2286.34, 2339.72
2286.48, 2340.13
2286.62, 2340.53
2286.76, 2340.94
2286.9, 2341.35
2287.05, 2341.76
2287.19, 2342.16
2287.33, 2342.57
2287.47, 2342.98
2287.61, 2343.38
2287.75, 2343.79
2287.92, 2344.3
2288.06, 2344.7
2288.19, 2345.11
2288.32, 2345.52

waypoints
x, y
2280.81, 2323.87
2280.95, 2324.27
2281.1, 2324.68
2281.24, 2325.09
2281.38, 2325.49
2281.52, 2325.9
2281.66, 2326.3
2281.8, 2326.71
2281.95, 2327.11
2282.09, 2327.52
2282.23, 2327.93
2282.37, 2328.33
2282.51, 2328.74
2282.65, 2329.14
2282.79, 2329.55
2282.93, 2329.95
2283.08, 2330.36
2283.22, 2330.77
2283.36, 2331.17
2283.5, 2331.58
2283.64, 2331.99
2283.78, 2332.39
2283.93, 2332.8
2284.07, 2333.21
2284.21, 2333.61
2284.35, 2334.02
2284.49, 2334.43
2284.63, 2334.83
2284.78, 2335.24
2284.92, 2335.65
2285.06, 2336.05
2285.2, 2336.46
2285.34, 2336.87
2285.49, 2337.28
2285.63, 2337.68
2285.77, 2338.09
2285.91, 2338.5
2286.05, 2338.91
2286.19, 2339.31
2286.34, 2339.72
2286.48, 2340.13
2286.62, 2340.53
2286.76, 2340.94
2286.9, 2341.35
2287.05, 2341.76
2287.19, 2342.16
2287.33, 2342.57
2287.47, 2342.98
2287.61, 2343.38
2287.75, 2343.79
2287.92, 2344.3
2288.06, 2344.7
2288.19, 2345.11
2288.32, 2345.52

waypoints
x, y
2281.24, 2325.09
2281.38, 2325.49
2281.52, 2325.9
2281.66, 2326.3
2281.8, 2326.71
2281.95, 2327.11
2282.09, 2327.52
2282.23, 2327.93
2282.37, 2328.33
2282.51, 2328.74
2282.65, 2329.14
2282.79, 2329.55
2282.93, 2329.95
2283.08, 2330.36
2283.22, 2330.77
2283.36, 2331.17
2283.5, 2331.58
2283.64, 2331.99
2283.78, 2332.39
2283.93, 2332.8
2284.07, 2333.21
2284.21, 2333.61
2284.35, 2334.02
2284.49, 2334.43
2284.63, 2334.83
2284.78, 2335.24
2284.92, 2335.65
2285.06, 2336.05
2285.2, 2336.46
2285.34, 2336.87
2285.49, 2337.28
2285.63, 2337.68
2285.77, 2338.09
2285.91, 2338.5
2286.05, 2338.91
2286.19, 2339.31
2286.34, 2339.72
2286.48, 2340.13
2286.62, 2340.53
2286.76, 2340.94
2286.9, 2341.35
2287.05, 2341.76
2287.19, 2342.16
2287.33, 2342.57
2287.47, 2342.98
2287.61, 2343.38
2287.75, 2343.79
2287.92, 2344.3
2288.06, 2344.7
2288.19, 2345.11
2288.32, 2345.52

waypoints
x, y
2281.8, 2326.71
2281.95, 2327.11
2282.09, 2327.52
2282.23, 2327.93
2282.37, 2328.33
2282.51, 2328.74
2282.65, 2329.14
2282.79, 2329.55
2282.93, 2329.95
2283.08, 2330.36
2283.22, 2330.77
2283.36, 2331.17
2283.5, 2331.58
2283.64, 2331.99
2283.78, 2332.39
2283.93, 2332.8
2284.07, 2333.21
2284.21, 2333.61
2284.35, 2334.02
2284.49, 2334.43
2284.63, 2334.83
2284.78, 2335.24
2284.92, 2335.65
2285.06, 2336.05
2285.2, 2336.46
2285.34, 2336.87
2285.49, 2337.28
2285.63, 2337.68
2285.77, 2338.09
2285.91, 2338.5
2286.05, 2338.91
2286.19, 2339.31
2286.34, 2339.72
2286.48, 2340.13
2286.62, 2340.53
2286.76, 2340.94
2286.9, 2341.35
2287.05, 2341.76
2287.19, 2342.16
2287.33, 2342.57
2287.47, 2342.98
2287.61, 2343.38
2287.75, 2343.79
2287.92, 2344.3
2288.06, 2344.7
2288.19, 2345.11
2288.32, 2345.52
2288.46, 2346.04
2288.59, 2346.45
2288.72, 2346.86
2288.85, 2347.27
2288.97, 2347.68
2289.08, 2348.1
2289.19, 2348.52
2289.28, 2348.94
2289.37, 2349.36
2289.45, 2349.79
2289.53, 2350.21
2289.59, 2350.65
2289.65, 2351.08
2289.69, 2351.52
2289.73, 2351.96
2289.76, 2352.4
2289.79, 2352.85
2289.8, 2353.3
2289.82, 2353.75
2289.82, 2354.2
2289.82, 2354.65
2289.82, 2355.1
2289.82, 2355.56
2289.81, 2356.01
2289.81, 2356.47
2289.8, 2356.93
2289.8, 2357.38
2289.79, 2357.84
2289.79, 2358.29
2289.79, 2358.74
2289.8, 2359.19
2289.81, 2359.64
2289.83, 2360.09
2289.85, 2360.54
2289.89, 2360.98
2289.92, 2361.42
2289.97, 2361.86
2290.03, 2362.3
2290.09, 2362.73
2290.16, 2363.16
2290.24, 2363.58
2290.33, 2364.01
2290.43, 2364.43
2290.54, 2364.85
2290.65, 2365.26
2290.77, 2365.68
2290.89, 2366.09
2291.02, 2366.5
2291.16, 2366.91

waypoints
x, y
2282.23, 2327.93
2282.37, 2328.33
2282.51, 2328.74
2282.65, 2329.14
2282.79, 2329.55
2282.93, 2329.95
2283.08, 2330.36
2283.22, 2330.77
2283.36, 2331.17
2283.5, 2331.58
2283.64, 2331.99
2283.78, 2332.39
2283.93, 2332.8
2284.07, 2333.21
2284.21, 2333.61
2284.35, 2334.02
2284.49, 2334.43
2284.63, 2334.83
2284.78, 2335.24
2284.92, 2335.65
2285.06, 2336.05
2285.2, 2336.46
2285.34, 2336.87
2285.49, 2337.28
2285.63, 2337.68
2285.77, 2338.09
2285.91, 2338.5
2286.05, 2338.91
2286.19, 2339.31
2286.34, 2339.72
2286.48, 2340.13
2286.62, 2340.53
2286.76, 2340.94
2286.9, 2341.35
2287.05, 2341.76
2287.19, 2342.16
2287.33, 2342.57
2287.47, 2342.98
2287.61, 2343.38
2287.75, 2343.79
2287.92, 2344.3
2288.06, 2344.7
2288.19, 2345.11
2288.32, 2345.52
2288.46, 2346.04
2288.59, 2346.45
2288.72, 2346.86
2288.85, 2347.27
2288.97, 2347.68
2289.08, 2348.1
2289.19, 2348.52
2289.28, 2348.94
2289.37, 2349.36
2289.45, 2349.79
2289.53, 2350.22
2289.59, 2350.65
2289.64, 2351.08
2289.69, 2351.52
2289.73, 2351.96
2289.76, 2352.4
2289.79, 2352.85
2289.8, 2353.3
2289.82, 2353.74
2289.82, 2354.2
2289.82, 2354.65
2289.82, 2355.1
2289.82, 2355.56
2289.81, 2356.01
2289.81, 2356.47
2289.8, 2356.93
2289.8, 2357.38
2289.79, 2357.84
2289.79, 2358.29
2289.79, 2358.74
2289.8, 2359.19
2289.81, 2359.64
2289.83, 2360.09
2289.85, 2360.54
2289.89, 2360.98
2289.92, 2361.42
2289.97, 2361.86
2290.03, 2362.3
2290.09, 2362.73
2290.16, 2363.16
2290.24, 2363.58
2290.33, 2364.01
2290.43, 2364.43
2290.54, 2364.85
2290.65, 2365.26
2290.77, 2365.68
2290.89, 2366.09
2291.02, 2366.5
2291.16, 2366.91

waypoints
x, y
2282.79, 2329.55
2282.93, 2329.95
2283.08, 2330.36
2283.22, 2330.77
2283.36, 2331.17
2283.5, 2331.58
2283.64, 2331.99
2283.78, 2332.39
2283.93, 2332.8
2284.07, 2333.21
2284.21, 2333.61
2284.35, 2334.02
2284.49, 2334.43
2284.63, 2334.83
2284.78, 2335.24
2284.92, 2335.65
2285.06, 2336.05
2285.2, 2336.46
2285.34, 2336.87
2285.49, 2337.28
2285.63, 2337.68
2285.77, 2338.09
2285.91, 2338.5
2286.05, 2338.91
2286.19, 2339.31
2286.34, 2339.72
2286.48, 2340.13
2286.62, 2340.53
2286.76, 2340.94
2286.9, 2341.35
2287.05, 2341.76
2287.19, 2342.16
2287.33, 2342.57
2287.47, 2342.98
2287.61, 2343.38
2287.75, 2343.79
2287.92, 2344.3
2288.06, 2344.7
2288.19, 2345.11
2288.32, 2345.52
2288.46, 2346.04
2288.59, 2346.45
2288.72, 2346.86
2288.85, 2347.27
2288.97, 2347.68
2289.08, 2348.1
2289.19, 2348.52
2289.28, 2348.94
2289.37, 2349.36
2289.45, 2349.79
2289.53, 2350.22
2289.59, 2350.65
2289.64, 2351.08
2289.69, 2351.52
2289.73, 2351.96
2289.76, 2352.4
2289.79, 2352.85
2289.8, 2353.3
2289.82, 2353.74
2289.82, 2354.2
2289.82, 2354.65
2289.82, 2355.1
2289.82, 2355.56
2289.81, 2356.01
2289.81, 2356.47
2289.8, 2356.93
2289.8, 2357.38
2289.79, 2357.84
2289.79, 2358.29
2289.79, 2358.74
2289.8, 2359.19
2289.81, 2359.64
2289.83, 2360.09
2289.85, 2360.54
2289.89, 2360.98
2289.92, 2361.42
2289.97, 2361.86
2290.03, 2362.3
2290.09, 2362.73
2290.16, 2363.16
2290.24, 2363.58
2290.33, 2364.01
2290.43, 2364.43
2290.54, 2364.85
2290.65, 2365.26
2290.77, 2365.68
2290.89, 2366.09
2291.02, 2366.5
2291.16, 2366.91

waypoints
x, y
2283.36, 2331.17
2283.5, 2331.58
2283.64, 2331.99
2283.78, 2332.39
2283.93, 2332.8
2284.07, 2333.21
2284.21, 2333.61
2284.35, 2334.02
2284.49, 2334.43
2284.63, 2334.83
2284.78, 2335.24
2284.92, 2335.65
2285.06, 2336.05
2285.2, 2336.46
2285.34, 2336.87
2285.49, 2337.28
2285.63, 2337.68
2285.77, 2338.09
2285.91, 2338.5
2286.05, 2338.91
2286.19, 2339.31
2286.34, 2339.72
2286.48, 2340.13
2286.62, 2340.53
2286.76, 2340.94
2286.9, 2341.35
2287.05, 2341.76
2287.19, 2342.16
2287.33, 2342.57
2287.47, 2342.98
2287.61, 2343.38
2287.75, 2343.79
2287.92, 2344.3
2288.06, 2344.7
2288.19, 2345.11
2288.32, 2345.52
2288.46, 2346.04
2288.59, 2346.45
2288.72, 2346.86
2288.85, 2347.27
2288.97, 2347.68
2289.08, 2348.1
2289.19, 2348.52
2289.28, 2348.94
2289.37, 2349.36
2289.45, 2349.79
2289.53, 2350.22
2289.59, 2350.65
2289.64, 2351.08
2289.69, 2351.52
2289.73, 2351.96
2289.76, 2352.4
2289.79, 2352.85
2289.8, 2353.3
2289.82, 2353.74
2289.82, 2354.2
2289.82, 2354.65
2289.82, 2355.1
2289.82, 2355.56
2289.81, 2356.01
2289.81, 2356.47
2289.8, 2356.93
2289.8, 2357.38
2289.79, 2357.84
2289.79, 2358.29
2289.79, 2358.74
2289.8, 2359.19
2289.81, 2359.64
2289.83, 2360.09
2289.85, 2360.54
2289.89, 2360.98
2289.92, 2361.42
2289.97, 2361.86
2290.03, 2362.3
2290.09, 2362.73
2290.16, 2363.16
2290.24, 2363.58
2290.33, 2364.01
2290.43, 2364.43
2290.54, 2364.85
2290.65, 2365.26
2290.77, 2365.68
2290.89, 2366.09
2291.02, 2366.5
2291.16, 2366.91

waypoints
x, y
2283.93, 2332.8
2284.07, 2333.21
2284.21, 2333.61
2284.35, 2334.02
2284.49, 2334.43
2284.63, 2334.83
2284.78, 2335.24
2284.92, 2335.65
2285.06, 2336.05
2285.2, 2336.46
2285.34, 2336.87
2285.49, 2337.28
2285.63, 2337.68
2285.77, 2338.09
2285.91, 2338.5
2286.05, 2338.91
2286.19, 2339.31
2286.34, 2339.72
2286.48, 2340.13
2286.62, 2340.53
2286.76, 2340.94
2286.9, 2341.35
2287.05, 2341.76
2287.19, 2342.16
2287.33, 2342.57
2287.47, 2342.98
2287.61, 2343.38
2287.75, 2343.79
2287.92, 2344.3
2288.06, 2344.7
2288.19, 2345.11
2288.32, 2345.52
2288.46, 2346.04
2288.59, 2346.45
2288.72, 2346.86
2288.85, 2347.27
2288.97, 2347.68
2289.08, 2348.1
2289.19, 2348.52
2289.28, 2348.94
2289.37, 2349.36
2289.45, 2349.79
2289.53, 2350.22
2289.59, 2350.65
2289.64, 2351.08
2289.69, 2351.52
2289.73, 2351.96
2289.76, 2352.4
2289.79, 2352.85
2289.8, 2353.3
2289.82, 2353.74
2289.82, 2354.2
2289.82, 2354.65
2289.82, 2355.1
2289.82, 2355.56
2289.81, 2356.01
2289.81, 2356.47
2289.8, 2356.93
2289.8, 2357.38
2289.79, 2357.84
2289.79, 2358.29
2289.79, 2358.74
2289.8, 2359.19
2289.81, 2359.64
2289.83, 2360.09
2289.85, 2360.54
2289.89, 2360.98
2289.92, 2361.42
2289.97, 2361.86
2290.03, 2362.3
2290.09, 2362.73
2290.16, 2363.16
2290.24, 2363.58
2290.33, 2364.01
2290.43, 2364.43
2290.54, 2364.85
2290.65, 2365.26
2290.77, 2365.68
2290.89, 2366.09
2291.02, 2366.5
2291.16, 2366.91

waypoints
x, y
2284.49, 2334.43
2284.63, 2334.83
2284.78, 2335.24
2284.92, 2335.65
2285.06, 2336.05
2285.2, 2336.46
2285.34, 2336.87
2285.49, 2337.28
2285.63, 2337.68
2285.77, 2338.09
2285.91, 2338.5
2286.05, 2338.91
2286.19, 2339.31
2286.34, 2339.72
2286.48, 2340.13
2286.62, 2340.53
2286.76, 2340.94
2286.9, 2341.35
2287.05, 2341.76
2287.19, 2342.16
2287.33, 2342.57
2287.47, 2342.98
2287.61, 2343.38
2287.75, 2343.79
2287.92, 2344.3
2288.06, 2344.7
2288.19, 2345.11
2288.32, 2345.52
2288.46, 2346.04
2288.59, 2346.45
2288.72, 2346.86
2288.85, 2347.27
2288.97, 2347.68
2289.08, 2348.1
2289.19, 2348.52
2289.28, 2348.94
2289.37, 2349.36
2289.45, 2349.79
2289.53, 2350.22
2289.59, 2350.65
2289.64, 2351.08
2289.69, 2351.52
2289.73, 2351.96
2289.76, 2352.4
2289.79, 2352.85
2289.8, 2353.3
2289.82, 2353.74
2289.82, 2354.2
2289.82, 2354.65
2289.82, 2355.1
2289.82, 2355.56
2289.81, 2356.01
2289.81, 2356.47
2289.8, 2356.93
2289.8, 2357.38
2289.79, 2357.84
2289.79, 2358.29
2289.79, 2358.74
2289.8, 2359.19
2289.81, 2359.64
2289.83, 2360.09
2289.85, 2360.54
2289.89, 2360.98
2289.92, 2361.42
2289.97, 2361.86
2290.03, 2362.3
2290.09, 2362.73
2290.16, 2363.16
2290.24, 2363.58
2290.33, 2364.01
2290.43, 2364.43
2290.54, 2364.85
2290.65, 2365.26
2290.77, 2365.68
2290.89, 2366.09
2291.02, 2366.5
2291.16, 2366.91

waypoints
x, y
2285.06, 2336.05
2285.2, 2336.46
2285.34, 2336.87
2285.49, 2337.28
2285.63, 2337.68
2285.77, 2338.09
2285.91, 2338.5
2286.05, 2338.91
2286.19, 2339.31
2286.34, 2339.72
2286.48, 2340.13
2286.62, 2340.53
2286.76, 2340.94
2286.9, 2341.35
2287.05, 2341.76
2287.19, 2342.16
2287.33, 2342.57
2287.47, 2342.98
2287.61, 2343.38
2287.75, 2343.79
2287.92, 2344.3
2288.06, 2344.7
2288.19, 2345.11
2288.32, 2345.52
2288.46, 2346.04
2288.59, 2346.45
2288.72, 2346.86
2288.85, 2347.27
2288.97, 2347.68
2289.08, 2348.1
2289.19, 2348.52
2289.28, 2348.94
2289.37, 2349.36
2289.45, 2349.79
2289.53, 2350.22
2289.59, 2350.65
2289.64, 2351.08
2289.69, 2351.52
2289.73, 2351.96
2289.76, 2352.4
2289.79, 2352.85
2289.8, 2353.3
2289.82, 2353.74
2289.82, 2354.2
2289.82, 2354.65
2289.82, 2355.1
2289.82, 2355.56
2289.81, 2356.01
2289.81, 2356.47
2289.8, 2356.93
2289.8, 2357.38
2289.79, 2357.84
2289.79, 2358.29
2289.79, 2358.74
2289.8, 2359.19
2289.81, 2359.64
2289.83, 2360.09
2289.85, 2360.54
2289.89, 2360.98
2289.92, 2361.42
2289.97, 2361.86
2290.03, 2362.3
2290.09, 2362.73
2290.16, 2363.16
2290.24, 2363.58
2290.33, 2364.01
2290.43, 2364.43
2290.54, 2364.85
2290.65, 2365.26
2290.77, 2365.68
2290.89, 2366.09
2291.02, 2366.5
2291.16, 2366.91

waypoints
x, y
2285.49, 2337.28
2285.63, 2337.68
2285.77, 2338.09
2285.91, 2338.5
2286.05, 2338.91
2286.19, 2339.31
2286.34, 2339.72
2286.48, 2340.13
2286.62, 2340.53
2286.76, 2340.94
2286.9, 2341.35
2287.05, 2341.76
2287.19, 2342.16
2287.33, 2342.57
2287.47, 2342.98
2287.61, 2343.38
2287.75, 2343.79
2287.92, 2344.3
2288.06, 2344.7
2288.19, 2345.11
2288.32, 2345.52
2288.46, 2346.04
2288.59, 2346.45
2288.72, 2346.86
2288.85, 2347.27
2288.97, 2347.68
2289.08, 2348.1
2289.19, 2348.52
2289.28, 2348.94
2289.37, 2349.36
2289.45, 2349.79
2289.53, 2350.22
2289.59, 2350.65
2289.64, 2351.08
2289.69, 2351.52
2289.73, 2351.96
2289.76, 2352.4
2289.79, 2352.85
2289.8, 2353.3
2289.82, 2353.74
2289.82, 2354.2
2289.82, 2354.65
2289.82, 2355.1
2289.82, 2355.56
2289.81, 2356.01
2289.81, 2356.47
2289.8, 2356.93
2289.8, 2357.38
2289.79, 2357.84
2289.79, 2358.29
2289.79, 2358.74
2289.8, 2359.19
2289.81, 2359.64
2289.83, 2360.09
2289.85, 2360.54
2289.89, 2360.98
2289.92, 2361.42
2289.97, 2361.86
2290.03, 2362.3
2290.09, 2362.73
2290.16, 2363.16
2290.24, 2363.58
2290.33, 2364.01
2290.43, 2364.43
2290.54, 2364.85
2290.65, 2365.26
2290.77, 2365.68
2290.89, 2366.09
2291.02, 2366.5
2291.16, 2366.91

waypoints
x, y
2286.05, 2338.91
2286.19, 2339.31
2286.34, 2339.72
2286.48, 2340.13
2286.62, 2340.53
2286.76, 2340.94
2286.9, 2341.35
2287.05, 2341.76
2287.19, 2342.16
2287.33, 2342.57
2287.47, 2342.98
2287.61, 2343.38
2287.75, 2343.79
2287.92, 2344.3
2288.06, 2344.7
2288.19, 2345.11
2288.32, 2345.52
2288.46, 2346.04
2288.59, 2346.45
2288.72, 2346.86
2288.85, 2347.27
2288.97, 2347.68
2289.08, 2348.1
2289.19, 2348.52
2289.28, 2348.94
2289.37, 2349.36
2289.45, 2349.79
2289.53, 2350.22
2289.59, 2350.65
2289.64, 2351.08
2289.69, 2351.52
2289.73, 2351.96
2289.76, 2352.4
2289.79, 2352.85
2289.8, 2353.3
2289.82, 2353.74
2289.82, 2354.2
2289.82, 2354.65
2289.82, 2355.1
2289.82, 2355.56
2289.81, 2356.01
2289.81, 2356.47
2289.8, 2356.93
2289.8, 2357.38
2289.79, 2357.84
2289.79, 2358.29
2289.79, 2358.74
2289.8, 2359.19
2289.81, 2359.64
2289.83, 2360.09
2289.85, 2360.54
2289.89, 2360.98
2289.92, 2361.42
2289.97, 2361.86
2290.03, 2362.3
2290.09, 2362.73
2290.16, 2363.16
2290.24, 2363.58
2290.33, 2364.01
2290.43, 2364.43
2290.54, 2364.85
2290.65, 2365.26
2290.77, 2365.68
2290.89, 2366.09
2291.02, 2366.5
2291.16, 2366.91

waypoints
x, y
2286.62, 2340.53
2286.76, 2340.94
2286.9, 2341.35
2287.05, 2341.76
2287.19, 2342.16
2287.33, 2342.57
2287.47, 2342.98
2287.61, 2343.38
2287.75, 2343.79
2287.92, 2344.3
2288.06, 2344.7
2288.19, 2345.11
2288.32, 2345.52
2288.46, 2346.04
2288.59, 2346.45
2288.72, 2346.86
2288.85, 2347.27
2288.97, 2347.68
2289.08, 2348.1
2289.19, 2348.52
2289.28, 2348.94
2289.37, 2349.36
2289.45, 2349.79
2289.53, 2350.22
2289.59, 2350.65
2289.64, 2351.08
2289.69, 2351.52
2289.73, 2351.96
2289.76, 2352.4
2289.79, 2352.85
2289.8, 2353.3
2289.82, 2353.74
2289.82, 2354.2
2289.82, 2354.65
2289.82, 2355.1
2289.82, 2355.56
2289.81, 2356.01
2289.81, 2356.47
2289.8, 2356.93
2289.8, 2357.38
2289.79, 2357.84
2289.79, 2358.29
2289.79, 2358.74
2289.8, 2359.19
2289.81, 2359.64
2289.83, 2360.09
2289.85, 2360.54
2289.89, 2360.98
2289.92, 2361.42
2289.97, 2361.86
2290.03, 2362.3
2290.09, 2362.73
2290.16, 2363.16
2290.24, 2363.58
2290.33, 2364.01
2290.43, 2364.43
2290.54, 2364.85
2290.65, 2365.26
2290.77, 2365.68
2290.89, 2366.09
2291.02, 2366.5
2291.16, 2366.91

waypoints
x, y
2287.19, 2342.16
2287.33, 2342.57
2287.47, 2342.98
2287.61, 2343.38
2287.75, 2343.79
2287.92, 2344.3
2288.06, 2344.7
2288.19, 2345.11
2288.32, 2345.52
2288.46, 2346.04
2288.59, 2346.45
2288.72, 2346.86
2288.85, 2347.27
2288.97, 2347.68
2289.08, 2348.1
2289.19, 2348.52
2289.28, 2348.94
2289.37, 2349.36
2289.45, 2349.79
2289.53, 2350.22
2289.59, 2350.65
2289.64, 2351.08
2289.69, 2351.52
2289.73, 2351.96
2289.76, 2352.4
2289.79, 2352.85
2289.8, 2353.3
2289.82, 2353.74
2289.82, 2354.2
2289.82, 2354.65
2289.82, 2355.1
2289.82, 2355.56
2289.81, 2356.01
2289.81, 2356.47
2289.8, 2356.93
2289.8, 2357.38
2289.79, 2357.84
2289.79, 2358.29
2289.79, 2358.74
2289.8, 2359.19
2289.81, 2359.64
2289.83, 2360.09
2289.85, 2360.54
2289.89, 2360.98
2289.92, 2361.42
2289.97, 2361.86
2290.03, 2362.3
2290.09, 2362.73
2290.16, 2363.16
2290.24, 2363.58
2290.33, 2364.01
2290.43, 2364.43
2290.54, 2364.85
2290.65, 2365.26
2290.77, 2365.68
2290.89, 2366.09
2291.02, 2366.5
2291.16, 2366.91

waypoints
x, y
2287.75, 2343.79
2287.92, 2344.3
2288.06, 2344.7
2288.19, 2345.11
2288.32, 2345.52
2288.46, 2346.04
2288.59, 2346.45
2288.72, 2346.86
2288.85, 2347.27
2288.97, 2347.68
2289.08, 2348.1
2289.19, 2348.52
2289.28, 2348.94
2289.37, 2349.36
2289.45, 2349.79
2289.53, 2350.22
2289.59, 2350.65
2289.64, 2351.08
2289.69, 2351.52
2289.73, 2351.96
2289.76, 2352.4
2289.79, 2352.85
2289.8, 2353.3
2289.82, 2353.74
2289.82, 2354.2
2289.82, 2354.65
2289.82, 2355.1
2289.82, 2355.56
2289.81, 2356.01
2289.81, 2356.47
2289.8, 2356.93
2289.8, 2357.38
2289.79, 2357.84
2289.79, 2358.29
2289.79, 2358.74
2289.8, 2359.19
2289.81, 2359.64
2289.83, 2360.09
2289.85, 2360.54
2289.89, 2360.98
2289.92, 2361.42
2289.97, 2361.86
2290.03, 2362.3
2290.09, 2362.73
2290.16, 2363.16
2290.24, 2363.58
2290.33, 2364.01
2290.43, 2364.43
2290.54, 2364.85
2290.65, 2365.26
2290.77, 2365.68
2290.89, 2366.09
2291.02, 2366.5
2291.16, 2366.91

waypoints
x, y
2288.32, 2345.52
2288.46, 2346.04
2288.59, 2346.45
2288.72, 2346.86
2288.85, 2347.27
2288.97, 2347.68
2289.08, 2348.1
2289.19, 2348.52
2289.28, 2348.94
2289.37, 2349.36
2289.45, 2349.79
2289.53, 2350.22
2289.59, 2350.65
2289.64, 2351.08
2289.69, 2351.52
2289.73, 2351.96
2289.76, 2352.4
2289.79, 2352.85
2289.8, 2353.3
2289.82, 2353.74
2289.82, 2354.2
2289.82, 2354.65
2289.82, 2355.1
2289.82, 2355.56
2289.81, 2356.01
2289.81, 2356.47
2289.8, 2356.93
2289.8, 2357.38
2289.79, 2357.84
2289.79, 2358.29
2289.79, 2358.74
2289.8, 2359.19
2289.81, 2359.64
2289.83, 2360.09
2289.85, 2360.54
2289.89, 2360.98
2289.92, 2361.42
2289.97, 2361.86
2290.03, 2362.3
2290.09, 2362.73
2290.16, 2363.16
2290.24, 2363.58
2290.33, 2364.01
2290.43, 2364.43
2290.54, 2364.85
2290.65, 2365.26
2290.77, 2365.68
2290.89, 2366.09
2291.02, 2366.5
2291.16, 2366.91

waypoints
x, y
2288.85, 2347.27
2288.97, 2347.68
2289.08, 2348.1
2289.19, 2348.52
2289.28, 2348.94
2289.37, 2349.36
2289.45, 2349.79
2289.53, 2350.22
2289.59, 2350.65
2289.64, 2351.08
2289.69, 2351.52
2289.73, 2351.96
2289.76, 2352.4
2289.79, 2352.85
2289.8, 2353.3
2289.82, 2353.74
2289.82, 2354.2
2289.82, 2354.65
2289.82, 2355.1
2289.82, 2355.56
2289.81, 2356.01
2289.81, 2356.47
2289.8, 2356.93
2289.8, 2357.38
2289.79, 2357.84
2289.79, 2358.29
2289.79, 2358.74
2289.8, 2359.19
2289.81, 2359.64
2289.83, 2360.09
2289.85, 2360.54
2289.89, 2360.98
2289.92, 2361.42
2289.97, 2361.86
2290.03, 2362.3
2290.09, 2362.73
2290.16, 2363.16
2290.24, 2363.58
2290.33, 2364.01
2290.43, 2364.43
2290.54, 2364.85
2290.65, 2365.26
2290.77, 2365.68
2290.89, 2366.09
2291.02, 2366.5
2291.16, 2366.91
2291.29, 2367.32
2291.42, 2367.73
2291.56, 2368.14
2291.69, 2368.54
2291.83, 2368.95
2291.96, 2369.36
2292.1, 2369.77
2292.23, 2370.18
2292.37, 2370.59
2292.5, 2370.99
2292.63, 2371.4
2292.77, 2371.81
2292.9, 2372.22
2293.04, 2372.63
2293.17, 2373.04
2293.31, 2373.45
2293.44, 2373.86
2293.58, 2374.27
2293.71, 2374.67
2293.85, 2375.08
2293.98, 2375.49
2294.12, 2375.9
2294.25, 2376.31
2294.39, 2376.72
2294.52, 2377.13
2294.66, 2377.54
2294.79, 2377.95
2294.92, 2378.36
2295.06, 2378.77
2295.19, 2379.18
2295.33, 2379.59
2295.46, 2380
2295.6, 2380.41
2295.73, 2380.82
2295.87, 2381.23
2296, 2381.64
2296.13, 2382.05
2296.27, 2382.45
2296.4, 2382.86
2296.54, 2383.27
2296.67, 2383.68
2296.81, 2384.09
2296.94, 2384.5
2297.07, 2384.91
2297.21, 2385.32
2297.34, 2385.73
2297.48, 2386.14
2297.61, 2386.55
2297.75, 2386.96

waypoints
x, y
2289.28, 2348.94
2289.37, 2349.36
2289.45, 2349.79
2289.53, 2350.22
2289.59, 2350.65
2289.64, 2351.08
2289.69, 2351.52
2289.73, 2351.96
2289.76, 2352.4
2289.79, 2352.85
2289.8, 2353.3
2289.82, 2353.74
2289.82, 2354.2
2289.82, 2354.65
2289.82, 2355.1
2289.82, 2355.56
2289.81, 2356.01
2289.81, 2356.47
2289.8, 2356.93
2289.8, 2357.38
2289.79, 2357.84
2289.79, 2358.29
2289.79, 2358.74
2289.8, 2359.19
2289.81, 2359.64
2289.83, 2360.09
2289.85, 2360.54
2289.89, 2360.98
2289.92, 2361.42
2289.97, 2361.86
2290.03, 2362.3
2290.09, 2362.73
2290.16, 2363.16
2290.24, 2363.58
2290.33, 2364.01
2290.43, 2364.43
2290.54, 2364.85
2290.65, 2365.26
2290.77, 2365.68
2290.89, 2366.09
2291.02, 2366.5
2291.16, 2366.91
2291.29, 2367.32
2291.43, 2367.73
2291.56, 2368.14
2291.69, 2368.54
2291.83, 2368.95
2291.96, 2369.36
2292.1, 2369.77
2292.23, 2370.18
2292.37, 2370.59
2292.5, 2370.99
2292.64, 2371.4
2292.77, 2371.81
2292.9, 2372.22
2293.04, 2372.63
2293.17, 2373.04
2293.31, 2373.45
2293.44, 2373.86
2293.58, 2374.26
2293.71, 2374.67
2293.85, 2375.08
2293.98, 2375.49
2294.12, 2375.9
2294.25, 2376.31
2294.39, 2376.72
2294.52, 2377.13
2294.66, 2377.54
2294.79, 2377.95
2294.93, 2378.36
2295.06, 2378.77
2295.19, 2379.18
2295.33, 2379.59
2295.46, 2380
2295.6, 2380.41
2295.73, 2380.82
2295.86, 2381.23
2296, 2381.64
2296.13, 2382.05
2296.27, 2382.45
2296.4, 2382.86
2296.54, 2383.27
2296.67, 2383.68
2296.8, 2384.09
2296.94, 2384.5
2297.07, 2384.91
2297.21, 2385.32
2297.34, 2385.73
2297.48, 2386.14
2297.61, 2386.55
2297.74, 2386.96

waypoints
x, y
2289.53, 2350.22
2289.59, 2350.65
2289.64, 2351.08
2289.69, 2351.52
2289.73, 2351.96
2289.76, 2352.4
2289.79, 2352.85
2289.8, 2353.3
2289.82, 2353.74
2289.82, 2354.2
2289.82, 2354.65
2289.82, 2355.1
2289.82, 2355.56
2289.81, 2356.01
2289.81, 2356.47
2289.8, 2356.93
2289.8, 2357.38
2289.79, 2357.84
2289.79, 2358.29
2289.79, 2358.74
2289.8, 2359.19
2289.81, 2359.64
2289.83, 2360.09
2289.85, 2360.54
2289.89, 2360.98
2289.92, 2361.42
2289.97, 2361.86
2290.03, 2362.3
2290.09, 2362.73
2290.16, 2363.16
2290.24, 2363.58
2290.33, 2364.01
2290.43, 2364.43
2290.54, 2364.85
2290.65, 2365.26
2290.77, 2365.68
2290.89, 2366.09
2291.02, 2366.5
2291.16, 2366.91
2291.29, 2367.32
2291.43, 2367.73
2291.56, 2368.14
2291.69, 2368.54
2291.83, 2368.95
2291.96, 2369.36
2292.1, 2369.77
2292.23, 2370.18
2292.37, 2370.59
2292.5, 2370.99
2292.64, 2371.4
2292.77, 2371.81
2292.9, 2372.22
2293.04, 2372.63
2293.17, 2373.04
2293.31, 2373.45
2293.44, 2373.86
2293.58, 2374.26
2293.71, 2374.67
2293.85, 2375.08
2293.98, 2375.49
2294.12, 2375.9
2294.25, 2376.31
2294.39, 2376.72
2294.52, 2377.13
2294.66, 2377.54
2294.79, 2377.95
2294.93, 2378.36
2295.06, 2378.77
2295.19, 2379.18
2295.33, 2379.59
2295.46, 2380
2295.6, 2380.41
2295.73, 2380.82
2295.86, 2381.23
2296, 2381.64
2296.13, 2382.05
2296.27, 2382.45
2296.4, 2382.86
2296.54, 2383.27
2296.67, 2383.68
2296.8, 2384.09
2296.94, 2384.5
2297.07, 2384.91
2297.21, 2385.32
2297.34, 2385.73
2297.48, 2386.14
2297.61, 2386.55
2297.74, 2386.96

waypoints
x, y
2289.73, 2351.96
2289.76, 2352.4
2289.79, 2352.85
2289.8, 2353.3
2289.82, 2353.74
2289.82, 2354.2
2289.82, 2354.65
2289.82, 2355.1
2289.82, 2355.56
2289.81, 2356.01
2289.81, 2356.47
2289.8, 2356.93
2289.8, 2357.38
2289.79, 2357.84
2289.79, 2358.29
2289.79, 2358.74
2289.8, 2359.19
2289.81, 2359.64
2289.83, 2360.09
2289.85, 2360.54
2289.89, 2360.98
2289.92, 2361.42
2289.97, 2361.86
2290.03, 2362.3
2290.09, 2362.73
2290.16, 2363.16
2290.24, 2363.58
2290.33, 2364.01
2290.43, 2364.43
2290.54, 2364.85
2290.65, 2365.26
2290.77, 2365.68
2290.89, 2366.09
2291.02, 2366.5
2291.16, 2366.91
2291.29, 2367.32
2291.43, 2367.73
2291.56, 2368.14
2291.69, 2368.54
2291.83, 2368.95
2291.96, 2369.36
2292.1, 2369.77
2292.23, 2370.18
2292.37, 2370.59
2292.5, 2370.99
2292.64, 2371.4
2292.77, 2371.81
2292.9, 2372.22
2293.04, 2372.63
2293.17, 2373.04
2293.31, 2373.45
2293.44, 2373.86
2293.58, 2374.26
2293.71, 2374.67
2293.85, 2375.08
2293.98, 2375.49
2294.12, 2375.9
2294.25, 2376.31
2294.39, 2376.72
2294.52, 2377.13
2294.66, 2377.54
2294.79, 2377.95
2294.93, 2378.36
2295.06, 2378.77
2295.19, 2379.18
2295.33, 2379.59
2295.46, 2380
2295.6, 2380.41
2295.73, 2380.82
2295.86, 2381.23
2296, 2381.64
2296.13, 2382.05
2296.27, 2382.45
2296.4, 2382.86
2296.54, 2383.27
2296.67, 2383.68
2296.8, 2384.09
2296.94, 2384.5
2297.07, 2384.91
2297.21, 2385.32
2297.34, 2385.73
2297.48, 2386.14
2297.61, 2386.55
2297.74, 2386.96

waypoints
x, y
2289.82, 2353.74
2289.82, 2354.2
2289.82, 2354.65
2289.82, 2355.1
2289.82, 2355.56
2289.81, 2356.01
2289.81, 2356.47
2289.8, 2356.93
2289.8, 2357.38
2289.79, 2357.84
2289.79, 2358.29
2289.79, 2358.74
2289.8, 2359.19
2289.81, 2359.64
2289.83, 2360.09
2289.85, 2360.54
2289.89, 2360.98
2289.92, 2361.42
2289.97, 2361.86
2290.03, 2362.3
2290.09, 2362.73
2290.16, 2363.16
2290.24, 2363.58
2290.33, 2364.01
2290.43, 2364.43
2290.54, 2364.85
2290.65, 2365.26
2290.77, 2365.68
2290.89, 2366.09
2291.02, 2366.5
2291.16, 2366.91
2291.29, 2367.32
2291.43, 2367.73
2291.56, 2368.14
2291.69, 2368.54
2291.83, 2368.95
2291.96, 2369.36
2292.1, 2369.77
2292.23, 2370.18
2292.37, 2370.59
2292.5, 2370.99
2292.64, 2371.4
2292.77, 2371.81
2292.9, 2372.22
2293.04, 2372.63
2293.17, 2373.04
2293.31, 2373.45
2293.44, 2373.86
2293.58, 2374.26
2293.71, 2374.67
2293.85, 2375.08
2293.98, 2375.49
2294.12, 2375.9
2294.25, 2376.31
2294.39, 2376.72
2294.52, 2377.13
2294.66, 2377.54
2294.79, 2377.95
2294.93, 2378.36
2295.06, 2378.77
2295.19, 2379.18
2295.33, 2379.59
2295.46, 2380
2295.6, 2380.41
2295.73, 2380.82
2295.86, 2381.23
2296, 2381.64
2296.13, 2382.05
2296.27, 2382.45
2296.4, 2382.86
2296.54, 2383.27
2296.67, 2383.68
2296.8, 2384.09
2296.94, 2384.5
2297.07, 2384.91
2297.21, 2385.32
2297.34, 2385.73
2297.48, 2386.14
2297.61, 2386.55
2297.74, 2386.96

waypoints
x, y
2289.82, 2355.1
2289.82, 2355.56
2289.81, 2356.01
2289.81, 2356.47
2289.8, 2356.93
2289.8, 2357.38
2289.79, 2357.84
2289.79, 2358.29
2289.79, 2358.74
2289.8, 2359.19
2289.81, 2359.64
2289.83, 2360.09
2289.85, 2360.54
2289.89, 2360.98
2289.92, 2361.42
2289.97, 2361.86
2290.03, 2362.3
2290.09, 2362.73
2290.16, 2363.16
2290.24, 2363.58
2290.33, 2364.01
2290.43, 2364.43
2290.54, 2364.85
2290.65, 2365.26
2290.77, 2365.68
2290.89, 2366.09
2291.02, 2366.5
2291.16, 2366.91
2291.29, 2367.32
2291.43, 2367.73
2291.56, 2368.14
2291.69, 2368.54
2291.83, 2368.95
2291.96, 2369.36
2292.1, 2369.77
2292.23, 2370.18
2292.37, 2370.59
2292.5, 2370.99
2292.64, 2371.4
2292.77, 2371.81
2292.9, 2372.22
2293.04, 2372.63
2293.17, 2373.04
2293.31, 2373.45
2293.44, 2373.86
2293.58, 2374.26
2293.71, 2374.67
2293.85, 2375.08
2293.98, 2375.49
2294.12, 2375.9
2294.25, 2376.31
2294.39, 2376.72
2294.52, 2377.13
2294.66, 2377.54
2294.79, 2377.95
2294.93, 2378.36
2295.06, 2378.77
2295.19, 2379.18
2295.33, 2379.59
2295.46, 2380
2295.6, 2380.41
2295.73, 2380.82
2295.86, 2381.23
2296, 2381.64
2296.13, 2382.05
2296.27, 2382.45
2296.4, 2382.86
2296.54, 2383.27
2296.67, 2383.68
2296.8, 2384.09
2296.94, 2384.5
2297.07, 2384.91
2297.21, 2385.32
2297.34, 2385.73
2297.48, 2386.14
2297.61, 2386.55
2297.74, 2386.96

waypoints
x, y
2289.8, 2356.93
2289.8, 2357.38
2289.79, 2357.84
2289.79, 2358.29
2289.79, 2358.74
2289.8, 2359.19
2289.81, 2359.64
2289.83, 2360.09
2289.85, 2360.54
2289.89, 2360.98
2289.92, 2361.42
2289.97, 2361.86
2290.03, 2362.3
2290.09, 2362.73
2290.16, 2363.16
2290.24, 2363.58
2290.33, 2364.01
2290.43, 2364.43
2290.54, 2364.85
2290.65, 2365.26
2290.77, 2365.68
2290.89, 2366.09
2291.02, 2366.5
2291.16, 2366.91
2291.29, 2367.32
2291.43, 2367.73
2291.56, 2368.14
2291.69, 2368.54
2291.83, 2368.95
2291.96, 2369.36
2292.1, 2369.77
2292.23, 2370.18
2292.37, 2370.59
2292.5, 2370.99
2292.64, 2371.4
2292.77, 2371.81
2292.9, 2372.22
2293.04, 2372.63
2293.17, 2373.04
2293.31, 2373.45
2293.44, 2373.86
2293.58, 2374.26
2293.71, 2374.67
2293.85, 2375.08
2293.98, 2375.49
2294.12, 2375.9
2294.25, 2376.31
2294.39, 2376.72
2294.52, 2377.13
2294.66, 2377.54
2294.79, 2377.95
2294.93, 2378.36
2295.06, 2378.77
2295.19, 2379.18
2295.33, 2379.59
2295.46, 2380
2295.6, 2380.41
2295.73, 2380.82
2295.86, 2381.23
2296, 2381.64
2296.13, 2382.05
2296.27, 2382.45
2296.4, 2382.86
2296.54, 2383.27
2296.67, 2383.68
2296.8, 2384.09
2296.94, 2384.5
2297.07, 2384.91
2297.21, 2385.32
2297.34, 2385.73
2297.48, 2386.14
2297.61, 2386.55
2297.74, 2386.96

waypoints
x, y
2289.79, 2358.74
2289.8, 2359.19
2289.81, 2359.64
2289.83, 2360.09
2289.85, 2360.54
2289.89, 2360.98
2289.92, 2361.42
2289.97, 2361.86
2290.03, 2362.3
2290.09, 2362.73
2290.16, 2363.16
2290.24, 2363.58
2290.33, 2364.01
2290.43, 2364.43
2290.54, 2364.85
2290.65, 2365.26
2290.77, 2365.68
2290.89, 2366.09
2291.02, 2366.5
2291.16, 2366.91
2291.29, 2367.32
2291.43, 2367.73
2291.56, 2368.14
2291.69, 2368.54
2291.83, 2368.95
2291.96, 2369.36
2292.1, 2369.77
2292.23, 2370.18
2292.37, 2370.59
2292.5, 2370.99
2292.64, 2371.4
2292.77, 2371.81
2292.9, 2372.22
2293.04, 2372.63
2293.17, 2373.04
2293.31, 2373.45
2293.44, 2373.86
2293.58, 2374.26
2293.71, 2374.67
2293.85, 2375.08
2293.98, 2375.49
2294.12, 2375.9
2294.25, 2376.31
2294.39, 2376.72
2294.52, 2377.13
2294.66, 2377.54
2294.79, 2377.95
2294.93, 2378.36
2295.06, 2378.77
2295.19, 2379.18
2295.33, 2379.59
2295.46, 2380
2295.6, 2380.41
2295.73, 2380.82
2295.86, 2381.23
2296, 2381.64
2296.13, 2382.05
2296.27, 2382.45
2296.4, 2382.86
2296.54, 2383.27
2296.67, 2383.68
2296.8, 2384.09
2296.94, 2384.5
2297.07, 2384.91
2297.21, 2385.32
2297.34, 2385.73
2297.48, 2386.14
2297.61, 2386.55
2297.74, 2386.96

waypoints
x, y
2289.85, 2360.54
2289.89, 2360.98
2289.92, 2361.42
2289.97, 2361.86
2290.03, 2362.3
2290.09, 2362.73
2290.16, 2363.16
2290.24, 2363.58
2290.33, 2364.01
2290.43, 2364.43
2290.54, 2364.85
2290.65, 2365.26
2290.77, 2365.68
2290.89, 2366.09
2291.02, 2366.5
2291.16, 2366.91
2291.29, 2367.32
2291.43, 2367.73
2291.56, 2368.14
2291.69, 2368.54
2291.83, 2368.95
2291.96, 2369.36
2292.1, 2369.77
2292.23, 2370.18
2292.37, 2370.59
2292.5, 2370.99
2292.64, 2371.4
2292.77, 2371.81
2292.9, 2372.22
2293.04, 2372.63
2293.17, 2373.04
2293.31, 2373.45
2293.44, 2373.86
2293.58, 2374.26
2293.71, 2374.67
2293.85, 2375.08
2293.98, 2375.49
2294.12, 2375.9
2294.25, 2376.31
2294.39, 2376.72
2294.52, 2377.13
2294.66, 2377.54
2294.79, 2377.95
2294.93, 2378.36
2295.06, 2378.77
2295.19, 2379.18
2295.33, 2379.59
2295.46, 2380
2295.6, 2380.41
2295.73, 2380.82
2295.86, 2381.23
2296, 2381.64
2296.13, 2382.05
2296.27, 2382.45
2296.4, 2382.86
2296.54, 2383.27
2296.67, 2383.68
2296.8, 2384.09
2296.94, 2384.5
2297.07, 2384.91
2297.21, 2385.32
2297.34, 2385.73
2297.48, 2386.14
2297.61, 2386.55
2297.74, 2386.96

waypoints
x, y
2289.97, 2361.86
2290.03, 2362.3
2290.09, 2362.73
2290.16, 2363.16
2290.24, 2363.58
2290.33, 2364.01
2290.43, 2364.43
2290.54, 2364.85
2290.65, 2365.26
2290.77, 2365.68
2290.89, 2366.09
2291.02, 2366.5
2291.16, 2366.91
2291.29, 2367.32
2291.43, 2367.73
2291.56, 2368.14
2291.69, 2368.54
2291.83, 2368.95
2291.96, 2369.36
2292.1, 2369.77
2292.23, 2370.18
2292.37, 2370.59
2292.5, 2370.99
2292.64, 2371.4
2292.77, 2371.81
2292.9, 2372.22
2293.04, 2372.63
2293.17, 2373.04
2293.31, 2373.45
2293.44, 2373.86
2293.58, 2374.26
2293.71, 2374.67
2293.85, 2375.08
2293.98, 2375.49
2294.12, 2375.9
2294.25, 2376.31
2294.39, 2376.72
2294.52, 2377.13
2294.66, 2377.54
2294.79, 2377.95
2294.93, 2378.36
2295.06, 2378.77
2295.19, 2379.18
2295.33, 2379.59
2295.46, 2380
2295.6, 2380.41
2295.73, 2380.82
2295.86, 2381.23
2296, 2381.64
2296.13, 2382.05
2296.27, 2382.45
2296.4, 2382.86
2296.54, 2383.27
2296.67, 2383.68
2296.8, 2384.09
2296.94, 2384.5
2297.07, 2384.91
2297.21, 2385.32
2297.34, 2385.73
2297.48, 2386.14
2297.61, 2386.55
2297.74, 2386.96

waypoints
x, y
2290.33, 2364.01
2290.43, 2364.43
2290.54, 2364.85
2290.65, 2365.26
2290.77, 2365.68
2290.89, 2366.09
2291.02, 2366.5
2291.16, 2366.91
2291.29, 2367.32
2291.43, 2367.73
2291.56, 2368.14
2291.69, 2368.54
2291.83, 2368.95
2291.96, 2369.36
2292.1, 2369.77
2292.23, 2370.18
2292.37, 2370.59
2292.5, 2370.99
2292.64, 2371.4
2292.77, 2371.81
2292.9, 2372.22
2293.04, 2372.63
2293.17, 2373.04
2293.31, 2373.45
2293.44, 2373.86
2293.58, 2374.26
2293.71, 2374.67
2293.85, 2375.08
2293.98, 2375.49
2294.12, 2375.9
2294.25, 2376.31
2294.39, 2376.72
2294.52, 2377.13
2294.66, 2377.54
2294.79, 2377.95
2294.93, 2378.36
2295.06, 2378.77
2295.19, 2379.18
2295.33, 2379.59
2295.46, 2380
2295.6, 2380.41
2295.73, 2380.82
2295.86, 2381.23
2296, 2381.64
2296.13, 2382.05
2296.27, 2382.45
2296.4, 2382.86
2296.54, 2383.27
2296.67, 2383.68
2296.8, 2384.09
2296.94, 2384.5
2297.07, 2384.91
2297.21, 2385.32
2297.34, 2385.73
2297.48, 2386.14
2297.61, 2386.55
2297.74, 2386.96

waypoints
x, y
2290.65, 2365.26
2290.77, 2365.68
2290.89, 2366.09
2291.02, 2366.5
2291.16, 2366.91
2291.29, 2367.32
2291.43, 2367.73
2291.56, 2368.14
2291.69, 2368.54
2291.83, 2368.95
2291.96, 2369.36
2292.1, 2369.77
2292.23, 2370.18
2292.37, 2370.59
2292.5, 2370.99
2292.64, 2371.4
2292.77, 2371.81
2292.9, 2372.22
2293.04, 2372.63
2293.17, 2373.04
2293.31, 2373.45
2293.44, 2373.86
2293.58, 2374.26
2293.71, 2374.67
2293.85, 2375.08
2293.98, 2375.49
2294.12, 2375.9
2294.25, 2376.31
2294.39, 2376.72
2294.52, 2377.13
2294.66, 2377.54
2294.79, 2377.95
2294.93, 2378.36
2295.06, 2378.77
2295.19, 2379.18
2295.33, 2379.59
2295.46, 2380
2295.6, 2380.41
2295.73, 2380.82
2295.86, 2381.23
2296, 2381.64
2296.13, 2382.05
2296.27, 2382.45
2296.4, 2382.86
2296.54, 2383.27
2296.67, 2383.68
2296.8, 2384.09
2296.94, 2384.5
2297.07, 2384.91
2297.21, 2385.32
2297.34, 2385.73
2297.48, 2386.14
2297.61, 2386.55
2297.74, 2386.96

waypoints
x, y
2291.16, 2366.91
2291.29, 2367.32
2291.43, 2367.73
2291.56, 2368.14
2291.69, 2368.54
2291.83, 2368.95
2291.96, 2369.36
2292.1, 2369.77
2292.23, 2370.18
2292.37, 2370.59
2292.5, 2370.99
2292.64, 2371.4
2292.77, 2371.81
2292.9, 2372.22
2293.04, 2372.63
2293.17, 2373.04
2293.31, 2373.45
2293.44, 2373.86
2293.58, 2374.26
2293.71, 2374.67
2293.85, 2375.08
2293.98, 2375.49
2294.12, 2375.9
2294.25, 2376.31
2294.39, 2376.72
2294.52, 2377.13
2294.66, 2377.54
2294.79, 2377.95
2294.93, 2378.36
2295.06, 2378.77
2295.19, 2379.18
2295.33, 2379.59
2295.46, 2380
2295.6, 2380.41
2295.73, 2380.82
2295.86, 2381.23
2296, 2381.64
2296.13, 2382.05
2296.27, 2382.45
2296.4, 2382.86
2296.54, 2383.27
2296.67, 2383.68
2296.8, 2384.09
2296.94, 2384.5
2297.07, 2384.91
2297.21, 2385.32
2297.34, 2385.73
2297.48, 2386.14
2297.61, 2386.55
2297.74, 2386.96

waypoints
x, y
2291.69, 2368.54
2291.83, 2368.95
2291.96, 2369.36
2292.1, 2369.77
2292.23, 2370.18
2292.37, 2370.59
2292.5, 2370.99
2292.64, 2371.4
2292.77, 2371.81
2292.9, 2372.22
2293.04, 2372.63
2293.17, 2373.04
2293.31, 2373.45
2293.44, 2373.86
2293.58, 2374.26
2293.71, 2374.67
2293.85, 2375.08
2293.98, 2375.49
2294.12, 2375.9
2294.25, 2376.31
2294.39, 2376.72
2294.52, 2377.13
2294.66, 2377.54
2294.79, 2377.95
2294.93, 2378.36
2295.06, 2378.77
2295.19, 2379.18
2295.33, 2379.59
2295.46, 2380
2295.6, 2380.41
2295.73, 2380.82
2295.86, 2381.23
2296, 2381.64
2296.13, 2382.05
2296.27, 2382.45
2296.4, 2382.86
2296.54, 2383.27
2296.67, 2383.68
2296.8, 2384.09
2296.94, 2384.5
2297.07, 2384.91
2297.21, 2385.32
2297.34, 2385.73
2297.48, 2386.14
2297.61, 2386.55
2297.74, 2386.96
2297.88, 2387.36
2298.01, 2387.77
2298.15, 2388.18
2298.28, 2388.59
2298.41, 2389
2298.55, 2389.4
2298.68, 2389.81
2298.82, 2390.22
2298.95, 2390.63
2299.08, 2391.04
2299.22, 2391.45
2299.35, 2391.86
2299.49, 2392.26
2299.62, 2392.67
2299.76, 2393.08
2299.89, 2393.49
2300.02, 2393.9
2300.16, 2394.31
2300.29, 2394.72
2300.43, 2395.13
2300.56, 2395.54
2300.7, 2395.95
2300.83, 2396.36
2300.96, 2396.77
2301.1, 2397.18
2301.23, 2397.58
2301.37, 2397.99
2301.5, 2398.4
2301.64, 2398.81
2301.77, 2399.22
2301.9, 2399.63
2302.04, 2400.04
2302.17, 2400.45
2302.31, 2400.86
2302.44, 2401.27
2302.58, 2401.68
2302.71, 2402.09
2302.85, 2402.5
2302.98, 2402.91
2303.11, 2403.32
2303.25, 2403.73
2303.38, 2404.14
2303.52, 2404.55
2303.65, 2404.96
2303.79, 2405.37
2303.92, 2405.78
2304.05, 2406.18
2304.19, 2406.59
2304.32, 2407

waypoints
x, y
2292.23, 2370.18
2292.37, 2370.59
2292.5, 2370.99
2292.64, 2371.4
2292.77, 2371.81
2292.9, 2372.22
2293.04, 2372.63
2293.17, 2373.04
2293.31, 2373.45
2293.44, 2373.86
2293.58, 2374.26
2293.71, 2374.67
2293.85, 2375.08
2293.98, 2375.49
2294.12, 2375.9
2294.25, 2376.31
2294.39, 2376.72
2294.52, 2377.13
2294.66, 2377.54
2294.79, 2377.95
2294.93, 2378.36
2295.06, 2378.77
2295.19, 2379.18
2295.33, 2379.59
2295.46, 2380
2295.6, 2380.41
2295.73, 2380.82
2295.86, 2381.23
2296, 2381.64
2296.13, 2382.05
2296.27, 2382.45
2296.4, 2382.86
2296.54, 2383.27
2296.67, 2383.68
2296.8, 2384.09
2296.94, 2384.5
2297.07, 2384.91
2297.21, 2385.32
2297.34, 2385.73
2297.48, 2386.14
2297.61, 2386.55
2297.74, 2386.96
2297.88, 2387.36
2298.01, 2387.77
2298.15, 2388.18
2298.28, 2388.59
2298.41, 2389
2298.55, 2389.41
2298.68, 2389.81
2298.82, 2390.22
2298.95, 2390.63
2299.08, 2391.04
2299.22, 2391.45
2299.35, 2391.86
2299.49, 2392.26
2299.62, 2392.67
2299.76, 2393.08
2299.89, 2393.49
2300.02, 2393.9
2300.16, 2394.31
2300.29, 2394.72
2300.43, 2395.13
2300.56, 2395.54
2300.7, 2395.95
2300.83, 2396.36
2300.96, 2396.77
2301.1, 2397.18
2301.23, 2397.59
2301.37, 2397.99
2301.5, 2398.4
2301.64, 2398.81
2301.77, 2399.22
2301.91, 2399.63
2302.04, 2400.04
2302.17, 2400.45
2302.31, 2400.86
2302.44, 2401.27
2302.58, 2401.68
2302.71, 2402.09
2302.84, 2402.5
2302.98, 2402.91
2303.11, 2403.32
2303.25, 2403.73
2303.38, 2404.14
2303.52, 2404.55
2303.65, 2404.96
2303.79, 2405.37
2303.92, 2405.78
2304.05, 2406.18
2304.19, 2406.59
2304.32, 2407

waypoints
x, y
2292.77, 2371.81
2292.9, 2372.22
2293.04, 2372.63
2293.17, 2373.04
2293.31, 2373.45
2293.44, 2373.86
2293.58, 2374.26
2293.71, 2374.67
2293.85, 2375.08
2293.98, 2375.49
2294.12, 2375.9
2294.25, 2376.31
2294.39, 2376.72
2294.52, 2377.13
2294.66, 2377.54
2294.79, 2377.95
2294.93, 2378.36
2295.06, 2378.77
2295.19, 2379.18
2295.33, 2379.59
2295.46, 2380
2295.6, 2380.41
2295.73, 2380.82
2295.86, 2381.23
2296, 2381.64
2296.13, 2382.05
2296.27, 2382.45
2296.4, 2382.86
2296.54, 2383.27
2296.67, 2383.68
2296.8, 2384.09
2296.94, 2384.5
2297.07, 2384.91
2297.21, 2385.32
2297.34, 2385.73
2297.48, 2386.14
2297.61, 2386.55
2297.74, 2386.96
2297.88, 2387.36
2298.01, 2387.77
2298.15, 2388.18
2298.28, 2388.59
2298.41, 2389
2298.55, 2389.41
2298.68, 2389.81
2298.82, 2390.22
2298.95, 2390.63
2299.08, 2391.04
2299.22, 2391.45
2299.35, 2391.86
2299.49, 2392.26
2299.62, 2392.67
2299.76, 2393.08
2299.89, 2393.49
2300.02, 2393.9
2300.16, 2394.31
2300.29, 2394.72
2300.43, 2395.13
2300.56, 2395.54
2300.7, 2395.95
2300.83, 2396.36
2300.96, 2396.77
2301.1, 2397.18
2301.23, 2397.59
2301.37, 2397.99
2301.5, 2398.4
2301.64, 2398.81
2301.77, 2399.22
2301.91, 2399.63
2302.04, 2400.04
2302.17, 2400.45
2302.31, 2400.86
2302.44, 2401.27
2302.58, 2401.68
2302.71, 2402.09
2302.84, 2402.5
2302.98, 2402.91
2303.11, 2403.32
2303.25, 2403.73
2303.38, 2404.14
2303.52, 2404.55
2303.65, 2404.96
2303.79, 2405.37
2303.92, 2405.78
2304.05, 2406.18
2304.19, 2406.59
2304.32, 2407

waypoints
x, y
2293.17, 2373.04
2293.31, 2373.45
2293.44, 2373.86
2293.58, 2374.26
2293.71, 2374.67
2293.85, 2375.08
2293.98, 2375.49
2294.12, 2375.9
2294.25, 2376.31
2294.39, 2376.72
2294.52, 2377.13
2294.66, 2377.54
2294.79, 2377.95
2294.93, 2378.36
2295.06, 2378.77
2295.19, 2379.18
2295.33, 2379.59
2295.46, 2380
2295.6, 2380.41
2295.73, 2380.82
2295.86, 2381.23
2296, 2381.64
2296.13, 2382.05
2296.27, 2382.45
2296.4, 2382.86
2296.54, 2383.27
2296.67, 2383.68
2296.8, 2384.09
2296.94, 2384.5
2297.07, 2384.91
2297.21, 2385.32
2297.34, 2385.73
2297.48, 2386.14
2297.61, 2386.55
2297.74, 2386.96
2297.88, 2387.36
2298.01, 2387.77
2298.15, 2388.18
2298.28, 2388.59
2298.41, 2389
2298.55, 2389.41
2298.68, 2389.81
2298.82, 2390.22
2298.95, 2390.63
2299.08, 2391.04
2299.22, 2391.45
2299.35, 2391.86
2299.49, 2392.26
2299.62, 2392.67
2299.76, 2393.08
2299.89, 2393.49
2300.02, 2393.9
2300.16, 2394.31
2300.29, 2394.72
2300.43, 2395.13
2300.56, 2395.54
2300.7, 2395.95
2300.83, 2396.36
2300.96, 2396.77
2301.1, 2397.18
2301.23, 2397.59
2301.37, 2397.99
2301.5, 2398.4
2301.64, 2398.81
2301.77, 2399.22
2301.91, 2399.63
2302.04, 2400.04
2302.17, 2400.45
2302.31, 2400.86
2302.44, 2401.27
2302.58, 2401.68
2302.71, 2402.09
2302.84, 2402.5
2302.98, 2402.91
2303.11, 2403.32
2303.25, 2403.73
2303.38, 2404.14
2303.52, 2404.55
2303.65, 2404.96
2303.79, 2405.37
2303.92, 2405.78
2304.05, 2406.18
2304.19, 2406.59
2304.32, 2407

waypoints
x, y
2293.71, 2374.67
2293.85, 2375.08
2293.98, 2375.49
2294.12, 2375.9
2294.25, 2376.31
2294.39, 2376.72
2294.52, 2377.13
2294.66, 2377.54
2294.79, 2377.95
2294.93, 2378.36
2295.06, 2378.77
2295.19, 2379.18
2295.33, 2379.59
2295.46, 2380
2295.6, 2380.41
2295.73, 2380.82
2295.86, 2381.23
2296, 2381.64
2296.13, 2382.05
2296.27, 2382.45
2296.4, 2382.86
2296.54, 2383.27
2296.67, 2383.68
2296.8, 2384.09
2296.94, 2384.5
2297.07, 2384.91
2297.21, 2385.32
2297.34, 2385.73
2297.48, 2386.14
2297.61, 2386.55
2297.74, 2386.96
2297.88, 2387.36
2298.01, 2387.77
2298.15, 2388.18
2298.28, 2388.59
2298.41, 2389
2298.55, 2389.41
2298.68, 2389.81
2298.82, 2390.22
2298.95, 2390.63
2299.08, 2391.04
2299.22, 2391.45
2299.35, 2391.86
2299.49, 2392.26
2299.62, 2392.67
2299.76, 2393.08
2299.89, 2393.49
2300.02, 2393.9
2300.16, 2394.31
2300.29, 2394.72
2300.43, 2395.13
2300.56, 2395.54
2300.7, 2395.95
2300.83, 2396.36
2300.96, 2396.77
2301.1, 2397.18
2301.23, 2397.59
2301.37, 2397.99
2301.5, 2398.4
2301.64, 2398.81
2301.77, 2399.22
2301.91, 2399.63
2302.04, 2400.04
2302.17, 2400.45
2302.31, 2400.86
2302.44, 2401.27
2302.58, 2401.68
2302.71, 2402.09
2302.84, 2402.5
2302.98, 2402.91
2303.11, 2403.32
2303.25, 2403.73
2303.38, 2404.14
2303.52, 2404.55
2303.65, 2404.96
2303.79, 2405.37
2303.92, 2405.78
2304.05, 2406.18
2304.19, 2406.59
2304.32, 2407

waypoints
x, y
2294.12, 2375.9
2294.25, 2376.31
2294.39, 2376.72
2294.52, 2377.13
2294.66, 2377.54
2294.79, 2377.95
2294.93, 2378.36
2295.06, 2378.77
2295.19, 2379.18
2295.33, 2379.59
2295.46, 2380
2295.6, 2380.41
2295.73, 2380.82
2295.86, 2381.23
2296, 2381.64
2296.13, 2382.05
2296.27, 2382.45
2296.4, 2382.86
2296.54, 2383.27
2296.67, 2383.68
2296.8, 2384.09
2296.94, 2384.5
2297.07, 2384.91
2297.21, 2385.32
2297.34, 2385.73
2297.48, 2386.14
2297.61, 2386.55
2297.74, 2386.96
2297.88, 2387.36
2298.01, 2387.77
2298.15, 2388.18
2298.28, 2388.59
2298.41, 2389
2298.55, 2389.41
2298.68, 2389.81
2298.82, 2390.22
2298.95, 2390.63
2299.08, 2391.04
2299.22, 2391.45
2299.35, 2391.86
2299.49, 2392.26
2299.62, 2392.67
2299.76, 2393.08
2299.89, 2393.49
2300.02, 2393.9
2300.16, 2394.31
2300.29, 2394.72
2300.43, 2395.13
2300.56, 2395.54
2300.7, 2395.95
2300.83, 2396.36
2300.96, 2396.77
2301.1, 2397.18
2301.23, 2397.59
2301.37, 2397.99
2301.5, 2398.4
2301.64, 2398.81
2301.77, 2399.22
2301.91, 2399.63
2302.04, 2400.04
2302.17, 2400.45
2302.31, 2400.86
2302.44, 2401.27
2302.58, 2401.68
2302.71, 2402.09
2302.84, 2402.5
2302.98, 2402.91
2303.11, 2403.32
2303.25, 2403.73
2303.38, 2404.14
2303.52, 2404.55
2303.65, 2404.96
2303.79, 2405.37
2303.92, 2405.78
2304.05, 2406.18
2304.19, 2406.59
2304.32, 2407

waypoints
x, y
2294.66, 2377.54
2294.79, 2377.95
2294.93, 2378.36
2295.06, 2378.77
2295.19, 2379.18
2295.33, 2379.59
2295.46, 2380
2295.6, 2380.41
2295.73, 2380.82
2295.86, 2381.23
2296, 2381.64
2296.13, 2382.05
2296.27, 2382.45
2296.4, 2382.86
2296.54, 2383.27
2296.67, 2383.68
2296.8, 2384.09
2296.94, 2384.5
2297.07, 2384.91
2297.21, 2385.32
2297.34, 2385.73
2297.48, 2386.14
2297.61, 2386.55
2297.74, 2386.96
2297.88, 2387.36
2298.01, 2387.77
2298.15, 2388.18
2298.28, 2388.59
2298.41, 2389
2298.55, 2389.41
2298.68, 2389.81
2298.82, 2390.22
2298.95, 2390.63
2299.08, 2391.04
2299.22, 2391.45
2299.35, 2391.86
2299.49, 2392.26
2299.62, 2392.67
2299.76, 2393.08
2299.89, 2393.49
2300.02, 2393.9
2300.16, 2394.31
2300.29, 2394.72
2300.43, 2395.13
2300.56, 2395.54
2300.7, 2395.95
2300.83, 2396.36
2300.96, 2396.77
2301.1, 2397.18
2301.23, 2397.59
2301.37, 2397.99
2301.5, 2398.4
2301.64, 2398.81
2301.77, 2399.22
2301.91, 2399.63
2302.04, 2400.04
2302.17, 2400.45
2302.31, 2400.86
2302.44, 2401.27
2302.58, 2401.68
2302.71, 2402.09
2302.84, 2402.5
2302.98, 2402.91
2303.11, 2403.32
2303.25, 2403.73
2303.38, 2404.14
2303.52, 2404.55
2303.65, 2404.96
2303.79, 2405.37
2303.92, 2405.78
2304.05, 2406.18
2304.19, 2406.59
2304.32, 2407

waypoints
x, y
2295.19, 2379.18
2295.33, 2379.59
2295.46, 2380
2295.6, 2380.41
2295.73, 2380.82
2295.86, 2381.23
2296, 2381.64
2296.13, 2382.05
2296.27, 2382.45
2296.4, 2382.86
2296.54, 2383.27
2296.67, 2383.68
2296.8, 2384.09
2296.94, 2384.5
2297.07, 2384.91
2297.21, 2385.32
2297.34, 2385.73
2297.48, 2386.14
2297.61, 2386.55
2297.74, 2386.96
2297.88, 2387.36
2298.01, 2387.77
2298.15, 2388.18
2298.28, 2388.59
2298.41, 2389
2298.55, 2389.41
2298.68, 2389.81
2298.82, 2390.22
2298.95, 2390.63
2299.08, 2391.04
2299.22, 2391.45
2299.35, 2391.86
2299.49, 2392.26
2299.62, 2392.67
2299.76, 2393.08
2299.89, 2393.49
2300.02, 2393.9
2300.16, 2394.31
2300.29, 2394.72
2300.43, 2395.13
2300.56, 2395.54
2300.7, 2395.95
2300.83, 2396.36
2300.96, 2396.77
2301.1, 2397.18
2301.23, 2397.59
2301.37, 2397.99
2301.5, 2398.4
2301.64, 2398.81
2301.77, 2399.22
2301.91, 2399.63
2302.04, 2400.04
2302.17, 2400.45
2302.31, 2400.86
2302.44, 2401.27
2302.58, 2401.68
2302.71, 2402.09
2302.84, 2402.5
2302.98, 2402.91
2303.11, 2403.32
2303.25, 2403.73
2303.38, 2404.14
2303.52, 2404.55
2303.65, 2404.96
2303.79, 2405.37
2303.92, 2405.78
2304.05, 2406.18
2304.19, 2406.59
2304.32, 2407

waypoints
x, y
2295.73, 2380.82
2295.86, 2381.23
2296, 2381.64
2296.13, 2382.05
2296.27, 2382.45
2296.4, 2382.86
2296.54, 2383.27
2296.67, 2383.68
2296.8, 2384.09
2296.94, 2384.5
2297.07, 2384.91
2297.21, 2385.32
2297.34, 2385.73
2297.48, 2386.14
2297.61, 2386.55
2297.74, 2386.96
2297.88, 2387.36
2298.01, 2387.77
2298.15, 2388.18
2298.28, 2388.59
2298.41, 2389
2298.55, 2389.41
2298.68, 2389.81
2298.82, 2390.22
2298.95, 2390.63
2299.08, 2391.04
2299.22, 2391.45
2299.35, 2391.86
2299.49, 2392.26
2299.62, 2392.67
2299.76, 2393.08
2299.89, 2393.49
2300.02, 2393.9
2300.16, 2394.31
2300.29, 2394.72
2300.43, 2395.13
2300.56, 2395.54
2300.7, 2395.95
2300.83, 2396.36
2300.96, 2396.77
2301.1, 2397.18
2301.23, 2397.59
2301.37, 2397.99
2301.5, 2398.4
2301.64, 2398.81
2301.77, 2399.22
2301.91, 2399.63
2302.04, 2400.04
2302.17, 2400.45
2302.31, 2400.86
2302.44, 2401.27
2302.58, 2401.68
2302.71, 2402.09
2302.84, 2402.5
2302.98, 2402.91
2303.11, 2403.32
2303.25, 2403.73
2303.38, 2404.14
2303.52, 2404.55
2303.65, 2404.96
2303.79, 2405.37
2303.92, 2405.78
2304.05, 2406.18
2304.19, 2406.59
2304.32, 2407

waypoints
x, y
2296.27, 2382.45
2296.4, 2382.86
2296.54, 2383.27
2296.67, 2383.68
2296.8, 2384.09
2296.94, 2384.5
2297.07, 2384.91
2297.21, 2385.32
2297.34, 2385.73
2297.48, 2386.14
2297.61, 2386.55
2297.74, 2386.96
2297.88, 2387.36
2298.01, 2387.77
2298.15, 2388.18
2298.28, 2388.59
2298.41, 2389
2298.55, 2389.41
2298.68, 2389.81
2298.82, 2390.22
2298.95, 2390.63
2299.08, 2391.04
2299.22, 2391.45
2299.35, 2391.86
2299.49, 2392.26
2299.62, 2392.67
2299.76, 2393.08
2299.89, 2393.49
2300.02, 2393.9
2300.16, 2394.31
2300.29, 2394.72
2300.43, 2395.13
2300.56, 2395.54
2300.7, 2395.95
2300.83, 2396.36
2300.96, 2396.77
2301.1, 2397.18
2301.23, 2397.59
2301.37, 2397.99
2301.5, 2398.4
2301.64, 2398.81
2301.77, 2399.22
2301.91, 2399.63
2302.04, 2400.04
2302.17, 2400.45
2302.31, 2400.86
2302.44, 2401.27
2302.58, 2401.68
2302.71, 2402.09
2302.84, 2402.5
2302.98, 2402.91
2303.11, 2403.32
2303.25, 2403.73
2303.38, 2404.14
2303.52, 2404.55
2303.65, 2404.96
2303.79, 2405.37
2303.92, 2405.78
2304.05, 2406.18
2304.19, 2406.59
2304.32, 2407

waypoints
x, y
2296.8, 2384.09
2296.94, 2384.5
2297.07, 2384.91
2297.21, 2385.32
2297.34, 2385.73
2297.48, 2386.14
2297.61, 2386.55
2297.74, 2386.96
2297.88, 2387.36
2298.01, 2387.77
2298.15, 2388.18
2298.28, 2388.59
2298.41, 2389
2298.55, 2389.41
2298.68, 2389.81
2298.82, 2390.22
2298.95, 2390.63
2299.08, 2391.04
2299.22, 2391.45
2299.35, 2391.86
2299.49, 2392.26
2299.62, 2392.67
2299.76, 2393.08
2299.89, 2393.49
2300.02, 2393.9
2300.16, 2394.31
2300.29, 2394.72
2300.43, 2395.13
2300.56, 2395.54
2300.7, 2395.95
2300.83, 2396.36
2300.96, 2396.77
2301.1, 2397.18
2301.23, 2397.59
2301.37, 2397.99
2301.5, 2398.4
2301.64, 2398.81
2301.77, 2399.22
2301.91, 2399.63
2302.04, 2400.04
2302.17, 2400.45
2302.31, 2400.86
2302.44, 2401.27
2302.58, 2401.68
2302.71, 2402.09
2302.84, 2402.5
2302.98, 2402.91
2303.11, 2403.32
2303.25, 2403.73
2303.38, 2404.14
2303.52, 2404.55
2303.65, 2404.96
2303.79, 2405.37
2303.92, 2405.78
2304.05, 2406.18
2304.19, 2406.59
2304.32, 2407

waypoints
x, y
2297.21, 2385.32
2297.34, 2385.73
2297.48, 2386.14
2297.61, 2386.55
2297.74, 2386.96
2297.88, 2387.36
2298.01, 2387.77
2298.15, 2388.18
2298.28, 2388.59
2298.41, 2389
2298.55, 2389.41
2298.68, 2389.81
2298.82, 2390.22
2298.95, 2390.63
2299.08, 2391.04
2299.22, 2391.45
2299.35, 2391.86
2299.49, 2392.26
2299.62, 2392.67
2299.76, 2393.08
2299.89, 2393.49
2300.02, 2393.9
2300.16, 2394.31
2300.29, 2394.72
2300.43, 2395.13
2300.56, 2395.54
2300.7, 2395.95
2300.83, 2396.36
2300.96, 2396.77
2301.1, 2397.18
2301.23, 2397.59
2301.37, 2397.99
2301.5, 2398.4
2301.64, 2398.81
2301.77, 2399.22
2301.91, 2399.63
2302.04, 2400.04
2302.17, 2400.45
2302.31, 2400.86
2302.44, 2401.27
2302.58, 2401.68
2302.71, 2402.09
2302.84, 2402.5
2302.98, 2402.91
2303.11, 2403.32
2303.25, 2403.73
2303.38, 2404.14
2303.52, 2404.55
2303.65, 2404.96
2303.79, 2405.37
2303.92, 2405.78
2304.05, 2406.18
2304.19, 2406.59
2304.32, 2407

waypoints
x, y
2297.74, 2386.96
2297.88, 2387.36
2298.01, 2387.77
2298.15, 2388.18
2298.28, 2388.59
2298.41, 2389
2298.55, 2389.41
2298.68, 2389.81
2298.82, 2390.22
2298.95, 2390.63
2299.08, 2391.04
2299.22, 2391.45
2299.35, 2391.86
2299.49, 2392.26
2299.62, 2392.67
2299.76, 2393.08
2299.89, 2393.49
2300.02, 2393.9
2300.16, 2394.31
2300.29, 2394.72
2300.43, 2395.13
2300.56, 2395.54
2300.7, 2395.95
2300.83, 2396.36
2300.96, 2396.77
2301.1, 2397.18
2301.23, 2397.59
2301.37, 2397.99
2301.5, 2398.4
2301.64, 2398.81
2301.77, 2399.22
2301.91, 2399.63
2302.04, 2400.04
2302.17, 2400.45
2302.31, 2400.86
2302.44, 2401.27
2302.58, 2401.68
2302.71, 2402.09
2302.84, 2402.5
2302.98, 2402.91
2303.11, 2403.32
2303.25, 2403.73
2303.38, 2404.14
2303.52, 2404.55
2303.65, 2404.96
2303.79, 2405.37
2303.92, 2405.78
2304.05, 2406.18
2304.19, 2406.59
2304.32, 2407

waypoints
x, y
2298.28, 2388.59
2298.41, 2389
2298.55, 2389.41
2298.68, 2389.81
2298.82, 2390.22
2298.95, 2390.63
2299.08, 2391.04
2299.22, 2391.45
2299.35, 2391.86
2299.49, 2392.26
2299.62, 2392.67
2299.76, 2393.08
2299.89, 2393.49
2300.02, 2393.9
2300.16, 2394.31
2300.29, 2394.72
2300.43, 2395.13
2300.56, 2395.54
2300.7, 2395.95
2300.83, 2396.36
2300.96, 2396.77
2301.1, 2397.18
2301.23, 2397.59
2301.37, 2397.99
2301.5, 2398.4
2301.64, 2398.81
2301.77, 2399.22
2301.91, 2399.63
2302.04, 2400.04
2302.17, 2400.45
2302.31, 2400.86
2302.44, 2401.27
2302.58, 2401.68
2302.71, 2402.09
2302.84, 2402.5
2302.98, 2402.91
2303.11, 2403.32
2303.25, 2403.73
2303.38, 2404.14
2303.52, 2404.55
2303.65, 2404.96
2303.79, 2405.37
2303.92, 2405.78
2304.05, 2406.18
2304.19, 2406.59
2304.32, 2407
2304.46, 2407.41
2304.59, 2407.82
2304.72, 2408.23
2304.86, 2408.64
2304.99, 2409.04
2305.13, 2409.45
2305.26, 2409.86
2305.39, 2410.27
2305.53, 2410.68
2305.7, 2411.27
2305.79, 2411.69
2305.89, 2412.11
2305.98, 2412.52
2306.08, 2412.94
2306.18, 2413.36
2306.27, 2413.78
2306.37, 2414.2
2306.46, 2414.62
2306.56, 2415.04
2306.66, 2415.46
2306.75, 2415.88
2306.85, 2416.3
2306.95, 2416.72
2307.04, 2417.14
2307.14, 2417.56
2307.23, 2417.98
2307.33, 2418.4
2307.43, 2418.82
2307.52, 2419.24
2307.62, 2419.66
2307.71, 2420.09
2307.81, 2420.51
2307.91, 2420.93
2308, 2421.35
2308.1, 2421.77
2308.2, 2422.19
2308.29, 2422.61
2308.39, 2423.03
2308.48, 2423.45
2308.58, 2423.87
2308.68, 2424.29
2308.77, 2424.71
2308.87, 2425.13
2308.96, 2425.55
2309.06, 2425.97
2309.16, 2426.39
2309.25, 2426.81
2309.35, 2427.23
2309.44, 2427.65

waypoints
x, y
2298.82, 2390.22
2298.95, 2390.63
2299.08, 2391.04
2299.22, 2391.45
2299.35, 2391.86
2299.49, 2392.26
2299.62, 2392.67
2299.76, 2393.08
2299.89, 2393.49
2300.02, 2393.9
2300.16, 2394.31
2300.29, 2394.72
2300.43, 2395.13
2300.56, 2395.54
2300.7, 2395.95
2300.83, 2396.36
2300.96, 2396.77
2301.1, 2397.18
2301.23, 2397.59
2301.37, 2397.99
2301.5, 2398.4
2301.64, 2398.81
2301.77, 2399.22
2301.91, 2399.63
2302.04, 2400.04
2302.17, 2400.45
2302.31, 2400.86
2302.44, 2401.27
2302.58, 2401.68
2302.71, 2402.09
2302.84, 2402.5
2302.98, 2402.91
2303.11, 2403.32
2303.25, 2403.73
2303.38, 2404.14
2303.52, 2404.55
2303.65, 2404.96
2303.79, 2405.37
2303.92, 2405.78
2304.05, 2406.18
2304.19, 2406.59
2304.32, 2407
2304.46, 2407.41
2304.59, 2407.82
2304.72, 2408.23
2304.86, 2408.64
2304.99, 2409.04
2305.13, 2409.45
2305.26, 2409.86
2305.39, 2410.27
2305.53, 2410.68
2305.7, 2411.27
2305.79, 2411.69
2305.89, 2412.11
2305.99, 2412.53
2306.08, 2412.94
2306.18, 2413.36
2306.27, 2413.78
2306.37, 2414.2
2306.47, 2414.62
2306.56, 2415.04
2306.66, 2415.46
2306.75, 2415.88
2306.85, 2416.3
2306.95, 2416.72
2307.04, 2417.14
2307.14, 2417.56
2307.23, 2417.98
2307.33, 2418.4
2307.43, 2418.82
2307.52, 2419.24
2307.62, 2419.66
2307.71, 2420.09
2307.81, 2420.51
2307.91, 2420.93
2308, 2421.35
2308.1, 2421.77
2308.2, 2422.19
2308.29, 2422.61
2308.39, 2423.03
2308.48, 2423.45
2308.58, 2423.87
2308.68, 2424.29
2308.77, 2424.71
2308.87, 2425.13
2308.96, 2425.55
2309.06, 2425.97
2309.16, 2426.39
2309.25, 2426.81
2309.35, 2427.23
2309.44, 2427.65

waypoints
x, y
2299.35, 2391.86
2299.49, 2392.26
2299.62, 2392.67
2299.76, 2393.08
2299.89, 2393.49
2300.02, 2393.9
2300.16, 2394.31
2300.29, 2394.72
2300.43, 2395.13
2300.56, 2395.54
2300.7, 2395.95
2300.83, 2396.36
2300.96, 2396.77
2301.1, 2397.18
2301.23, 2397.59
2301.37, 2397.99
2301.5, 2398.4
2301.64, 2398.81
2301.77, 2399.22
2301.91, 2399.63
2302.04, 2400.04
2302.17, 2400.45
2302.31, 2400.86
2302.44, 2401.27
2302.58, 2401.68
2302.71, 2402.09
2302.84, 2402.5
2302.98, 2402.91
2303.11, 2403.32
2303.25, 2403.73
2303.38, 2404.14
2303.52, 2404.55
2303.65, 2404.96
2303.79, 2405.37
2303.92, 2405.78
2304.05, 2406.18
2304.19, 2406.59
2304.32, 2407
2304.46, 2407.41
2304.59, 2407.82
2304.72, 2408.23
2304.86, 2408.64
2304.99, 2409.04
2305.13, 2409.45
2305.26, 2409.86
2305.39, 2410.27
2305.53, 2410.68
2305.7, 2411.27
2305.79, 2411.69
2305.89, 2412.11
2305.99, 2412.53
2306.08, 2412.94
2306.18, 2413.36
2306.27, 2413.78
2306.37, 2414.2
2306.47, 2414.62
2306.56, 2415.04
2306.66, 2415.46
2306.75, 2415.88
2306.85, 2416.3
2306.95, 2416.72
2307.04, 2417.14
2307.14, 2417.56
2307.23, 2417.98
2307.33, 2418.4
2307.43, 2418.82
2307.52, 2419.24
2307.62, 2419.66
2307.71, 2420.09
2307.81, 2420.51
2307.91, 2420.93
2308, 2421.35
2308.1, 2421.77
2308.2, 2422.19
2308.29, 2422.61
2308.39, 2423.03
2308.48, 2423.45
2308.58, 2423.87
2308.68, 2424.29
2308.77, 2424.71
2308.87, 2425.13
2308.96, 2425.55
2309.06, 2425.97
2309.16, 2426.39
2309.25, 2426.81
2309.35, 2427.23
2309.44, 2427.65

waypoints
x, y
2299.89, 2393.49
2300.02, 2393.9
2300.16, 2394.31
2300.29, 2394.72
2300.43, 2395.13
2300.56, 2395.54
2300.7, 2395.95
2300.83, 2396.36
2300.96, 2396.77
2301.1, 2397.18
2301.23, 2397.59
2301.37, 2397.99
2301.5, 2398.4
2301.64, 2398.81
2301.77, 2399.22
2301.91, 2399.63
2302.04, 2400.04
2302.17, 2400.45
2302.31, 2400.86
2302.44, 2401.27
2302.58, 2401.68
2302.71, 2402.09
2302.84, 2402.5
2302.98, 2402.91
2303.11, 2403.32
2303.25, 2403.73
2303.38, 2404.14
2303.52, 2404.55
2303.65, 2404.96
2303.79, 2405.37
2303.92, 2405.78
2304.05, 2406.18
2304.19, 2406.59
2304.32, 2407
2304.46, 2407.41
2304.59, 2407.82
2304.72, 2408.23
2304.86, 2408.64
2304.99, 2409.04
2305.13, 2409.45
2305.26, 2409.86
2305.39, 2410.27
2305.53, 2410.68
2305.7, 2411.27
2305.79, 2411.69
2305.89, 2412.11
2305.99, 2412.53
2306.08, 2412.94
2306.18, 2413.36
2306.27, 2413.78
2306.37, 2414.2
2306.47, 2414.62
2306.56, 2415.04
2306.66, 2415.46
2306.75, 2415.88
2306.85, 2416.3
2306.95, 2416.72
2307.04, 2417.14
2307.14, 2417.56
2307.23, 2417.98
2307.33, 2418.4
2307.43, 2418.82
2307.52, 2419.24
2307.62, 2419.66
2307.71, 2420.09
2307.81, 2420.51
2307.91, 2420.93
2308, 2421.35
2308.1, 2421.77
2308.2, 2422.19
2308.29, 2422.61
2308.39, 2423.03
2308.48, 2423.45
2308.58, 2423.87
2308.68, 2424.29
2308.77, 2424.71
2308.87, 2425.13
2308.96, 2425.55
2309.06, 2425.97
2309.16, 2426.39
2309.25, 2426.81
2309.35, 2427.23
2309.44, 2427.65

waypoints
x, y
2300.43, 2395.13
2300.56, 2395.54
2300.7, 2395.95
2300.83, 2396.36
2300.96, 2396.77
2301.1, 2397.18
2301.23, 2397.59
2301.37, 2397.99
2301.5, 2398.4
2301.64, 2398.81
2301.77, 2399.22
2301.91, 2399.63
2302.04, 2400.04
2302.17, 2400.45
2302.31, 2400.86
2302.44, 2401.27
2302.58, 2401.68
2302.71, 2402.09
2302.84, 2402.5
2302.98, 2402.91
2303.11, 2403.32
2303.25, 2403.73
2303.38, 2404.14
2303.52, 2404.55
2303.65, 2404.96
2303.79, 2405.37
2303.92, 2405.78
2304.05, 2406.18
2304.19, 2406.59
2304.32, 2407
2304.46, 2407.41
2304.59, 2407.82
2304.72, 2408.23
2304.86, 2408.64
2304.99, 2409.04
2305.13, 2409.45
2305.26, 2409.86
2305.39, 2410.27
2305.53, 2410.68
2305.7, 2411.27
2305.79, 2411.69
2305.89, 2412.11
2305.99, 2412.53
2306.08, 2412.94
2306.18, 2413.36
2306.27, 2413.78
2306.37, 2414.2
2306.47, 2414.62
2306.56, 2415.04
2306.66, 2415.46
2306.75, 2415.88
2306.85, 2416.3
2306.95, 2416.72
2307.04, 2417.14
2307.14, 2417.56
2307.23, 2417.98
2307.33, 2418.4
2307.43, 2418.82
2307.52, 2419.24
2307.62, 2419.66
2307.71, 2420.09
2307.81, 2420.51
2307.91, 2420.93
2308, 2421.35
2308.1, 2421.77
2308.2, 2422.19
2308.29, 2422.61
2308.39, 2423.03
2308.48, 2423.45
2308.58, 2423.87
2308.68, 2424.29
2308.77, 2424.71
2308.87, 2425.13
2308.96, 2425.55
2309.06, 2425.97
2309.16, 2426.39
2309.25, 2426.81
2309.35, 2427.23
2309.44, 2427.65

waypoints
x, y
2300.96, 2396.77
2301.1, 2397.18
2301.23, 2397.59
2301.37, 2397.99
2301.5, 2398.4
2301.64, 2398.81
2301.77, 2399.22
2301.91, 2399.63
2302.04, 2400.04
2302.17, 2400.45
2302.31, 2400.86
2302.44, 2401.27
2302.58, 2401.68
2302.71, 2402.09
2302.84, 2402.5
2302.98, 2402.91
2303.11, 2403.32
2303.25, 2403.73
2303.38, 2404.14
2303.52, 2404.55
2303.65, 2404.96
2303.79, 2405.37
2303.92, 2405.78
2304.05, 2406.18
2304.19, 2406.59
2304.32, 2407
2304.46, 2407.41
2304.59, 2407.82
2304.72, 2408.23
2304.86, 2408.64
2304.99, 2409.04
2305.13, 2409.45
2305.26, 2409.86
2305.39, 2410.27
2305.53, 2410.68
2305.7, 2411.27
2305.79, 2411.69
2305.89, 2412.11
2305.99, 2412.53
2306.08, 2412.94
2306.18, 2413.36
2306.27, 2413.78
2306.37, 2414.2
2306.47, 2414.62
2306.56, 2415.04
2306.66, 2415.46
2306.75, 2415.88
2306.85, 2416.3
2306.95, 2416.72
2307.04, 2417.14
2307.14, 2417.56
2307.23, 2417.98
2307.33, 2418.4
2307.43, 2418.82
2307.52, 2419.24
2307.62, 2419.66
2307.71, 2420.09
2307.81, 2420.51
2307.91, 2420.93
2308, 2421.35
2308.1, 2421.77
2308.2, 2422.19
2308.29, 2422.61
2308.39, 2423.03
2308.48, 2423.45
2308.58, 2423.87
2308.68, 2424.29
2308.77, 2424.71
2308.87, 2425.13
2308.96, 2425.55
2309.06, 2425.97
2309.16, 2426.39
2309.25, 2426.81
2309.35, 2427.23
2309.44, 2427.65

waypoints
x, y
2301.5, 2398.4
2301.64, 2398.81
2301.77, 2399.22
2301.91, 2399.63
2302.04, 2400.04
2302.17, 2400.45
2302.31, 2400.86
2302.44, 2401.27
2302.58, 2401.68
2302.71, 2402.09
2302.84, 2402.5
2302.98, 2402.91
2303.11, 2403.32
2303.25, 2403.73
2303.38, 2404.14
2303.52, 2404.55
2303.65, 2404.96
2303.79, 2405.37
2303.92, 2405.78
2304.05, 2406.18
2304.19, 2406.59
2304.32, 2407
2304.46, 2407.41
2304.59, 2407.82
2304.72, 2408.23
2304.86, 2408.64
2304.99, 2409.04
2305.13, 2409.45
2305.26, 2409.86
2305.39, 2410.27
2305.53, 2410.68
2305.7, 2411.27
2305.79, 2411.69
2305.89, 2412.11
2305.99, 2412.53
2306.08, 2412.94
2306.18, 2413.36
2306.27, 2413.78
2306.37, 2414.2
2306.47, 2414.62
2306.56, 2415.04
2306.66, 2415.46
2306.75, 2415.88
2306.85, 2416.3
2306.95, 2416.72
2307.04, 2417.14
2307.14, 2417.56
2307.23, 2417.98
2307.33, 2418.4
2307.43, 2418.82
2307.52, 2419.24
2307.62, 2419.66
2307.71, 2420.09
2307.81, 2420.51
2307.91, 2420.93
2308, 2421.35
2308.1, 2421.77
2308.2, 2422.19
2308.29, 2422.61
2308.39, 2423.03
2308.48, 2423.45
2308.58, 2423.87
2308.68, 2424.29
2308.77, 2424.71
2308.87, 2425.13
2308.96, 2425.55
2309.06, 2425.97
2309.16, 2426.39
2309.25, 2426.81
2309.35, 2427.23
2309.44, 2427.65

waypoints
x, y
2302.04, 2400.04
2302.17, 2400.45
2302.31, 2400.86
2302.44, 2401.27
2302.58, 2401.68
2302.71, 2402.09
2302.84, 2402.5
2302.98, 2402.91
2303.11, 2403.32
2303.25, 2403.73
2303.38, 2404.14
2303.52, 2404.55
2303.65, 2404.96
2303.79, 2405.37
2303.92, 2405.78
2304.05, 2406.18
2304.19, 2406.59
2304.32, 2407
2304.46, 2407.41
2304.59, 2407.82
2304.72, 2408.23
2304.86, 2408.64
2304.99, 2409.04
2305.13, 2409.45
2305.26, 2409.86
2305.39, 2410.27
2305.53, 2410.68
2305.7, 2411.27
2305.79, 2411.69
2305.89, 2412.11
2305.99, 2412.53
2306.08, 2412.94
2306.18, 2413.36
2306.27, 2413.78
2306.37, 2414.2
2306.47, 2414.62
2306.56, 2415.04
2306.66, 2415.46
2306.75, 2415.88
2306.85, 2416.3
2306.95, 2416.72
2307.04, 2417.14
2307.14, 2417.56
2307.23, 2417.98
2307.33, 2418.4
2307.43, 2418.82
2307.52, 2419.24
2307.62, 2419.66
2307.71, 2420.09
2307.81, 2420.51
2307.91, 2420.93
2308, 2421.35
2308.1, 2421.77
2308.2, 2422.19
2308.29, 2422.61
2308.39, 2423.03
2308.48, 2423.45
2308.58, 2423.87
2308.68, 2424.29
2308.77, 2424.71
2308.87, 2425.13
2308.96, 2425.55
2309.06, 2425.97
2309.16, 2426.39
2309.25, 2426.81
2309.35, 2427.23
2309.44, 2427.65

waypoints
x, y
2302.58, 2401.68
2302.71, 2402.09
2302.84, 2402.5
2302.98, 2402.91
2303.11, 2403.32
2303.25, 2403.73
2303.38, 2404.14
2303.52, 2404.55
2303.65, 2404.96
2303.79, 2405.37
2303.92, 2405.78
2304.05, 2406.18
2304.19, 2406.59
2304.32, 2407
2304.46, 2407.41
2304.59, 2407.82
2304.72, 2408.23
2304.86, 2408.64
2304.99, 2409.04
2305.13, 2409.45
2305.26, 2409.86
2305.39, 2410.27
2305.53, 2410.68
2305.7, 2411.27
2305.79, 2411.69
2305.89, 2412.11
2305.99, 2412.53
2306.08, 2412.94
2306.18, 2413.36
2306.27, 2413.78
2306.37, 2414.2
2306.47, 2414.62
2306.56, 2415.04
2306.66, 2415.46
2306.75, 2415.88
2306.85, 2416.3
2306.95, 2416.72
2307.04, 2417.14
2307.14, 2417.56
2307.23, 2417.98
2307.33, 2418.4
2307.43, 2418.82
2307.52, 2419.24
2307.62, 2419.66
2307.71, 2420.09
2307.81, 2420.51
2307.91, 2420.93
2308, 2421.35
2308.1, 2421.77
2308.2, 2422.19
2308.29, 2422.61
2308.39, 2423.03
2308.48, 2423.45
2308.58, 2423.87
2308.68, 2424.29
2308.77, 2424.71
2308.87, 2425.13
2308.96, 2425.55
2309.06, 2425.97
2309.16, 2426.39
2309.25, 2426.81
2309.35, 2427.23
2309.44, 2427.65

waypoints
x, y
2302.98, 2402.91
2303.11, 2403.32
2303.25, 2403.73
2303.38, 2404.14
2303.52, 2404.55
2303.65, 2404.96
2303.79, 2405.37
2303.92, 2405.78
2304.05, 2406.18
2304.19, 2406.59
2304.32, 2407
2304.46, 2407.41
2304.59, 2407.82
2304.72, 2408.23
2304.86, 2408.64
2304.99, 2409.04
2305.13, 2409.45
2305.26, 2409.86
2305.39, 2410.27
2305.53, 2410.68
2305.7, 2411.27
2305.79, 2411.69
2305.89, 2412.11
2305.99, 2412.53
2306.08, 2412.94
2306.18, 2413.36
2306.27, 2413.78
2306.37, 2414.2
2306.47, 2414.62
2306.56, 2415.04
2306.66, 2415.46
2306.75, 2415.88
2306.85, 2416.3
2306.95, 2416.72
2307.04, 2417.14
2307.14, 2417.56
2307.23, 2417.98
2307.33, 2418.4
2307.43, 2418.82
2307.52, 2419.24
2307.62, 2419.66
2307.71, 2420.09
2307.81, 2420.51
2307.91, 2420.93
2308, 2421.35
2308.1, 2421.77
2308.2, 2422.19
2308.29, 2422.61
2308.39, 2423.03
2308.48, 2423.45
2308.58, 2423.87
2308.68, 2424.29
2308.77, 2424.71
2308.87, 2425.13
2308.96, 2425.55
2309.06, 2425.97
2309.16, 2426.39
2309.25, 2426.81
2309.35, 2427.23
2309.44, 2427.65

waypoints
x, y
2303.52, 2404.55
2303.65, 2404.96
2303.79, 2405.37
2303.92, 2405.78
2304.05, 2406.18
2304.19, 2406.59
2304.32, 2407
2304.46, 2407.41
2304.59, 2407.82
2304.72, 2408.23
2304.86, 2408.64
2304.99, 2409.04
2305.13, 2409.45
2305.26, 2409.86
2305.39, 2410.27
2305.53, 2410.68
2305.7, 2411.27
2305.79, 2411.69
2305.89, 2412.11
2305.99, 2412.53
2306.08, 2412.94
2306.18, 2413.36
2306.27, 2413.78
2306.37, 2414.2
2306.47, 2414.62
2306.56, 2415.04
2306.66, 2415.46
2306.75, 2415.88
2306.85, 2416.3
2306.95, 2416.72
2307.04, 2417.14
2307.14, 2417.56
2307.23, 2417.98
2307.33, 2418.4
2307.43, 2418.82
2307.52, 2419.24
2307.62, 2419.66
2307.71, 2420.09
2307.81, 2420.51
2307.91, 2420.93
2308, 2421.35
2308.1, 2421.77
2308.2, 2422.19
2308.29, 2422.61
2308.39, 2423.03
2308.48, 2423.45
2308.58, 2423.87
2308.68, 2424.29
2308.77, 2424.71
2308.87, 2425.13
2308.96, 2425.55
2309.06, 2425.97
2309.16, 2426.39
2309.25, 2426.81
2309.35, 2427.23
2309.44, 2427.65

waypoints
x, y
2304.05, 2406.18
2304.19, 2406.59
2304.32, 2407
2304.46, 2407.41
2304.59, 2407.82
2304.72, 2408.23
2304.86, 2408.64
2304.99, 2409.04
2305.13, 2409.45
2305.26, 2409.86
2305.39, 2410.27
2305.53, 2410.68
2305.7, 2411.27
2305.79, 2411.69
2305.89, 2412.11
2305.99, 2412.53
2306.08, 2412.94
2306.18, 2413.36
2306.27, 2413.78
2306.37, 2414.2
2306.47, 2414.62
2306.56, 2415.04
2306.66, 2415.46
2306.75, 2415.88
2306.85, 2416.3
2306.95, 2416.72
2307.04, 2417.14
2307.14, 2417.56
2307.23, 2417.98
2307.33, 2418.4
2307.43, 2418.82
2307.52, 2419.24
2307.62, 2419.66
2307.71, 2420.09
2307.81, 2420.51
2307.91, 2420.93
2308, 2421.35
2308.1, 2421.77
2308.2, 2422.19
2308.29, 2422.61
2308.39, 2423.03
2308.48, 2423.45
2308.58, 2423.87
2308.68, 2424.29
2308.77, 2424.71
2308.87, 2425.13
2308.96, 2425.55
2309.06, 2425.97
2309.16, 2426.39
2309.25, 2426.81
2309.35, 2427.23
2309.44, 2427.65

waypoints
x, y
2304.59, 2407.82
2304.72, 2408.23
2304.86, 2408.64
2304.99, 2409.04
2305.13, 2409.45
2305.26, 2409.86
2305.39, 2410.27
2305.53, 2410.68
2305.7, 2411.27
2305.79, 2411.69
2305.89, 2412.11
2305.99, 2412.53
2306.08, 2412.94
2306.18, 2413.36
2306.27, 2413.78
2306.37, 2414.2
2306.47, 2414.62
2306.56, 2415.04
2306.66, 2415.46
2306.75, 2415.88
2306.85, 2416.3
2306.95, 2416.72
2307.04, 2417.14
2307.14, 2417.56
2307.23, 2417.98
2307.33, 2418.4
2307.43, 2418.82
2307.52, 2419.24
2307.62, 2419.66
2307.71, 2420.09
2307.81, 2420.51
2307.91, 2420.93
2308, 2421.35
2308.1, 2421.77
2308.2, 2422.19
2308.29, 2422.61
2308.39, 2423.03
2308.48, 2423.45
2308.58, 2423.87
2308.68, 2424.29
2308.77, 2424.71
2308.87, 2425.13
2308.96, 2425.55
2309.06, 2425.97
2309.16, 2426.39
2309.25, 2426.81
2309.35, 2427.23
2309.44, 2427.65
2309.54, 2428.06
2309.64, 2428.48
2309.73, 2428.9
2309.83, 2429.32
2309.92, 2429.74
2310.02, 2430.16
2310.11, 2430.58
2310.21, 2431
2310.31, 2431.41
2310.4, 2431.83
2310.5, 2432.25
2310.59, 2432.67
2310.69, 2433.09
2310.79, 2433.51
2310.88, 2433.93
2310.98, 2434.35
2311.07, 2434.77
2311.17, 2435.19
2311.27, 2435.61
2311.36, 2436.03
2311.46, 2436.45
2311.55, 2436.87
2311.65, 2437.29
2311.75, 2437.71
2311.84, 2438.13
2311.94, 2438.55
2312.03, 2438.97
2312.13, 2439.39
2312.23, 2439.81
2312.32, 2440.23
2312.42, 2440.65
2312.52, 2441.07
2312.61, 2441.49
2312.71, 2441.91
2312.8, 2442.33
2312.9, 2442.75
2313, 2443.17
2313.09, 2443.59
2313.19, 2444.01
2313.28, 2444.43
2313.38, 2444.85
2313.49, 2445.34
2313.57, 2445.76
2313.65, 2446.19
2313.73, 2446.61
2313.81, 2447.03
2313.9, 2447.45
2313.98, 2447.88
2314.06, 2448.3

waypoints
x, y
2305.13, 2409.45
2305.26, 2409.86
2305.39, 2410.27
2305.53, 2410.68
2305.7, 2411.27
2305.79, 2411.69
2305.89, 2412.11
2305.99, 2412.53
2306.08, 2412.94
2306.18, 2413.36
2306.27, 2413.78
2306.37, 2414.2
2306.47, 2414.62
2306.56, 2415.04
2306.66, 2415.46
2306.75, 2415.88
2306.85, 2416.3
2306.95, 2416.72
2307.04, 2417.14
2307.14, 2417.56
2307.23, 2417.98
2307.33, 2418.4
2307.43, 2418.82
2307.52, 2419.24
2307.62, 2419.66
2307.71, 2420.09
2307.81, 2420.51
2307.91, 2420.93
2308, 2421.35
2308.1, 2421.77
2308.2, 2422.19
2308.29, 2422.61
2308.39, 2423.03
2308.48, 2423.45
2308.58, 2423.87
2308.68, 2424.29
2308.77, 2424.71
2308.87, 2425.13
2308.96, 2425.55
2309.06, 2425.97
2309.16, 2426.39
2309.25, 2426.81
2309.35, 2427.23
2309.44, 2427.65
2309.54, 2428.06
2309.64, 2428.48
2309.73, 2428.9
2309.83, 2429.32
2309.92, 2429.74
2310.02, 2430.16
2310.11, 2430.58
2310.21, 2431
2310.31, 2431.41
2310.4, 2431.83
2310.5, 2432.25
2310.59, 2432.67
2310.69, 2433.09
2310.79, 2433.51
2310.88, 2433.93
2310.98, 2434.35
2311.07, 2434.77
2311.17, 2435.19
2311.27, 2435.61
2311.36, 2436.03
2311.46, 2436.45
2311.55, 2436.87
2311.65, 2437.29
2311.75, 2437.71
2311.84, 2438.13
2311.94, 2438.55
2312.03, 2438.97
2312.13, 2439.39
2312.23, 2439.81
2312.32, 2440.23
2312.42, 2440.65
2312.52, 2441.07
2312.61, 2441.49
2312.71, 2441.91
2312.8, 2442.33
2312.9, 2442.75
2313, 2443.17
2313.09, 2443.59
2313.19, 2444.01
2313.28, 2444.43
2313.38, 2444.85
2313.49, 2445.34
2313.57, 2445.76
2313.65, 2446.19
2313.73, 2446.61
2313.81, 2447.03
2313.9, 2447.45
2313.98, 2447.88
2314.06, 2448.3

waypoints
x, y
2305.53, 2410.68
2305.7, 2411.27
2305.79, 2411.69
2305.89, 2412.11
2305.99, 2412.53
2306.08, 2412.94
2306.18, 2413.36
2306.27, 2413.78
2306.37, 2414.2
2306.47, 2414.62
2306.56, 2415.04
2306.66, 2415.46
2306.75, 2415.88
2306.85, 2416.3
2306.95, 2416.72
2307.04, 2417.14
2307.14, 2417.56
2307.23, 2417.98
2307.33, 2418.4
2307.43, 2418.82
2307.52, 2419.24
2307.62, 2419.66
2307.71, 2420.09
2307.81, 2420.51
2307.91, 2420.93
2308, 2421.35
2308.1, 2421.77
2308.2, 2422.19
2308.29, 2422.61
2308.39, 2423.03
2308.48, 2423.45
2308.58, 2423.87
2308.68, 2424.29
2308.77, 2424.71
2308.87, 2425.13
2308.96, 2425.55
2309.06, 2425.97
2309.16, 2426.39
2309.25, 2426.81
2309.35, 2427.23
2309.44, 2427.65
2309.54, 2428.06
2309.64, 2428.48
2309.73, 2428.9
2309.83, 2429.32
2309.92, 2429.74
2310.02, 2430.16
2310.11, 2430.58
2310.21, 2431
2310.31, 2431.41
2310.4, 2431.83
2310.5, 2432.25
2310.59, 2432.67
2310.69, 2433.09
2310.79, 2433.51
2310.88, 2433.93
2310.98, 2434.35
2311.07, 2434.77
2311.17, 2435.19
2311.27, 2435.61
2311.36, 2436.03
2311.46, 2436.45
2311.55, 2436.87
2311.65, 2437.29
2311.75, 2437.71
2311.84, 2438.13
2311.94, 2438.55
2312.03, 2438.97
2312.13, 2439.39
2312.23, 2439.81
2312.32, 2440.23
2312.42, 2440.65
2312.52, 2441.07
2312.61, 2441.49
2312.71, 2441.91
2312.8, 2442.33
2312.9, 2442.75
2313, 2443.17
2313.09, 2443.59
2313.19, 2444.01
2313.28, 2444.43
2313.38, 2444.85
2313.49, 2445.34
2313.57, 2445.76
2313.65, 2446.19
2313.73, 2446.61
2313.81, 2447.03
2313.9, 2447.45
2313.98, 2447.88
2314.06, 2448.3

waypoints
x, y
2306.08, 2412.94
2306.18, 2413.36
2306.27, 2413.78
2306.37, 2414.2
2306.47, 2414.62
2306.56, 2415.04
2306.66, 2415.46
2306.75, 2415.88
2306.85, 2416.3
2306.95, 2416.72
2307.04, 2417.14
2307.14, 2417.56
2307.23, 2417.98
2307.33, 2418.4
2307.43, 2418.82
2307.52, 2419.24
2307.62, 2419.66
2307.71, 2420.09
2307.81, 2420.51
2307.91, 2420.93
2308, 2421.35
2308.1, 2421.77
2308.2, 2422.19
2308.29, 2422.61
2308.39, 2423.03
2308.48, 2423.45
2308.58, 2423.87
2308.68, 2424.29
2308.77, 2424.71
2308.87, 2425.13
2308.96, 2425.55
2309.06, 2425.97
2309.16, 2426.39
2309.25, 2426.81
2309.35, 2427.23
2309.44, 2427.65
2309.54, 2428.06
2309.64, 2428.48
2309.73, 2428.9
2309.83, 2429.32
2309.92, 2429.74
2310.02, 2430.16
2310.11, 2430.58
2310.21, 2431
2310.31, 2431.41
2310.4, 2431.83
2310.5, 2432.25
2310.59, 2432.67
2310.69, 2433.09
2310.79, 2433.51
2310.88, 2433.93
2310.98, 2434.35
2311.07, 2434.77
2311.17, 2435.19
2311.27, 2435.61
2311.36, 2436.03
2311.46, 2436.45
2311.55, 2436.87
2311.65, 2437.29
2311.75, 2437.71
2311.84, 2438.13
2311.94, 2438.55
2312.03, 2438.97
2312.13, 2439.39
2312.23, 2439.81
2312.32, 2440.23
2312.42, 2440.65
2312.52, 2441.07
2312.61, 2441.49
2312.71, 2441.91
2312.8, 2442.33
2312.9, 2442.75
2313, 2443.17
2313.09, 2443.59
2313.19, 2444.01
2313.28, 2444.43
2313.38, 2444.85
2313.49, 2445.34
2313.57, 2445.76
2313.65, 2446.19
2313.73, 2446.61
2313.81, 2447.03
2313.9, 2447.45
2313.98, 2447.88
2314.06, 2448.3

waypoints
x, y
2306.47, 2414.62
2306.56, 2415.04
2306.66, 2415.46
2306.75, 2415.88
2306.85, 2416.3
2306.95, 2416.72
2307.04, 2417.14
2307.14, 2417.56
2307.23, 2417.98
2307.33, 2418.4
2307.43, 2418.82
2307.52, 2419.24
2307.62, 2419.66
2307.71, 2420.09
2307.81, 2420.51
2307.91, 2420.93
2308, 2421.35
2308.1, 2421.77
2308.2, 2422.19
2308.29, 2422.61
2308.39, 2423.03
2308.48, 2423.45
2308.58, 2423.87
2308.68, 2424.29
2308.77, 2424.71
2308.87, 2425.13
2308.96, 2425.55
2309.06, 2425.97
2309.16, 2426.39
2309.25, 2426.81
2309.35, 2427.23
2309.44, 2427.65
2309.54, 2428.06
2309.64, 2428.48
2309.73, 2428.9
2309.83, 2429.32
2309.92, 2429.74
2310.02, 2430.16
2310.11, 2430.58
2310.21, 2431
2310.31, 2431.41
2310.4, 2431.83
2310.5, 2432.25
2310.59, 2432.67
2310.69, 2433.09
2310.79, 2433.51
2310.88, 2433.93
2310.98, 2434.35
2311.07, 2434.77
2311.17, 2435.19
2311.27, 2435.61
2311.36, 2436.03
2311.46, 2436.45
2311.55, 2436.87
2311.65, 2437.29
2311.75, 2437.71
2311.84, 2438.13
2311.94, 2438.55
2312.03, 2438.97
2312.13, 2439.39
2312.23, 2439.81
2312.32, 2440.23
2312.42, 2440.65
2312.52, 2441.07
2312.61, 2441.49
2312.71, 2441.91
2312.8, 2442.33
2312.9, 2442.75
2313, 2443.17
2313.09, 2443.59
2313.19, 2444.01
2313.28, 2444.43
2313.38, 2444.85
2313.49, 2445.34
2313.57, 2445.76
2313.65, 2446.19
2313.73, 2446.61
2313.81, 2447.03
2313.9, 2447.45
2313.98, 2447.88
2314.06, 2448.3

waypoints
x, y
2306.85, 2416.3
2306.95, 2416.72
2307.04, 2417.14
2307.14, 2417.56
2307.23, 2417.98
2307.33, 2418.4
2307.43, 2418.82
2307.52, 2419.24
2307.62, 2419.66
2307.71, 2420.09
2307.81, 2420.51
2307.91, 2420.93
2308, 2421.35
2308.1, 2421.77
2308.2, 2422.19
2308.29, 2422.61
2308.39, 2423.03
2308.48, 2423.45
2308.58, 2423.87
2308.68, 2424.29
2308.77, 2424.71
2308.87, 2425.13
2308.96, 2425.55
2309.06, 2425.97
2309.16, 2426.39
2309.25, 2426.81
2309.35, 2427.23
2309.44, 2427.65
2309.54, 2428.06
2309.64, 2428.48
2309.73, 2428.9
2309.83, 2429.32
2309.92, 2429.74
2310.02, 2430.16
2310.11, 2430.58
2310.21, 2431
2310.31, 2431.41
2310.4, 2431.83
2310.5, 2432.25
2310.59, 2432.67
2310.69, 2433.09
2310.79, 2433.51
2310.88, 2433.93
2310.98, 2434.35
2311.07, 2434.77
2311.17, 2435.19
2311.27, 2435.61
2311.36, 2436.03
2311.46, 2436.45
2311.55, 2436.87
2311.65, 2437.29
2311.75, 2437.71
2311.84, 2438.13
2311.94, 2438.55
2312.03, 2438.97
2312.13, 2439.39
2312.23, 2439.81
2312.32, 2440.23
2312.42, 2440.65
2312.52, 2441.07
2312.61, 2441.49
2312.71, 2441.91
2312.8, 2442.33
2312.9, 2442.75
2313, 2443.17
2313.09, 2443.59
2313.19, 2444.01
2313.28, 2444.43
2313.38, 2444.85
2313.49, 2445.34
2313.57, 2445.76
2313.65, 2446.19
2313.73, 2446.61
2313.81, 2447.03
2313.9, 2447.45
2313.98, 2447.88
2314.06, 2448.3

waypoints
x, y
2307.23, 2417.98
2307.33, 2418.4
2307.43, 2418.82
2307.52, 2419.24
2307.62, 2419.66
2307.71, 2420.09
2307.81, 2420.51
2307.91, 2420.93
2308, 2421.35
2308.1, 2421.77
2308.2, 2422.19
2308.29, 2422.61
2308.39, 2423.03
2308.48, 2423.45
2308.58, 2423.87
2308.68, 2424.29
2308.77, 2424.71
2308.87, 2425.13
2308.96, 2425.55
2309.06, 2425.97
2309.16, 2426.39
2309.25, 2426.81
2309.35, 2427.23
2309.44, 2427.65
2309.54, 2428.06
2309.64, 2428.48
2309.73, 2428.9
2309.83, 2429.32
2309.92, 2429.74
2310.02, 2430.16
2310.11, 2430.58
2310.21, 2431
2310.31, 2431.41
2310.4, 2431.83
2310.5, 2432.25
2310.59, 2432.67
2310.69, 2433.09
2310.79, 2433.51
2310.88, 2433.93
2310.98, 2434.35
2311.07, 2434.77
2311.17, 2435.19
2311.27, 2435.61
2311.36, 2436.03
2311.46, 2436.45
2311.55, 2436.87
2311.65, 2437.29
2311.75, 2437.71
2311.84, 2438.13
2311.94, 2438.55
2312.03, 2438.97
2312.13, 2439.39
2312.23, 2439.81
2312.32, 2440.23
2312.42, 2440.65
2312.52, 2441.07
2312.61, 2441.49
2312.71, 2441.91
2312.8, 2442.33
2312.9, 2442.75
2313, 2443.17
2313.09, 2443.59
2313.19, 2444.01
2313.28, 2444.43
2313.38, 2444.85
2313.49, 2445.34
2313.57, 2445.76
2313.65, 2446.19
2313.73, 2446.61
2313.81, 2447.03
2313.9, 2447.45
2313.98, 2447.88
2314.06, 2448.3

waypoints
x, y
2307.62, 2419.66
2307.71, 2420.09
2307.81, 2420.51
2307.91, 2420.93
2308, 2421.35
2308.1, 2421.77
2308.2, 2422.19
2308.29, 2422.61
2308.39, 2423.03
2308.48, 2423.45
2308.58, 2423.87
2308.68, 2424.29
2308.77, 2424.71
2308.87, 2425.13
2308.96, 2425.55
2309.06, 2425.97
2309.16, 2426.39
2309.25, 2426.81
2309.35, 2427.23
2309.44, 2427.65
2309.54, 2428.06
2309.64, 2428.48
2309.73, 2428.9
2309.83, 2429.32
2309.92, 2429.74
2310.02, 2430.16
2310.11, 2430.58
2310.21, 2431
2310.31, 2431.41
2310.4, 2431.83
2310.5, 2432.25
2310.59, 2432.67
2310.69, 2433.09
2310.79, 2433.51
2310.88, 2433.93
2310.98, 2434.35
2311.07, 2434.77
2311.17, 2435.19
2311.27, 2435.61
2311.36, 2436.03
2311.46, 2436.45
2311.55, 2436.87
2311.65, 2437.29
2311.75, 2437.71
2311.84, 2438.13
2311.94, 2438.55
2312.03, 2438.97
2312.13, 2439.39
2312.23, 2439.81
2312.32, 2440.23
2312.42, 2440.65
2312.52, 2441.07
2312.61, 2441.49
2312.71, 2441.91
2312.8, 2442.33
2312.9, 2442.75
2313, 2443.17
2313.09, 2443.59
2313.19, 2444.01
2313.28, 2444.43
2313.38, 2444.85
2313.49, 2445.34
2313.57, 2445.76
2313.65, 2446.19
2313.73, 2446.61
2313.81, 2447.03
2313.9, 2447.45
2313.98, 2447.88
2314.06, 2448.3

waypoints
x, y
2308, 2421.35
2308.1, 2421.77
2308.2, 2422.19
2308.29, 2422.61
2308.39, 2423.03
2308.48, 2423.45
2308.58, 2423.87
2308.68, 2424.29
2308.77, 2424.71
2308.87, 2425.13
2308.96, 2425.55
2309.06, 2425.97
2309.16, 2426.39
2309.25, 2426.81
2309.35, 2427.23
2309.44, 2427.65
2309.54, 2428.06
2309.64, 2428.48
2309.73, 2428.9
2309.83, 2429.32
2309.92, 2429.74
2310.02, 2430.16
2310.11, 2430.58
2310.21, 2431
2310.31, 2431.41
2310.4, 2431.83
2310.5, 2432.25
2310.59, 2432.67
2310.69, 2433.09
2310.79, 2433.51
2310.88, 2433.93
2310.98, 2434.35
2311.07, 2434.77
2311.17, 2435.19
2311.27, 2435.61
2311.36, 2436.03
2311.46, 2436.45
2311.55, 2436.87
2311.65, 2437.29
2311.75, 2437.71
2311.84, 2438.13
2311.94, 2438.55
2312.03, 2438.97
2312.13, 2439.39
2312.23, 2439.81
2312.32, 2440.23
2312.42, 2440.65
2312.52, 2441.07
2312.61, 2441.49
2312.71, 2441.91
2312.8, 2442.33
2312.9, 2442.75
2313, 2443.17
2313.09, 2443.59
2313.19, 2444.01
2313.28, 2444.43
2313.38, 2444.85
2313.49, 2445.34
2313.57, 2445.76
2313.65, 2446.19
2313.73, 2446.61
2313.81, 2447.03
2313.9, 2447.45
2313.98, 2447.88
2314.06, 2448.3

waypoints
x, y
2308.39, 2423.03
2308.48, 2423.45
2308.58, 2423.87
2308.68, 2424.29
2308.77, 2424.71
2308.87, 2425.13
2308.96, 2425.55
2309.06, 2425.97
2309.16, 2426.39
2309.25, 2426.81
2309.35, 2427.23
2309.44, 2427.65
2309.54, 2428.06
2309.64, 2428.48
2309.73, 2428.9
2309.83, 2429.32
2309.92, 2429.74
2310.02, 2430.16
2310.11, 2430.58
2310.21, 2431
2310.31, 2431.41
2310.4, 2431.83
2310.5, 2432.25
2310.59, 2432.67
2310.69, 2433.09
2310.79, 2433.51
2310.88, 2433.93
2310.98, 2434.35
2311.07, 2434.77
2311.17, 2435.19
2311.27, 2435.61
2311.36, 2436.03
2311.46, 2436.45
2311.55, 2436.87
2311.65, 2437.29
2311.75, 2437.71
2311.84, 2438.13
2311.94, 2438.55
2312.03, 2438.97
2312.13, 2439.39
2312.23, 2439.81
2312.32, 2440.23
2312.42, 2440.65
2312.52, 2441.07
2312.61, 2441.49
2312.71, 2441.91
2312.8, 2442.33
2312.9, 2442.75
2313, 2443.17
2313.09, 2443.59
2313.19, 2444.01
2313.28, 2444.43
2313.38, 2444.85
2313.49, 2445.34
2313.57, 2445.76
2313.65, 2446.19
2313.73, 2446.61
2313.81, 2447.03
2313.9, 2447.45
2313.98, 2447.88
2314.06, 2448.3

waypoints
x, y
2308.77, 2424.71
2308.87, 2425.13
2308.96, 2425.55
2309.06, 2425.97
2309.16, 2426.39
2309.25, 2426.81
2309.35, 2427.23
2309.44, 2427.65
2309.54, 2428.06
2309.64, 2428.48
2309.73, 2428.9
2309.83, 2429.32
2309.92, 2429.74
2310.02, 2430.16
2310.11, 2430.58
2310.21, 2431
2310.31, 2431.41
2310.4, 2431.83
2310.5, 2432.25
2310.59, 2432.67
2310.69, 2433.09
2310.79, 2433.51
2310.88, 2433.93
2310.98, 2434.35
2311.07, 2434.77
2311.17, 2435.19
2311.27, 2435.61
2311.36, 2436.03
2311.46, 2436.45
2311.55, 2436.87
2311.65, 2437.29
2311.75, 2437.71
2311.84, 2438.13
2311.94, 2438.55
2312.03, 2438.97
2312.13, 2439.39
2312.23, 2439.81
2312.32, 2440.23
2312.42, 2440.65
2312.52, 2441.07
2312.61, 2441.49
2312.71, 2441.91
2312.8, 2442.33
2312.9, 2442.75
2313, 2443.17
2313.09, 2443.59
2313.19, 2444.01
2313.28, 2444.43
2313.38, 2444.85
2313.49, 2445.34
2313.57, 2445.76
2313.65, 2446.19
2313.73, 2446.61
2313.81, 2447.03
2313.9, 2447.45
2313.98, 2447.88
2314.06, 2448.3

waypoints
x, y
2309.16, 2426.39
2309.25, 2426.81
2309.35, 2427.23
2309.44, 2427.65
2309.54, 2428.06
2309.64, 2428.48
2309.73, 2428.9
2309.83, 2429.32
2309.92, 2429.74
2310.02, 2430.16
2310.11, 2430.58
2310.21, 2431
2310.31, 2431.41
2310.4, 2431.83
2310.5, 2432.25
2310.59, 2432.67
2310.69, 2433.09
2310.79, 2433.51
2310.88, 2433.93
2310.98, 2434.35
2311.07, 2434.77
2311.17, 2435.19
2311.27, 2435.61
2311.36, 2436.03
2311.46, 2436.45
2311.55, 2436.87
2311.65, 2437.29
2311.75, 2437.71
2311.84, 2438.13
2311.94, 2438.55
2312.03, 2438.97
2312.13, 2439.39
2312.23, 2439.81
2312.32, 2440.23
2312.42, 2440.65
2312.52, 2441.07
2312.61, 2441.49
2312.71, 2441.91
2312.8, 2442.33
2312.9, 2442.75
2313, 2443.17
2313.09, 2443.59
2313.19, 2444.01
2313.28, 2444.43
2313.38, 2444.85
2313.49, 2445.34
2313.57, 2445.76
2313.65, 2446.19
2313.73, 2446.61
2313.81, 2447.03
2313.9, 2447.45
2313.98, 2447.88
2314.06, 2448.3

waypoints
x, y
2309.44, 2427.65
2309.54, 2428.06
2309.64, 2428.48
2309.73, 2428.9
2309.83, 2429.32
2309.92, 2429.74
2310.02, 2430.16
2310.11, 2430.58
2310.21, 2431
2310.31, 2431.41
2310.4, 2431.83
2310.5, 2432.25
2310.59, 2432.67
2310.69, 2433.09
2310.79, 2433.51
2310.88, 2433.93
2310.98, 2434.35
2311.07, 2434.77
2311.17, 2435.19
2311.27, 2435.61
2311.36, 2436.03
2311.46, 2436.45
2311.55, 2436.87
2311.65, 2437.29
2311.75, 2437.71
2311.84, 2438.13
2311.94, 2438.55
2312.03, 2438.97
2312.13, 2439.39
2312.23, 2439.81
2312.32, 2440.23
2312.42, 2440.65
2312.52, 2441.07
2312.61, 2441.49
2312.71, 2441.91
2312.8, 2442.33
2312.9, 2442.75
2313, 2443.17
2313.09, 2443.59
2313.19, 2444.01
2313.28, 2444.43
2313.38, 2444.85
2313.49, 2445.34
2313.57, 2445.76
2313.65, 2446.19
2313.73, 2446.61
2313.81, 2447.03
2313.9, 2447.45
2313.98, 2447.88
2314.06, 2448.3

waypoints
x, y
2309.83, 2429.32
2309.92, 2429.74
2310.02, 2430.16
2310.11, 2430.58
2310.21, 2431
2310.31, 2431.41
2310.4, 2431.83
2310.5, 2432.25
2310.59, 2432.67
2310.69, 2433.09
2310.79, 2433.51
2310.88, 2433.93
2310.98, 2434.35
2311.07, 2434.77
2311.17, 2435.19
2311.27, 2435.61
2311.36, 2436.03
2311.46, 2436.45
2311.55, 2436.87
2311.65, 2437.29
2311.75, 2437.71
2311.84, 2438.13
2311.94, 2438.55
2312.03, 2438.97
2312.13, 2439.39
2312.23, 2439.81
2312.32, 2440.23
2312.42, 2440.65
2312.52, 2441.07
2312.61, 2441.49
2312.71, 2441.91
2312.8, 2442.33
2312.9, 2442.75
2313, 2443.17
2313.09, 2443.59
2313.19, 2444.01
2313.28, 2444.43
2313.38, 2444.85
2313.49, 2445.34
2313.57, 2445.76
2313.65, 2446.19
2313.73, 2446.61
2313.81, 2447.03
2313.9, 2447.45
2313.98, 2447.88
2314.06, 2448.3
2314.14, 2448.72
2314.22, 2449.14
2314.31, 2449.57
2314.39, 2449.99
2314.47, 2450.41
2314.55, 2450.83
2314.63, 2451.26
2314.71, 2451.68
2314.8, 2452.1
2314.88, 2452.52
2314.96, 2452.95
2315.04, 2453.37
2315.12, 2453.79
2315.2, 2454.21
2315.29, 2454.64
2315.37, 2455.06
2315.45, 2455.48
2315.53, 2455.9
2315.61, 2456.33
2315.7, 2456.75
2315.78, 2457.17
2315.86, 2457.6
2315.94, 2458.02
2316.02, 2458.44
2316.1, 2458.86
2316.19, 2459.29
2316.27, 2459.71
2316.35, 2460.13
2316.43, 2460.56
2316.51, 2460.98
2316.6, 2461.4
2316.68, 2461.82
2316.76, 2462.25
2316.84, 2462.67
2316.92, 2463.09
2317, 2463.52
2317.09, 2463.94
2317.17, 2464.36
2317.25, 2464.79
2317.33, 2465.21
2317.41, 2465.63
2317.5, 2466.05
2317.58, 2466.48
2317.66, 2466.9
2317.74, 2467.32
2317.82, 2467.75
2317.91, 2468.17
2317.99, 2468.59
2318.07, 2469.01

waypoints
x, y
2310.21, 2431
2310.31, 2431.41
2310.4, 2431.83
2310.5, 2432.25
2310.59, 2432.67
2310.69, 2433.09
2310.79, 2433.51
2310.88, 2433.93
2310.98, 2434.35
2311.07, 2434.77
2311.17, 2435.19
2311.27, 2435.61
2311.36, 2436.03
2311.46, 2436.45
2311.55, 2436.87
2311.65, 2437.29
2311.75, 2437.71
2311.84, 2438.13
2311.94, 2438.55
2312.03, 2438.97
2312.13, 2439.39
2312.23, 2439.81
2312.32, 2440.23
2312.42, 2440.65
2312.52, 2441.07
2312.61, 2441.49
2312.71, 2441.91
2312.8, 2442.33
2312.9, 2442.75
2313, 2443.17
2313.09, 2443.59
2313.19, 2444.01
2313.28, 2444.43
2313.38, 2444.85
2313.49, 2445.34
2313.57, 2445.76
2313.65, 2446.19
2313.73, 2446.61
2313.81, 2447.03
2313.9, 2447.45
2313.98, 2447.88
2314.06, 2448.3
2314.14, 2448.72
2314.22, 2449.14
2314.3, 2449.57
2314.39, 2449.99
2314.47, 2450.41
2314.55, 2450.83
2314.63, 2451.26
2314.71, 2451.68
2314.8, 2452.1
2314.88, 2452.52
2314.96, 2452.95
2315.04, 2453.37
2315.12, 2453.79
2315.2, 2454.21
2315.29, 2454.64
2315.37, 2455.06
2315.45, 2455.48
2315.53, 2455.9
2315.61, 2456.33
2315.7, 2456.75
2315.78, 2457.17
2315.86, 2457.59
2315.94, 2458.02
2316.02, 2458.44
2316.1, 2458.86
2316.19, 2459.29
2316.27, 2459.71
2316.35, 2460.13
2316.43, 2460.56
2316.51, 2460.98
2316.6, 2461.4
2316.68, 2461.82
2316.76, 2462.25
2316.84, 2462.67
2316.92, 2463.09
2317.01, 2463.52
2317.09, 2463.94
2317.17, 2464.36
2317.25, 2464.79
2317.33, 2465.21
2317.41, 2465.63
2317.5, 2466.05
2317.58, 2466.48
2317.66, 2466.9
2317.74, 2467.32
2317.82, 2467.75
2317.91, 2468.17
2317.99, 2468.59
2318.07, 2469.01

waypoints
x, y
2310.59, 2432.67
2310.69, 2433.09
2310.79, 2433.51
2310.88, 2433.93
2310.98, 2434.35
2311.07, 2434.77
2311.17, 2435.19
2311.27, 2435.61
2311.36, 2436.03
2311.46, 2436.45
2311.55, 2436.87
2311.65, 2437.29
2311.75, 2437.71
2311.84, 2438.13
2311.94, 2438.55
2312.03, 2438.97
2312.13, 2439.39
2312.23, 2439.81
2312.32, 2440.23
2312.42, 2440.65
2312.52, 2441.07
2312.61, 2441.49
2312.71, 2441.91
2312.8, 2442.33
2312.9, 2442.75
2313, 2443.17
2313.09, 2443.59
2313.19, 2444.01
2313.28, 2444.43
2313.38, 2444.85
2313.49, 2445.34
2313.57, 2445.76
2313.65, 2446.19
2313.73, 2446.61
2313.81, 2447.03
2313.9, 2447.45
2313.98, 2447.88
2314.06, 2448.3
2314.14, 2448.72
2314.22, 2449.14
2314.3, 2449.57
2314.39, 2449.99
2314.47, 2450.41
2314.55, 2450.83
2314.63, 2451.26
2314.71, 2451.68
2314.8, 2452.1
2314.88, 2452.52
2314.96, 2452.95
2315.04, 2453.37
2315.12, 2453.79
2315.2, 2454.21
2315.29, 2454.64
2315.37, 2455.06
2315.45, 2455.48
2315.53, 2455.9
2315.61, 2456.33
2315.7, 2456.75
2315.78, 2457.17
2315.86, 2457.59
2315.94, 2458.02
2316.02, 2458.44
2316.1, 2458.86
2316.19, 2459.29
2316.27, 2459.71
2316.35, 2460.13
2316.43, 2460.56
2316.51, 2460.98
2316.6, 2461.4
2316.68, 2461.82
2316.76, 2462.25
2316.84, 2462.67
2316.92, 2463.09
2317.01, 2463.52
2317.09, 2463.94
2317.17, 2464.36
2317.25, 2464.79
2317.33, 2465.21
2317.41, 2465.63
2317.5, 2466.05
2317.58, 2466.48
2317.66, 2466.9
2317.74, 2467.32
2317.82, 2467.75
2317.91, 2468.17
2317.99, 2468.59
2318.07, 2469.01

waypoints
x, y
2310.98, 2434.35
2311.07, 2434.77
2311.17, 2435.19
2311.27, 2435.61
2311.36, 2436.03
2311.46, 2436.45
2311.55, 2436.87
2311.65, 2437.29
2311.75, 2437.71
2311.84, 2438.13
2311.94, 2438.55
2312.03, 2438.97
2312.13, 2439.39
2312.23, 2439.81
2312.32, 2440.23
2312.42, 2440.65
2312.52, 2441.07
2312.61, 2441.49
2312.71, 2441.91
2312.8, 2442.33
2312.9, 2442.75
2313, 2443.17
2313.09, 2443.59
2313.19, 2444.01
2313.28, 2444.43
2313.38, 2444.85
2313.49, 2445.34
2313.57, 2445.76
2313.65, 2446.19
2313.73, 2446.61
2313.81, 2447.03
2313.9, 2447.45
2313.98, 2447.88
2314.06, 2448.3
2314.14, 2448.72
2314.22, 2449.14
2314.3, 2449.57
2314.39, 2449.99
2314.47, 2450.41
2314.55, 2450.83
2314.63, 2451.26
2314.71, 2451.68
2314.8, 2452.1
2314.88, 2452.52
2314.96, 2452.95
2315.04, 2453.37
2315.12, 2453.79
2315.2, 2454.21
2315.29, 2454.64
2315.37, 2455.06
2315.45, 2455.48
2315.53, 2455.9
2315.61, 2456.33
2315.7, 2456.75
2315.78, 2457.17
2315.86, 2457.59
2315.94, 2458.02
2316.02, 2458.44
2316.1, 2458.86
2316.19, 2459.29
2316.27, 2459.71
2316.35, 2460.13
2316.43, 2460.56
2316.51, 2460.98
2316.6, 2461.4
2316.68, 2461.82
2316.76, 2462.25
2316.84, 2462.67
2316.92, 2463.09
2317.01, 2463.52
2317.09, 2463.94
2317.17, 2464.36
2317.25, 2464.79
2317.33, 2465.21
2317.41, 2465.63
2317.5, 2466.05
2317.58, 2466.48
2317.66, 2466.9
2317.74, 2467.32
2317.82, 2467.75
2317.91, 2468.17
2317.99, 2468.59
2318.07, 2469.01

waypoints
x, y
2311.27, 2435.61
2311.36, 2436.03
2311.46, 2436.45
2311.55, 2436.87
2311.65, 2437.29
2311.75, 2437.71
2311.84, 2438.13
2311.94, 2438.55
2312.03, 2438.97
2312.13, 2439.39
2312.23, 2439.81
2312.32, 2440.23
2312.42, 2440.65
2312.52, 2441.07
2312.61, 2441.49
2312.71, 2441.91
2312.8, 2442.33
2312.9, 2442.75
2313, 2443.17
2313.09, 2443.59
2313.19, 2444.01
2313.28, 2444.43
2313.38, 2444.85
2313.49, 2445.34
2313.57, 2445.76
2313.65, 2446.19
2313.73, 2446.61
2313.81, 2447.03
2313.9, 2447.45
2313.98, 2447.88
2314.06, 2448.3
2314.14, 2448.72
2314.22, 2449.14
2314.3, 2449.57
2314.39, 2449.99
2314.47, 2450.41
2314.55, 2450.83
2314.63, 2451.26
2314.71, 2451.68
2314.8, 2452.1
2314.88, 2452.52
2314.96, 2452.95
2315.04, 2453.37
2315.12, 2453.79
2315.2, 2454.21
2315.29, 2454.64
2315.37, 2455.06
2315.45, 2455.48
2315.53, 2455.9
2315.61, 2456.33
2315.7, 2456.75
2315.78, 2457.17
2315.86, 2457.59
2315.94, 2458.02
2316.02, 2458.44
2316.1, 2458.86
2316.19, 2459.29
2316.27, 2459.71
2316.35, 2460.13
2316.43, 2460.56
2316.51, 2460.98
2316.6, 2461.4
2316.68, 2461.82
2316.76, 2462.25
2316.84, 2462.67
2316.92, 2463.09
2317.01, 2463.52
2317.09, 2463.94
2317.17, 2464.36
2317.25, 2464.79
2317.33, 2465.21
2317.41, 2465.63
2317.5, 2466.05
2317.58, 2466.48
2317.66, 2466.9
2317.74, 2467.32
2317.82, 2467.75
2317.91, 2468.17
2317.99, 2468.59
2318.07, 2469.01

waypoints
x, y
2311.65, 2437.29
2311.75, 2437.71
2311.84, 2438.13
2311.94, 2438.55
2312.03, 2438.97
2312.13, 2439.39
2312.23, 2439.81
2312.32, 2440.23
2312.42, 2440.65
2312.52, 2441.07
2312.61, 2441.49
2312.71, 2441.91
2312.8, 2442.33
2312.9, 2442.75
2313, 2443.17
2313.09, 2443.59
2313.19, 2444.01
2313.28, 2444.43
2313.38, 2444.85
2313.49, 2445.34
2313.57, 2445.76
2313.65, 2446.19
2313.73, 2446.61
2313.81, 2447.03
2313.9, 2447.45
2313.98, 2447.88
2314.06, 2448.3
2314.14, 2448.72
2314.22, 2449.14
2314.3, 2449.57
2314.39, 2449.99
2314.47, 2450.41
2314.55, 2450.83
2314.63, 2451.26
2314.71, 2451.68
2314.8, 2452.1
2314.88, 2452.52
2314.96, 2452.95
2315.04, 2453.37
2315.12, 2453.79
2315.2, 2454.21
2315.29, 2454.64
2315.37, 2455.06
2315.45, 2455.48
2315.53, 2455.9
2315.61, 2456.33
2315.7, 2456.75
2315.78, 2457.17
2315.86, 2457.59
2315.94, 2458.02
2316.02, 2458.44
2316.1, 2458.86
2316.19, 2459.29
2316.27, 2459.71
2316.35, 2460.13
2316.43, 2460.56
2316.51, 2460.98
2316.6, 2461.4
2316.68, 2461.82
2316.76, 2462.25
2316.84, 2462.67
2316.92, 2463.09
2317.01, 2463.52
2317.09, 2463.94
2317.17, 2464.36
2317.25, 2464.79
2317.33, 2465.21
2317.41, 2465.63
2317.5, 2466.05
2317.58, 2466.48
2317.66, 2466.9
2317.74, 2467.32
2317.82, 2467.75
2317.91, 2468.17
2317.99, 2468.59
2318.07, 2469.01

waypoints
x, y
2312.03, 2438.97
2312.13, 2439.39
2312.23, 2439.81
2312.32, 2440.23
2312.42, 2440.65
2312.52, 2441.07
2312.61, 2441.49
2312.71, 2441.91
2312.8, 2442.33
2312.9, 2442.75
2313, 2443.17
2313.09, 2443.59
2313.19, 2444.01
2313.28, 2444.43
2313.38, 2444.85
2313.49, 2445.34
2313.57, 2445.76
2313.65, 2446.19
2313.73, 2446.61
2313.81, 2447.03
2313.9, 2447.45
2313.98, 2447.88
2314.06, 2448.3
2314.14, 2448.72
2314.22, 2449.14
2314.3, 2449.57
2314.39, 2449.99
2314.47, 2450.41
2314.55, 2450.83
2314.63, 2451.26
2314.71, 2451.68
2314.8, 2452.1
2314.88, 2452.52
2314.96, 2452.95
2315.04, 2453.37
2315.12, 2453.79
2315.2, 2454.21
2315.29, 2454.64
2315.37, 2455.06
2315.45, 2455.48
2315.53, 2455.9
2315.61, 2456.33
2315.7, 2456.75
2315.78, 2457.17
2315.86, 2457.59
2315.94, 2458.02
2316.02, 2458.44
2316.1, 2458.86
2316.19, 2459.29
2316.27, 2459.71
2316.35, 2460.13
2316.43, 2460.56
2316.51, 2460.98
2316.6, 2461.4
2316.68, 2461.82
2316.76, 2462.25
2316.84, 2462.67
2316.92, 2463.09
2317.01, 2463.52
2317.09, 2463.94
2317.17, 2464.36
2317.25, 2464.79
2317.33, 2465.21
2317.41, 2465.63
2317.5, 2466.05
2317.58, 2466.48
2317.66, 2466.9
2317.74, 2467.32
2317.82, 2467.75
2317.91, 2468.17
2317.99, 2468.59
2318.07, 2469.01

waypoints
x, y
2312.32, 2440.23
2312.42, 2440.65
2312.52, 2441.07
2312.61, 2441.49
2312.71, 2441.91
2312.8, 2442.33
2312.9, 2442.75
2313, 2443.17
2313.09, 2443.59
2313.19, 2444.01
2313.28, 2444.43
2313.38, 2444.85
2313.49, 2445.34
2313.57, 2445.76
2313.65, 2446.19
2313.73, 2446.61
2313.81, 2447.03
2313.9, 2447.45
2313.98, 2447.88
2314.06, 2448.3
2314.14, 2448.72
2314.22, 2449.14
2314.3, 2449.57
2314.39, 2449.99
2314.47, 2450.41
2314.55, 2450.83
2314.63, 2451.26
2314.71, 2451.68
2314.8, 2452.1
2314.88, 2452.52
2314.96, 2452.95
2315.04, 2453.37
2315.12, 2453.79
2315.2, 2454.21
2315.29, 2454.64
2315.37, 2455.06
2315.45, 2455.48
2315.53, 2455.9
2315.61, 2456.33
2315.7, 2456.75
2315.78, 2457.17
2315.86, 2457.59
2315.94, 2458.02
2316.02, 2458.44
2316.1, 2458.86
2316.19, 2459.29
2316.27, 2459.71
2316.35, 2460.13
2316.43, 2460.56
2316.51, 2460.98
2316.6, 2461.4
2316.68, 2461.82
2316.76, 2462.25
2316.84, 2462.67
2316.92, 2463.09
2317.01, 2463.52
2317.09, 2463.94
2317.17, 2464.36
2317.25, 2464.79
2317.33, 2465.21
2317.41, 2465.63
2317.5, 2466.05
2317.58, 2466.48
2317.66, 2466.9
2317.74, 2467.32
2317.82, 2467.75
2317.91, 2468.17
2317.99, 2468.59
2318.07, 2469.01

waypoints
x, y
2312.71, 2441.91
2312.8, 2442.33
2312.9, 2442.75
2313, 2443.17
2313.09, 2443.59
2313.19, 2444.01
2313.28, 2444.43
2313.38, 2444.85
2313.49, 2445.34
2313.57, 2445.76
2313.65, 2446.19
2313.73, 2446.61
2313.81, 2447.03
2313.9, 2447.45
2313.98, 2447.88
2314.06, 2448.3
2314.14, 2448.72
2314.22, 2449.14
2314.3, 2449.57
2314.39, 2449.99
2314.47, 2450.41
2314.55, 2450.83
2314.63, 2451.26
2314.71, 2451.68
2314.8, 2452.1
2314.88, 2452.52
2314.96, 2452.95
2315.04, 2453.37
2315.12, 2453.79
2315.2, 2454.21
2315.29, 2454.64
2315.37, 2455.06
2315.45, 2455.48
2315.53, 2455.9
2315.61, 2456.33
2315.7, 2456.75
2315.78, 2457.17
2315.86, 2457.59
2315.94, 2458.02
2316.02, 2458.44
2316.1, 2458.86
2316.19, 2459.29
2316.27, 2459.71
2316.35, 2460.13
2316.43, 2460.56
2316.51, 2460.98
2316.6, 2461.4
2316.68, 2461.82
2316.76, 2462.25
2316.84, 2462.67
2316.92, 2463.09
2317.01, 2463.52
2317.09, 2463.94
2317.17, 2464.36
2317.25, 2464.79
2317.33, 2465.21
2317.41, 2465.63
2317.5, 2466.05
2317.58, 2466.48
2317.66, 2466.9
2317.74, 2467.32
2317.82, 2467.75
2317.91, 2468.17
2317.99, 2468.59
2318.07, 2469.01

waypoints
x, y
2313.09, 2443.59
2313.19, 2444.01
2313.28, 2444.43
2313.38, 2444.85
2313.49, 2445.34
2313.57, 2445.76
2313.65, 2446.19
2313.73, 2446.61
2313.81, 2447.03
2313.9, 2447.45
2313.98, 2447.88
2314.06, 2448.3
2314.14, 2448.72
2314.22, 2449.14
2314.3, 2449.57
2314.39, 2449.99
2314.47, 2450.41
2314.55, 2450.83
2314.63, 2451.26
2314.71, 2451.68
2314.8, 2452.1
2314.88, 2452.52
2314.96, 2452.95
2315.04, 2453.37
2315.12, 2453.79
2315.2, 2454.21
2315.29, 2454.64
2315.37, 2455.06
2315.45, 2455.48
2315.53, 2455.9
2315.61, 2456.33
2315.7, 2456.75
2315.78, 2457.17
2315.86, 2457.59
2315.94, 2458.02
2316.02, 2458.44
2316.1, 2458.86
2316.19, 2459.29
2316.27, 2459.71
2316.35, 2460.13
2316.43, 2460.56
2316.51, 2460.98
2316.6, 2461.4
2316.68, 2461.82
2316.76, 2462.25
2316.84, 2462.67
2316.92, 2463.09
2317.01, 2463.52
2317.09, 2463.94
2317.17, 2464.36
2317.25, 2464.79
2317.33, 2465.21
2317.41, 2465.63
2317.5, 2466.05
2317.58, 2466.48
2317.66, 2466.9
2317.74, 2467.32
2317.82, 2467.75
2317.91, 2468.17
2317.99, 2468.59
2318.07, 2469.01

waypoints
x, y
2313.38, 2444.85
2313.49, 2445.34
2313.57, 2445.76
2313.65, 2446.19
2313.73, 2446.61
2313.81, 2447.03
2313.9, 2447.45
2313.98, 2447.88
2314.06, 2448.3
2314.14, 2448.72
2314.22, 2449.14
2314.3, 2449.57
2314.39, 2449.99
2314.47, 2450.41
2314.55, 2450.83
2314.63, 2451.26
2314.71, 2451.68
2314.8, 2452.1
2314.88, 2452.52
2314.96, 2452.95
2315.04, 2453.37
2315.12, 2453.79
2315.2, 2454.21
2315.29, 2454.64
2315.37, 2455.06
2315.45, 2455.48
2315.53, 2455.9
2315.61, 2456.33
2315.7, 2456.75
2315.78, 2457.17
2315.86, 2457.59
2315.94, 2458.02
2316.02, 2458.44
2316.1, 2458.86
2316.19, 2459.29
2316.27, 2459.71
2316.35, 2460.13
2316.43, 2460.56
2316.51, 2460.98
2316.6, 2461.4
2316.68, 2461.82
2316.76, 2462.25
2316.84, 2462.67
2316.92, 2463.09
2317.01, 2463.52
2317.09, 2463.94
2317.17, 2464.36
2317.25, 2464.79
2317.33, 2465.21
2317.41, 2465.63
2317.5, 2466.05
2317.58, 2466.48
2317.66, 2466.9
2317.74, 2467.32
2317.82, 2467.75
2317.91, 2468.17
2317.99, 2468.59
2318.07, 2469.01

waypoints
x, y
2313.73, 2446.61
2313.81, 2447.03
2313.9, 2447.45
2313.98, 2447.88
2314.06, 2448.3
2314.14, 2448.72
2314.22, 2449.14
2314.3, 2449.57
2314.39, 2449.99
2314.47, 2450.41
2314.55, 2450.83
2314.63, 2451.26
2314.71, 2451.68
2314.8, 2452.1
2314.88, 2452.52
2314.96, 2452.95
2315.04, 2453.37
2315.12, 2453.79
2315.2, 2454.21
2315.29, 2454.64
2315.37, 2455.06
2315.45, 2455.48
2315.53, 2455.9
2315.61, 2456.33
2315.7, 2456.75
2315.78, 2457.17
2315.86, 2457.59
2315.94, 2458.02
2316.02, 2458.44
2316.1, 2458.86
2316.19, 2459.29
2316.27, 2459.71
2316.35, 2460.13
2316.43, 2460.56
2316.51, 2460.98
2316.6, 2461.4
2316.68, 2461.82
2316.76, 2462.25
2316.84, 2462.67
2316.92, 2463.09
2317.01, 2463.52
2317.09, 2463.94
2317.17, 2464.36
2317.25, 2464.79
2317.33, 2465.21
2317.41, 2465.63
2317.5, 2466.05
2317.58, 2466.48
2317.66, 2466.9
2317.74, 2467.32
2317.82, 2467.75
2317.91, 2468.17
2317.99, 2468.59
2318.07, 2469.01

waypoints
x, y
2314.06, 2448.3
2314.14, 2448.72
2314.22, 2449.14
2314.3, 2449.57
2314.39, 2449.99
2314.47, 2450.41
2314.55, 2450.83
2314.63, 2451.26
2314.71, 2451.68
2314.8, 2452.1
2314.88, 2452.52
2314.96, 2452.95
2315.04, 2453.37
2315.12, 2453.79
2315.2, 2454.21
2315.29, 2454.64
2315.37, 2455.06
2315.45, 2455.48
2315.53, 2455.9
2315.61, 2456.33
2315.7, 2456.75
2315.78, 2457.17
2315.86, 2457.59
2315.94, 2458.02
2316.02, 2458.44
2316.1, 2458.86
2316.19, 2459.29
2316.27, 2459.71
2316.35, 2460.13
2316.43, 2460.56
2316.51, 2460.98
2316.6, 2461.4
2316.68, 2461.82
2316.76, 2462.25
2316.84, 2462.67
2316.92, 2463.09
2317.01, 2463.52
2317.09, 2463.94
2317.17, 2464.36
2317.25, 2464.79
2317.33, 2465.21
2317.41, 2465.63
2317.5, 2466.05
2317.58, 2466.48
2317.66, 2466.9
2317.74, 2467.32
2317.82, 2467.75
2317.91, 2468.17
2317.99, 2468.59
2318.07, 2469.01

waypoints
x, y
2314.39, 2449.99
2314.47, 2450.41
2314.55, 2450.83
2314.63, 2451.26
2314.71, 2451.68
2314.8, 2452.1
2314.88, 2452.52
2314.96, 2452.95
2315.04, 2453.37
2315.12, 2453.79
2315.2, 2454.21
2315.29, 2454.64
2315.37, 2455.06
2315.45, 2455.48
2315.53, 2455.9
2315.61, 2456.33
2315.7, 2456.75
2315.78, 2457.17
2315.86, 2457.59
2315.94, 2458.02
2316.02, 2458.44
2316.1, 2458.86
2316.19, 2459.29
2316.27, 2459.71
2316.35, 2460.13
2316.43, 2460.56
2316.51, 2460.98
2316.6, 2461.4
2316.68, 2461.82
2316.76, 2462.25
2316.84, 2462.67
2316.92, 2463.09
2317.01, 2463.52
2317.09, 2463.94
2317.17, 2464.36
2317.25, 2464.79
2317.33, 2465.21
2317.41, 2465.63
2317.5, 2466.05
2317.58, 2466.48
2317.66, 2466.9
2317.74, 2467.32
2317.82, 2467.75
2317.91, 2468.17
2317.99, 2468.59
2318.07, 2469.01
2318.15, 2469.44
2318.23, 2469.86
2318.32, 2470.31
2318.39, 2470.73
2318.47, 2471.15
2318.54, 2471.58
2318.62, 2472
2318.7, 2472.42
2318.77, 2472.85
2318.85, 2473.27
2318.92, 2473.69
2319, 2474.12
2319.07, 2474.54
2319.15, 2474.96
2319.23, 2475.39
2319.3, 2475.81
2319.38, 2476.23
2319.45, 2476.66
2319.53, 2477.08
2319.61, 2477.51
2319.68, 2477.93
2319.76, 2478.35
2319.84, 2478.78
2319.91, 2479.2
2319.99, 2479.63
2320.06, 2480.05
2320.14, 2480.48
2320.22, 2480.9
2320.29, 2481.32
2320.37, 2481.75
2320.44, 2482.17
2320.52, 2482.6
2320.6, 2483.02
2320.67, 2483.44
2320.75, 2483.87
2320.82, 2484.29
2320.9, 2484.72
2320.98, 2485.14
2321.05, 2485.57
2321.13, 2485.99
2321.2, 2486.41
2321.28, 2486.84
2321.36, 2487.26
2321.43, 2487.69
2321.51, 2488.11
2321.58, 2488.53
2321.66, 2488.96
2321.74, 2489.38
2321.81, 2489.8

waypoints
x, y
2314.71, 2451.68
2314.8, 2452.1
2314.88, 2452.52
2314.96, 2452.95
2315.04, 2453.37
2315.12, 2453.79
2315.2, 2454.21
2315.29, 2454.64
2315.37, 2455.06
2315.45, 2455.48
2315.53, 2455.9
2315.61, 2456.33
2315.7, 2456.75
2315.78, 2457.17
2315.86, 2457.59
2315.94, 2458.02
2316.02, 2458.44
2316.1, 2458.86
2316.19, 2459.29
2316.27, 2459.71
2316.35, 2460.13
2316.43, 2460.56
2316.51, 2460.98
2316.6, 2461.4
2316.68, 2461.82
2316.76, 2462.25
2316.84, 2462.67
2316.92, 2463.09
2317.01, 2463.52
2317.09, 2463.94
2317.17, 2464.36
2317.25, 2464.79
2317.33, 2465.21
2317.41, 2465.63
2317.5, 2466.05
2317.58, 2466.48
2317.66, 2466.9
2317.74, 2467.32
2317.82, 2467.75
2317.91, 2468.17
2317.99, 2468.59
2318.07, 2469.01
2318.15, 2469.44
2318.23, 2469.86
2318.32, 2470.31
2318.39, 2470.73
2318.47, 2471.15
2318.54, 2471.58
2318.62, 2472
2318.7, 2472.42
2318.77, 2472.85
2318.85, 2473.27
2318.92, 2473.69
2319, 2474.12
2319.07, 2474.54
2319.15, 2474.96
2319.23, 2475.39
2319.3, 2475.81
2319.38, 2476.24
2319.45, 2476.66
2319.53, 2477.08
2319.61, 2477.51
2319.68, 2477.93
2319.76, 2478.36
2319.84, 2478.78
2319.91, 2479.2
2319.99, 2479.63
2320.06, 2480.05
2320.14, 2480.48
2320.22, 2480.9
2320.29, 2481.32
2320.37, 2481.75
2320.44, 2482.17
2320.52, 2482.6
2320.6, 2483.02
2320.67, 2483.45
2320.75, 2483.87
2320.82, 2484.29
2320.9, 2484.72
2320.98, 2485.14
2321.05, 2485.57
2321.13, 2485.99
2321.2, 2486.41
2321.28, 2486.84
2321.36, 2487.26
2321.43, 2487.69
2321.51, 2488.11
2321.59, 2488.53
2321.66, 2488.96
2321.74, 2489.38
2321.81, 2489.8

waypoints
x, y
2315.04, 2453.37
2315.12, 2453.79
2315.2, 2454.21
2315.29, 2454.64
2315.37, 2455.06
2315.45, 2455.48
2315.53, 2455.9
2315.61, 2456.33
2315.7, 2456.75
2315.78, 2457.17
2315.86, 2457.59
2315.94, 2458.02
2316.02, 2458.44
2316.1, 2458.86
2316.19, 2459.29
2316.27, 2459.71
2316.35, 2460.13
2316.43, 2460.56
2316.51, 2460.98
2316.6, 2461.4
2316.68, 2461.82
2316.76, 2462.25
2316.84, 2462.67
2316.92, 2463.09
2317.01, 2463.52
2317.09, 2463.94
2317.17, 2464.36
2317.25, 2464.79
2317.33, 2465.21
2317.41, 2465.63
2317.5, 2466.05
2317.58, 2466.48
2317.66, 2466.9
2317.74, 2467.32
2317.82, 2467.75
2317.91, 2468.17
2317.99, 2468.59
2318.07, 2469.01
2318.15, 2469.44
2318.23, 2469.86
2318.32, 2470.31
2318.39, 2470.73
2318.47, 2471.15
2318.54, 2471.58
2318.62, 2472
2318.7, 2472.42
2318.77, 2472.85
2318.85, 2473.27
2318.92, 2473.69
2319, 2474.12
2319.07, 2474.54
2319.15, 2474.96
2319.23, 2475.39
2319.3, 2475.81
2319.38, 2476.24
2319.45, 2476.66
2319.53, 2477.08
2319.61, 2477.51
2319.68, 2477.93
2319.76, 2478.36
2319.84, 2478.78
2319.91, 2479.2
2319.99, 2479.63
2320.06, 2480.05
2320.14, 2480.48
2320.22, 2480.9
2320.29, 2481.32
2320.37, 2481.75
2320.44, 2482.17
2320.52, 2482.6
2320.6, 2483.02
2320.67, 2483.45
2320.75, 2483.87
2320.82, 2484.29
2320.9, 2484.72
2320.98, 2485.14
2321.05, 2485.57
2321.13, 2485.99
2321.2, 2486.41
2321.28, 2486.84
2321.36, 2487.26
2321.43, 2487.69
2321.51, 2488.11
2321.59, 2488.53
2321.66, 2488.96
2321.74, 2489.38
2321.81, 2489.8

waypoints
x, y
2315.37, 2455.06
2315.45, 2455.48
2315.53, 2455.9
2315.61, 2456.33
2315.7, 2456.75
2315.78, 2457.17
2315.86, 2457.59
2315.94, 2458.02
2316.02, 2458.44
2316.1, 2458.86
2316.19, 2459.29
2316.27, 2459.71
2316.35, 2460.13
2316.43, 2460.56
2316.51, 2460.98
2316.6, 2461.4
2316.68, 2461.82
2316.76, 2462.25
2316.84, 2462.67
2316.92, 2463.09
2317.01, 2463.52
2317.09, 2463.94
2317.17, 2464.36
2317.25, 2464.79
2317.33, 2465.21
2317.41, 2465.63
2317.5, 2466.05
2317.58, 2466.48
2317.66, 2466.9
2317.74, 2467.32
2317.82, 2467.75
2317.91, 2468.17
2317.99, 2468.59
2318.07, 2469.01
2318.15, 2469.44
2318.23, 2469.86
2318.32, 2470.31
2318.39, 2470.73
2318.47, 2471.15
2318.54, 2471.58
2318.62, 2472
2318.7, 2472.42
2318.77, 2472.85
2318.85, 2473.27
2318.92, 2473.69
2319, 2474.12
2319.07, 2474.54
2319.15, 2474.96
2319.23, 2475.39
2319.3, 2475.81
2319.38, 2476.24
2319.45, 2476.66
2319.53, 2477.08
2319.61, 2477.51
2319.68, 2477.93
2319.76, 2478.36
2319.84, 2478.78
2319.91, 2479.2
2319.99, 2479.63
2320.06, 2480.05
2320.14, 2480.48
2320.22, 2480.9
2320.29, 2481.32
2320.37, 2481.75
2320.44, 2482.17
2320.52, 2482.6
2320.6, 2483.02
2320.67, 2483.45
2320.75, 2483.87
2320.82, 2484.29
2320.9, 2484.72
2320.98, 2485.14
2321.05, 2485.57
2321.13, 2485.99
2321.2, 2486.41
2321.28, 2486.84
2321.36, 2487.26
2321.43, 2487.69
2321.51, 2488.11
2321.59, 2488.53
2321.66, 2488.96
2321.74, 2489.38
2321.81, 2489.8

waypoints
x, y
2315.7, 2456.75
2315.78, 2457.17
2315.86, 2457.59
2315.94, 2458.02
2316.02, 2458.44
2316.1, 2458.86
2316.19, 2459.29
2316.27, 2459.71
2316.35, 2460.13
2316.43, 2460.56
2316.51, 2460.98
2316.6, 2461.4
2316.68, 2461.82
2316.76, 2462.25
2316.84, 2462.67
2316.92, 2463.09
2317.01, 2463.52
2317.09, 2463.94
2317.17, 2464.36
2317.25, 2464.79
2317.33, 2465.21
2317.41, 2465.63
2317.5, 2466.05
2317.58, 2466.48
2317.66, 2466.9
2317.74, 2467.32
2317.82, 2467.75
2317.91, 2468.17
2317.99, 2468.59
2318.07, 2469.01
2318.15, 2469.44
2318.23, 2469.86
2318.32, 2470.31
2318.39, 2470.73
2318.47, 2471.15
2318.54, 2471.58
2318.62, 2472
2318.7, 2472.42
2318.77, 2472.85
2318.85, 2473.27
2318.92, 2473.69
2319, 2474.12
2319.07, 2474.54
2319.15, 2474.96
2319.23, 2475.39
2319.3, 2475.81
2319.38, 2476.24
2319.45, 2476.66
2319.53, 2477.08
2319.61, 2477.51
2319.68, 2477.93
2319.76, 2478.36
2319.84, 2478.78
2319.91, 2479.2
2319.99, 2479.63
2320.06, 2480.05
2320.14, 2480.48
2320.22, 2480.9
2320.29, 2481.32
2320.37, 2481.75
2320.44, 2482.17
2320.52, 2482.6
2320.6, 2483.02
2320.67, 2483.45
2320.75, 2483.87
2320.82, 2484.29
2320.9, 2484.72
2320.98, 2485.14
2321.05, 2485.57
2321.13, 2485.99
2321.2, 2486.41
2321.28, 2486.84
2321.36, 2487.26
2321.43, 2487.69
2321.51, 2488.11
2321.59, 2488.53
2321.66, 2488.96
2321.74, 2489.38
2321.81, 2489.8

waypoints
x, y
2316.02, 2458.44
2316.1, 2458.86
2316.19, 2459.29
2316.27, 2459.71
2316.35, 2460.13
2316.43, 2460.56
2316.51, 2460.98
2316.6, 2461.4
2316.68, 2461.82
2316.76, 2462.25
2316.84, 2462.67
2316.92, 2463.09
2317.01, 2463.52
2317.09, 2463.94
2317.17, 2464.36
2317.25, 2464.79
2317.33, 2465.21
2317.41, 2465.63
2317.5, 2466.05
2317.58, 2466.48
2317.66, 2466.9
2317.74, 2467.32
2317.82, 2467.75
2317.91, 2468.17
2317.99, 2468.59
2318.07, 2469.01
2318.15, 2469.44
2318.23, 2469.86
2318.32, 2470.31
2318.39, 2470.73
2318.47, 2471.15
2318.54, 2471.58
2318.62, 2472
2318.7, 2472.42
2318.77, 2472.85
2318.85, 2473.27
2318.92, 2473.69
2319, 2474.12
2319.07, 2474.54
2319.15, 2474.96
2319.23, 2475.39
2319.3, 2475.81
2319.38, 2476.24
2319.45, 2476.66
2319.53, 2477.08
2319.61, 2477.51
2319.68, 2477.93
2319.76, 2478.36
2319.84, 2478.78
2319.91, 2479.2
2319.99, 2479.63
2320.06, 2480.05
2320.14, 2480.48
2320.22, 2480.9
2320.29, 2481.32
2320.37, 2481.75
2320.44, 2482.17
2320.52, 2482.6
2320.6, 2483.02
2320.67, 2483.45
2320.75, 2483.87
2320.82, 2484.29
2320.9, 2484.72
2320.98, 2485.14
2321.05, 2485.57
2321.13, 2485.99
2321.2, 2486.41
2321.28, 2486.84
2321.36, 2487.26
2321.43, 2487.69
2321.51, 2488.11
2321.59, 2488.53
2321.66, 2488.96
2321.74, 2489.38
2321.81, 2489.8

waypoints
x, y
2316.35, 2460.13
2316.43, 2460.56
2316.51, 2460.98
2316.6, 2461.4
2316.68, 2461.82
2316.76, 2462.25
2316.84, 2462.67
2316.92, 2463.09
2317.01, 2463.52
2317.09, 2463.94
2317.17, 2464.36
2317.25, 2464.79
2317.33, 2465.21
2317.41, 2465.63
2317.5, 2466.05
2317.58, 2466.48
2317.66, 2466.9
2317.74, 2467.32
2317.82, 2467.75
2317.91, 2468.17
2317.99, 2468.59
2318.07, 2469.01
2318.15, 2469.44
2318.23, 2469.86
2318.32, 2470.31
2318.39, 2470.73
2318.47, 2471.15
2318.54, 2471.58
2318.62, 2472
2318.7, 2472.42
2318.77, 2472.85
2318.85, 2473.27
2318.92, 2473.69
2319, 2474.12
2319.07, 2474.54
2319.15, 2474.96
2319.23, 2475.39
2319.3, 2475.81
2319.38, 2476.24
2319.45, 2476.66
2319.53, 2477.08
2319.61, 2477.51
2319.68, 2477.93
2319.76, 2478.36
2319.84, 2478.78
2319.91, 2479.2
2319.99, 2479.63
2320.06, 2480.05
2320.14, 2480.48
2320.22, 2480.9
2320.29, 2481.32
2320.37, 2481.75
2320.44, 2482.17
2320.52, 2482.6
2320.6, 2483.02
2320.67, 2483.45
2320.75, 2483.87
2320.82, 2484.29
2320.9, 2484.72
2320.98, 2485.14
2321.05, 2485.57
2321.13, 2485.99
2321.2, 2486.41
2321.28, 2486.84
2321.36, 2487.26
2321.43, 2487.69
2321.51, 2488.11
2321.59, 2488.53
2321.66, 2488.96
2321.74, 2489.38
2321.81, 2489.8

waypoints
x, y
2316.6, 2461.4
2316.68, 2461.82
2316.76, 2462.25
2316.84, 2462.67
2316.92, 2463.09
2317.01, 2463.52
2317.09, 2463.94
2317.17, 2464.36
2317.25, 2464.79
2317.33, 2465.21
2317.41, 2465.63
2317.5, 2466.05
2317.58, 2466.48
2317.66, 2466.9
2317.74, 2467.32
2317.82, 2467.75
2317.91, 2468.17
2317.99, 2468.59
2318.07, 2469.01
2318.15, 2469.44
2318.23, 2469.86
2318.32, 2470.31
2318.39, 2470.73
2318.47, 2471.15
2318.54, 2471.58
2318.62, 2472
2318.7, 2472.42
2318.77, 2472.85
2318.85, 2473.27
2318.92, 2473.69
2319, 2474.12
2319.07, 2474.54
2319.15, 2474.96
2319.23, 2475.39
2319.3, 2475.81
2319.38, 2476.24
2319.45, 2476.66
2319.53, 2477.08
2319.61, 2477.51
2319.68, 2477.93
2319.76, 2478.36
2319.84, 2478.78
2319.91, 2479.2
2319.99, 2479.63
2320.06, 2480.05
2320.14, 2480.48
2320.22, 2480.9
2320.29, 2481.32
2320.37, 2481.75
2320.44, 2482.17
2320.52, 2482.6
2320.6, 2483.02
2320.67, 2483.45
2320.75, 2483.87
2320.82, 2484.29
2320.9, 2484.72
2320.98, 2485.14
2321.05, 2485.57
2321.13, 2485.99
2321.2, 2486.41
2321.28, 2486.84
2321.36, 2487.26
2321.43, 2487.69
2321.51, 2488.11
2321.59, 2488.53
2321.66, 2488.96
2321.74, 2489.38
2321.81, 2489.8

waypoints
x, y
2316.92, 2463.09
2317.01, 2463.52
2317.09, 2463.94
2317.17, 2464.36
2317.25, 2464.79
2317.33, 2465.21
2317.41, 2465.63
2317.5, 2466.05
2317.58, 2466.48
2317.66, 2466.9
2317.74, 2467.32
2317.82, 2467.75
2317.91, 2468.17
2317.99, 2468.59
2318.07, 2469.01
2318.15, 2469.44
2318.23, 2469.86
2318.32, 2470.31
2318.39, 2470.73
2318.47, 2471.15
2318.54, 2471.58
2318.62, 2472
2318.7, 2472.42
2318.77, 2472.85
2318.85, 2473.27
2318.92, 2473.69
2319, 2474.12
2319.07, 2474.54
2319.15, 2474.96
2319.23, 2475.39
2319.3, 2475.81
2319.38, 2476.24
2319.45, 2476.66
2319.53, 2477.08
2319.61, 2477.51
2319.68, 2477.93
2319.76, 2478.36
2319.84, 2478.78
2319.91, 2479.2
2319.99, 2479.63
2320.06, 2480.05
2320.14, 2480.48
2320.22, 2480.9
2320.29, 2481.32
2320.37, 2481.75
2320.44, 2482.17
2320.52, 2482.6
2320.6, 2483.02
2320.67, 2483.45
2320.75, 2483.87
2320.82, 2484.29
2320.9, 2484.72
2320.98, 2485.14
2321.05, 2485.57
2321.13, 2485.99
2321.2, 2486.41
2321.28, 2486.84
2321.36, 2487.26
2321.43, 2487.69
2321.51, 2488.11
2321.59, 2488.53
2321.66, 2488.96
2321.74, 2489.38
2321.81, 2489.8

waypoints
x, y
2317.25, 2464.79
2317.33, 2465.21
2317.41, 2465.63
2317.5, 2466.05
2317.58, 2466.48
2317.66, 2466.9
2317.74, 2467.32
2317.82, 2467.75
2317.91, 2468.17
2317.99, 2468.59
2318.07, 2469.01
2318.15, 2469.44
2318.23, 2469.86
2318.32, 2470.31
2318.39, 2470.73
2318.47, 2471.15
2318.54, 2471.58
2318.62, 2472
2318.7, 2472.42
2318.77, 2472.85
2318.85, 2473.27
2318.92, 2473.69
2319, 2474.12
2319.07, 2474.54
2319.15, 2474.96
2319.23, 2475.39
2319.3, 2475.81
2319.38, 2476.24
2319.45, 2476.66
2319.53, 2477.08
2319.61, 2477.51
2319.68, 2477.93
2319.76, 2478.36
2319.84, 2478.78
2319.91, 2479.2
2319.99, 2479.63
2320.06, 2480.05
2320.14, 2480.48
2320.22, 2480.9
2320.29, 2481.32
2320.37, 2481.75
2320.44, 2482.17
2320.52, 2482.6
2320.6, 2483.02
2320.67, 2483.45
2320.75, 2483.87
2320.82, 2484.29
2320.9, 2484.72
2320.98, 2485.14
2321.05, 2485.57
2321.13, 2485.99
2321.2, 2486.41
2321.28, 2486.84
2321.36, 2487.26
2321.43, 2487.69
2321.51, 2488.11
2321.59, 2488.53
2321.66, 2488.96
2321.74, 2489.38
2321.81, 2489.8

waypoints
x, y
2317.58, 2466.48
2317.66, 2466.9
2317.74, 2467.32
2317.82, 2467.75
2317.91, 2468.17
2317.99, 2468.59
2318.07, 2469.01
2318.15, 2469.44
2318.23, 2469.86
2318.32, 2470.31
2318.39, 2470.73
2318.47, 2471.15
2318.54, 2471.58
2318.62, 2472
2318.7, 2472.42
2318.77, 2472.85
2318.85, 2473.27
2318.92, 2473.69
2319, 2474.12
2319.07, 2474.54
2319.15, 2474.96
2319.23, 2475.39
2319.3, 2475.81
2319.38, 2476.24
2319.45, 2476.66
2319.53, 2477.08
2319.61, 2477.51
2319.68, 2477.93
2319.76, 2478.36
2319.84, 2478.78
2319.91, 2479.2
2319.99, 2479.63
2320.06, 2480.05
2320.14, 2480.48
2320.22, 2480.9
2320.29, 2481.32
2320.37, 2481.75
2320.44, 2482.17
2320.52, 2482.6
2320.6, 2483.02
2320.67, 2483.45
2320.75, 2483.87
2320.82, 2484.29
2320.9, 2484.72
2320.98, 2485.14
2321.05, 2485.57
2321.13, 2485.99
2321.2, 2486.41
2321.28, 2486.84
2321.36, 2487.26
2321.43, 2487.69
2321.51, 2488.11
2321.59, 2488.53
2321.66, 2488.96
2321.74, 2489.38
2321.81, 2489.8

waypoints
x, y
2317.91, 2468.17
2317.99, 2468.59
2318.07, 2469.01
2318.15, 2469.44
2318.23, 2469.86
2318.32, 2470.31
2318.39, 2470.73
2318.47, 2471.15
2318.54, 2471.58
2318.62, 2472
2318.7, 2472.42
2318.77, 2472.85
2318.85, 2473.27
2318.92, 2473.69
2319, 2474.12
2319.07, 2474.54
2319.15, 2474.96
2319.23, 2475.39
2319.3, 2475.81
2319.38, 2476.24
2319.45, 2476.66
2319.53, 2477.08
2319.61, 2477.51
2319.68, 2477.93
2319.76, 2478.36
2319.84, 2478.78
2319.91, 2479.2
2319.99, 2479.63
2320.06, 2480.05
2320.14, 2480.48
2320.22, 2480.9
2320.29, 2481.32
2320.37, 2481.75
2320.44, 2482.17
2320.52, 2482.6
2320.6, 2483.02
2320.67, 2483.45
2320.75, 2483.87
2320.82, 2484.29
2320.9, 2484.72
2320.98, 2485.14
2321.05, 2485.57
2321.13, 2485.99
2321.2, 2486.41
2321.28, 2486.84
2321.36, 2487.26
2321.43, 2487.69
2321.51, 2488.11
2321.59, 2488.53
2321.66, 2488.96
2321.74, 2489.38
2321.81, 2489.8

waypoints
x, y
2318.15, 2469.44
2318.23, 2469.86
2318.32, 2470.31
2318.39, 2470.73
2318.47, 2471.15
2318.54, 2471.58
2318.62, 2472
2318.7, 2472.42
2318.77, 2472.85
2318.85, 2473.27
2318.92, 2473.69
2319, 2474.12
2319.07, 2474.54
2319.15, 2474.96
2319.23, 2475.39
2319.3, 2475.81
2319.38, 2476.24
2319.45, 2476.66
2319.53, 2477.08
2319.61, 2477.51
2319.68, 2477.93
2319.76, 2478.36
2319.84, 2478.78
2319.91, 2479.2
2319.99, 2479.63
2320.06, 2480.05
2320.14, 2480.48
2320.22, 2480.9
2320.29, 2481.32
2320.37, 2481.75
2320.44, 2482.17
2320.52, 2482.6
2320.6, 2483.02
2320.67, 2483.45
2320.75, 2483.87
2320.82, 2484.29
2320.9, 2484.72
2320.98, 2485.14
2321.05, 2485.57
2321.13, 2485.99
2321.2, 2486.41
2321.28, 2486.84
2321.36, 2487.26
2321.43, 2487.69
2321.51, 2488.11
2321.59, 2488.53
2321.66, 2488.96
2321.74, 2489.38
2321.81, 2489.8
2321.89, 2490.23
2321.97, 2490.65
2322.04, 2491.08
2322.12, 2491.5
2322.19, 2491.92
2322.27, 2492.35
2322.35, 2492.77
2322.42, 2493.2
2322.5, 2493.62
2322.57, 2494.04
2322.65, 2494.47
2322.73, 2494.89
2322.8, 2495.32
2322.88, 2495.74
2322.95, 2496.16
2323.03, 2496.59
2323.11, 2497.01
2323.18, 2497.43
2323.26, 2497.86
2323.33, 2498.28
2323.41, 2498.71
2323.49, 2499.13
2323.56, 2499.55
2323.64, 2499.98
2323.71, 2500.4
2323.79, 2500.82
2323.87, 2501.25
2323.94, 2501.67
2324.02, 2502.1
2324.09, 2502.52
2324.17, 2502.94
2324.25, 2503.37
2324.32, 2503.79
2324.4, 2504.21
2324.47, 2504.64
2324.55, 2505.06
2324.63, 2505.48
2324.7, 2505.91
2324.78, 2506.33
2324.86, 2506.76
2324.93, 2507.18
2325.01, 2507.6
2325.08, 2508.03
2325.16, 2508.45
2325.24, 2508.87
2325.31, 2509.3
2325.39, 2509.72
2325.47, 2510.15
2325.54, 2510.57

waypoints
x, y
2318.47, 2471.15
2318.54, 2471.58
2318.62, 2472
2318.7, 2472.42
2318.77, 2472.85
2318.85, 2473.27
2318.92, 2473.69
2319, 2474.12
2319.07, 2474.54
2319.15, 2474.96
2319.23, 2475.39
2319.3, 2475.81
2319.38, 2476.24
2319.45, 2476.66
2319.53, 2477.08
2319.61, 2477.51
2319.68, 2477.93
2319.76, 2478.36
2319.84, 2478.78
2319.91, 2479.2
2319.99, 2479.63
2320.06, 2480.05
2320.14, 2480.48
2320.22, 2480.9
2320.29, 2481.32
2320.37, 2481.75
2320.44, 2482.17
2320.52, 2482.6
2320.6, 2483.02
2320.67, 2483.45
2320.75, 2483.87
2320.82, 2484.29
2320.9, 2484.72
2320.98, 2485.14
2321.05, 2485.57
2321.13, 2485.99
2321.2, 2486.41
2321.28, 2486.84
2321.36, 2487.26
2321.43, 2487.69
2321.51, 2488.11
2321.59, 2488.53
2321.66, 2488.96
2321.74, 2489.38
2321.81, 2489.8
2321.89, 2490.23
2321.97, 2490.65
2322.04, 2491.08
2322.12, 2491.5
2322.19, 2491.92
2322.27, 2492.35
2322.34, 2492.77
2322.42, 2493.2
2322.5, 2493.62
2322.57, 2494.04
2322.65, 2494.47
2322.73, 2494.89
2322.8, 2495.32
2322.88, 2495.74
2322.95, 2496.16
2323.03, 2496.59
2323.11, 2497.01
2323.18, 2497.43
2323.26, 2497.86
2323.33, 2498.28
2323.41, 2498.71
2323.49, 2499.13
2323.56, 2499.55
2323.64, 2499.98
2323.71, 2500.4
2323.79, 2500.82
2323.87, 2501.25
2323.94, 2501.67
2324.02, 2502.1
2324.09, 2502.52
2324.17, 2502.94
2324.25, 2503.37
2324.32, 2503.79
2324.4, 2504.21
2324.47, 2504.64
2324.55, 2505.06
2324.63, 2505.49
2324.7, 2505.91
2324.78, 2506.33
2324.86, 2506.76
2324.93, 2507.18
2325.01, 2507.6
2325.08, 2508.03
2325.16, 2508.45
2325.24, 2508.88
2325.31, 2509.3
2325.39, 2509.72
2325.47, 2510.15
2325.54, 2510.57

